,x,y,z
KP0613_LM_SB20,0.3703282009018665,0.1801565804012132,-1.6292008008694192
KP0614_LM_SB20,-1.0428269394987528,0.21211919882929306,-1.831002749263669
KP0615_AC_SB20,-0.3640795552710399,-0.4043227880022665,-2.0646144510198883
KP0616_LM_SB20,-1.362268060307844,0.6302762363890844,-1.6727934378472995
KP0617_LM_SB20,-0.7432044601903425,-0.5507799970294923,-2.179085273643025
KP0618_LM_SB20,-1.7862246880553387,0.6165553125379261,-0.9605122637815492
KP0619_AC_SB20,-0.9463864016261637,-0.4224829061713831,-2.042671528433583
KP0620_LM_SB20,-1.8918462940787402,0.8220510936321234,-1.024858613566774
KP0621_LM_SB20,-1.060348550891335,-0.1552914311328703,-1.9838658196897736
KP0622_AC_SB20_X,-2.1614482912593136,0.48194762561738497,-0.8859930958214958
KP0623_LM_SB20,-1.5812250517058117,-0.4585624294882235,-2.3030957959205165
KP0624_AC_SB20,-2.0001367146426103,0.9202485152030027,-0.6194583472165822
KP0625_AC_SB20_X,-1.675260198394014,-0.24746284590057172,-1.47042955628187
KP0626_AC_SB20,-2.0413329604305805,1.0307971899275996,-0.5192625317107504
KP0627_AC_SB20_X,-2.1994512647420046,0.2331324849464729,-1.051206762286902
KP0628_AC_SB20,-2.220938518466817,1.2163657631338058,-0.480905262935815
KP0629_LM_SB20,-2.648979557395072,0.4953303216195178,-0.8551607810844638
KP0630_AC_SB20,-2.340483517001332,0.8514958501297568,-0.6175603502387224
KP0631_LM_SB20,-2.954244223563509,0.3540494091088497,-1.3659056208119942
KP0632_AC_SB20,-2.1650420298106074,1.0567686766781796,-0.4193962775037991
KP0633_AC_SB20,6.618238913370402,1.3313682217923486,-0.4591013346022717
KP0634_LM_SB20_X,-3.0776618044922595,1.093373945052755,-0.7552203888430077
KP0635_AC_SB20,6.4443993109826465,0.8774211492929922,-0.9513976940723924
KP0636_AC_SB20,6.843889089541116,1.606566607300991,-0.0893851199785704
KP0637_LM_SB20,5.606276207496218,0.6027837605987194,-1.2712971310383596
KP0638_AC_SB20,6.5524376782802545,1.8637586240704331,-0.263631303660252
KP0639_LM_SB20,5.295471101984215,0.6291040095379941,-1.1510368967688
KP0640_AC_SB20,6.800376201165697,2.1716610002326795,-0.2808836477704574
KP0641_LM_SB20,5.181648555301299,0.46892190645868187,-1.378516395925439
KP0642_AC_SB20,6.276125636043646,1.8635625158397,-0.263235390777664
KP0643_AC_SB20,4.937887447648978,0.1448610364310984,-1.535964959019647
KP0644_AC_SB20,6.135639484031308,1.7841632921353838,-0.4952126462984323
KP0645_AC_SB20_X,3.482096540149055,0.24739431607710263,-0.9866063923089798
KP0646_AC_SB20,5.920161219408564,1.5229996078859596,-0.4575680739084447
KP0647_AC_SB20,3.0495026929053157,-0.33294909502096104,-1.3555707696379404
KP0648_AC_SB20,5.765371121906679,1.6233173584224347,-0.521697077136244
KP0649_AC_SB20,2.5980175500248803,0.23679837681952148,-1.3057483686565956
KP0650_LM_SB20,4.728856273849674,1.9306525034785043,-0.2001607385085934
KP0651_AC_SB20,2.469920446254953,0.014251787108774354,-1.3874755723438412
KP0652_AC_SB20,4.287194552951819,1.3688117922712364,-0.5311228169033126
KP0653_GR_X,5.364928963551781,0.1886731065348562,-1.6753589569312335
KP0654_AC_SB20,4.009263044965821,1.1237811515757716,-0.5970806559608053
KP0655_LM_SB20,2.320627514194122,-0.7446772526346905,-2.031201446533125
KP0656_AC_SB20,4.07442750221873,1.3747320767700075,-0.5111878206816303
KP0657_LM_SB20,11.208302300348983,2.107549508487906,-0.1275637912953324
KP0658_AC_SB20,3.9489921713859473,1.684469316404256,-0.5602584560012933
KP0659_LM_SB20,11.136139574630606,1.8009328452550435,-0.1971588613369122
KP0660_AC_SB20,4.237234480143225,1.791756741767228,-0.4165762045213498
KP0661_AC_SB20,10.483749156100856,1.422130718137048,-0.7115680997560965
KP0662_AC_SB20,3.120058093534897,1.4224018645403975,0.1239184277855886
KP0663_AC_SB20,10.184808375672135,1.5411512273693464,-0.3450305714225838
KP0664_LM_SB20,2.9626724653934375,0.8103071558909937,-1.136910111605996
KP0665_AC_SB20,9.71362691686682,1.6882334279643527,-0.1037966215044447
KP0666_LM_SB20,2.614185420015307,0.8436887290167904,-1.0470901753889548
KP0667_AC_SB20＿X,9.524625490562336,1.434638165827931,-0.2325421584018779
KP0668_AC_SB20,2.187613232334015,0.9135448039705774,-0.9229956362178056
KP0669_AC_SB20_X,9.443715795868052,1.5107109742873395,-0.1604225214378807
KP0670_LM_SB20,1.9852035482525017,0.9483859219256489,-1.0374968845658656
KP0671_AC_SB20_X,9.298811807812362,1.6535796667396991,-0.1436796354278093
KP0672_AC_SB20,2.0536924038301914,0.3513356484416427,-1.034691844803484
KP0673_AC_SB20_X,9.3507032449717,1.5591205120014917,-0.2482668250447084
KP0674_AC_SB20,1.876417326467856,0.43094670486369946,-0.99676754532682
KP0676_LM_SB20,10.850116703118491,2.9723633091392294,0.4089521224330164
KP0678_AC_SB20,10.633791826674333,2.4555844590722935,-0.0164157349945283
KP0679_AC_SB20,14.613378946271313,3.57986857043135,1.340353980799411
KP0680_LM_SB20,9.975530602673112,2.181656087754168,-0.1936766140742339
KP0681_AC_SB20,14.53185485603288,3.408815331080629,1.178169647780819
KP0682_LM_SB20,10.10365220933149,2.5393861380556433,0.1441156242271705
KP0683_AC_SB20,14.236468509572589,3.6730888433697038,1.1814100599645387
KP0684_LM_SB20,10.900500351133932,2.1059674754615596,-0.119351191176595
KP0685_AC_SB20,14.414659128296751,2.663992866797331,0.6192644336766832
KP0686_AC_SB20,8.091854703086954,2.697807679035736,0.4822779427781359
KP0687_AC_SB20,14.291968239155143,2.9248446054483663,0.6700014597953524
KP0688_AC_SB20,7.986144212850287,2.0033991844735137,0.1674734633960601
KP0689_AC_SB20,13.943561839716523,2.698823718834658,0.710233444909922
KP0690_AC_SB20,7.68835926502056,1.6445081767528564,-6.178563895590959e-05
KP0691_AC_SB20,13.769616886742494,2.681310617977051,0.7896684906430286
KP0692_AC_SB20,8.488934214241368,1.71220876956078,-0.0931606770303151
KP0693_AC_SB20,13.760653560575529,2.613301869861921,0.5057825581251373
KP0694_LM_SB20,8.990064136696645,1.3009450781564138,-1.119980077134528
KP0695_AC_SB20,13.68159782095821,2.8397763201722763,0.7419030250228253
KP0696_AC_SB20,8.587884026246321,1.3143647656128168,-0.3726435613837483
KP0697_AC_SB20,13.487226243409404,2.9033098593256845,0.6429299942153667
KP0698_AC_SB20,7.823379622291814,1.517732338473517,-0.2754983915444082
KP0699_AC_SB20,13.391967532106818,2.835923889312223,0.5608975177562209
KP0700_LM_SB20,7.773446520891238,1.4070479133723546,-0.6851396095128383
KP0702_AC_SB20,15.869719465817646,2.2280031190628176,0.532566593957755
KP0703_AC_SB20,13.022565432810252,3.1377777034597374,0.6421712057841531
KP0704_AC_SB20,15.40442811841683,2.435553313398702,0.4602620169102299
KP0705_AC_SB20_X,12.944784113689447,2.8513197733412707,0.5640482265616704
KP0706_LM_SB20,14.806652072015352,2.6602272455221256,0.3028041207154779
KP0707_LM_SB20,12.846139938213064,3.457933265496277,0.6369351796631323
KP0708_AC_SB20,14.95417399930258,2.3022493391635726,0.323021478991469
KP0709_AC_SB20,12.704979793490773,3.436655990639148,0.9094338346747176
KP0710_AC_SB20,14.59537834979007,2.472006985594965,0.2979206033324244
KP0711_AC_SB20,12.30740280172755,3.4185445608262994,1.1007407432565806
KP0712_AC_SB20,14.187570958934769,2.466228900356421,0.4523632271589277
KP0714_AC_SB20,13.825485885564037,1.887818584363104,-0.0619398080467907
KP0715_LM_SB20,12.213009469276118,2.3244979519477353,-0.2156133520605325
KP0716_LM_SB20,12.656814353355973,2.332439516401114,0.3020739544542595
KP0717_AC_SB20,21.44013904933217,2.656436557982327,1.5448443654708046
KP0718_LM_SB20,12.141418511879332,2.0709063830061427,-0.2882506241514628
KP0719_AC_SB20,20.76768256876782,2.599061899098351,1.4603282765883618
KP0720_AC_SB20,21.418768981782033,3.357998279307752,1.7977289795833489
KP0721_AC_SB20,20.86587244521941,2.871772898999661,1.618843724550173
KP0722_AC_SB20,20.654942145237438,3.0290952706409637,1.6054431765662422
KP0723_AC_SB20,20.330886774980474,2.79442468690976,1.1782728572332053
KP0724_AC_SB20,20.506755406974197,3.4764220131690293,1.5388353800764962
KP0725_LM_SB20,20.284758805513878,2.2477821199859287,0.5491092484439569
KP0726_AC_SB20,20.428297069916013,3.046603531171636,1.1972098020537838
KP0727_AC_SB20,19.916670836949034,2.2392188082246456,0.7176525832639138
KP0728_AC_SB20,20.08987453185605,3.5181144158557225,1.5616327498570588
KP0729_LM_SB20,17.886689627871853,2.326825833272657,0.2322967387060068
KP0730_AC_SB20,20.174657505182132,3.10520616203446,1.1695082132300672
KP0731_LM_SB20,17.59729419064148,2.308220561886483,-0.0582431855547034
KP0732_LM_SB20,19.834283304040213,3.315608749541361,1.2648469658695978
KP0733_LM_SB20,17.693630340095876,1.944482360824211,-0.08113579245731
KP0734_AC_SB20,19.409855756442266,3.2934472383729876,1.6531482293012605
KP0736_AC_SB20,18.80109081149535,3.4866073104663906,1.7807791517665232
KP0217_AC_SQ20,-14.87735740498077,-0.20726857663660334,-0.9718896644215764
KP0218_AC_SQ20,-17.048740886424653,-0.2820953134484184,-0.9101048160769276
KP0219_AC_SQ20,-17.461656961238333,-0.33668031412222504,-1.0346006698512036
KP0220_AC_SQ20,-17.508732471360418,-0.13072213172731711,-0.9937192913192368
KP0221_AC_SQ20,-17.53845433009737,-0.10783162063128733,-1.0212890036052789
KP0222_AC_SQ20,-17.74597442371417,-0.5805679872204657,-0.484160759262057
KP0224_AC_SQ20,-19.175440159008087,-1.2085228274029618,-0.873858936438821
KP0225_AC_SQ20,-19.204543547117034,-1.48973561924453,-0.7010973018147728
KP0226_AC_SQ20,-19.036439423048563,-1.3669420934179368,-0.7058803211216559
KP0227_AC_SQ20,-18.7958323668538,-1.3257919199899642,-0.4349987012535214
KP0228_AC_SQ20,-18.578202125820646,-1.0855484241653988,-0.3735565282735786
KP0229_AC_SQ20,-18.53016388051612,-1.0006464842250975,-0.5231454116161988
KP0230_AC_SQ20,-18.281132297182523,-1.0800688380820953,-0.432449179775952
KP0231_AC_SQ20,-17.74857000027403,-0.6422894375744465,-0.4159727562044574
KP0232_AC_SQ20,-17.739425454030105,-0.8108258276706538,-0.4279808946534889
KP0233_AC_SQ20,-17.671839286124595,-0.7433871477288594,-0.5393848759491697
KP0234_LM_SQ20,-16.54561999598475,-1.6037221095413012,-0.6442984750253768
KP0235_AC_SQ20,-15.622276452822762,-1.3744163906577596,-0.4160147613766229
KP0236_AC_SQ20,-15.49870245061642,-0.8864030700444816,-0.8383651933027689
KP0237_AC_SQ20,-8.83135157064876,-0.8865385967401631,-0.9689096199966464
KP0238_AC_SQ20,-8.841528268806645,-1.0146693417348873,-0.9347908122030132
KP0239_AC_SQ20,-8.840881558283334,-1.0940165262709518,-0.8878164036757862
KP0240_AC_SQ20,-8.933066826815242,-0.9087441525389742,-0.9807938827796197
KP0241_AC_SQ20,-10.430478970257203,-0.2972151203197791,-1.2734541552866223
KP0242_AC_SQ20,-11.144984286598566,-0.19560411876549913,-1.297084574570455
KP0243_AC_SQ20,-10.80458715145219,-1.5525164855419198,-1.3191050375751263
KP0223_AC_SQ20,-17.80686602080646,-0.624553375592268,-0.6079546967432926
KP0212_AC_SQ20_X,-14.634895300826276,-0.39948191871671834,-0.9703694819570148
KP0213_AC_SQ20,-14.56890792650855,-0.229399341382784,-0.8817058297089934
KP0215_AC_SQ20,-14.661779302211286,-0.390541298081123,-0.913691995171651
KP0214_AC_SQ20,-14.74237723026221,-0.12529901165737103,-0.887618691448658
KP0216_AC_SQ20,-14.75857304642653,-0.32769881964683945,-0.8407534698908837
KP0248_AC_SQ20,-1.0268843953745361,0.34267168560806816,-1.5927018325723732
KP0250_AC_SQ20,-1.3491044357215645,0.2564890714794401,-1.4570097856556703
KP0251_AC_SQ20,-1.4198729145929159,0.2909490984177676,-1.5385658376988909
KP0252_LM_SQ20,-0.1770336867945498,-1.695514269674961,-1.5056146350571102
KP0253_LM_SQ20,6.2712523827415065,-0.7734838335073974,-1.628257637155374
KP0254_LM_SQ20,6.198893355275754,-0.6184979385242116,-1.6264220001791088
KP0255_AC_SQ20,5.760661350704446,-0.35501933550075687,-1.903207428119721
KP0256_AC_SQ20,5.664683625683588,-0.2422880214236047,-1.8795497287816552
KP0257_AC_SQ20,4.983977582736089,-0.6571122466853828,-2.0522634006518974
KP0259_AC_SQ20,5.042913029969674,-0.3464439640772215,-2.114385491513239
KP0260_AC_SQ20,4.850311177964265,-0.7728455572512026,-1.9284026828419172
KP0261_AC_SQ20,4.805397678263699,-0.753314803528953,-1.928796235371938
KP0262_AC_SQ20,4.715065964187509,-0.7632996532429014,-1.9659877785579347
KP0263_AC_SQ20,4.817206769836904,-0.7146479057565616,-1.980335953297816
KP0265_AC_SQ20,2.7942273813294785,-0.9198655898136928,-1.448862123562615
KP0266_AC_SQ20,2.68638844597511,-0.8286565584119745,-1.2762150136833088
KP0267_AC_SQ20,2.6858901728431657,-0.7576868653084766,-1.324772037909807
KP0268_AC_SQ20_X,2.6255740941765553,-0.805468585461242,-1.267609530986888
KP0271_AC_SQ20_X,2.512262912024597,-0.8642807122834386,-1.270144114052587
KP0270_AC_SQ20,2.519526668115932,-0.8191547245743597,-1.277438964526819
KP0272_AC_SQ20,2.3701715634658096,-0.15121487776436868,-1.5464847649902629
KP0273_AC_SQ20,2.3103126683275983,-0.19611265463639505,-1.4719171908131938
KP0274_AC_SQ20,2.093726391945104,-0.027838280988901138,-1.5101696324900065
KP0275_AC_SQ20,2.026901440759102,-0.10937467726611104,-1.4547870474498497
KP0276_AC_SQ20,1.9959045853405588,-0.21851826393591958,-1.450288373412133
KP0277_AC_SQ20,1.9407654336812645,-0.06176884463996405,-1.5051114125846936
KP0278_AC_SQ20,1.6530314213496244,-1.3978874378566608,-1.184948689632935
KP0280_AC_SQ20,1.8338318651684435,-1.4267447574370853,-1.0647161514635648
KP0279_AC_SQ20,1.7167389950549463,-1.259145554949024,-1.1025182535108329
KP0281_AC_SQ20,1.885601941140869,-1.4137248366307336,-1.1166757480254137
KP0282_LM_SQ20,4.253498022492695,-1.8131724347822442,-1.804976025499642
KP0285_LM_SQ20,6.175270068405285,-1.2575851024074838,-1.9292044214692723
KP0286_AC_SQ20,6.620531948401847,-1.5701141679656814,-1.3719866567642536
KP0283_AC_SQ20_X,4.914018572665872,-2.116283510039008,-1.6834431956165028
KP0284_AC_SQ20_X,4.925498322452343,-2.157358690697264,-1.6476611105151129
KP0264_AC_SQ20_X,2.7654330489553627,-0.9462135472318589,-1.5240942192045168
KP0269_AC_SQ20,2.5840541805772617,-0.8379300208077463,-1.2562821816396277
KP0249_LM_SQ20,-1.1113358924792498,0.4382651744833202,-1.7463423295037377
KP0258_AC_SQ20,4.92540177167964,-0.6560854035961782,-2.080156966418483
KP0950_AC_WP05,-11.049883941708476,-1.8005583494913222,-1.332982985361497
KP0952_HU_WP05,-11.563265347796193,-1.3851433960503965,-1.2609277232106104
KP0954_HU_WP05,-11.62684761409919,-1.328967832949604,-1.1889947867523427
KP0955_HU_WP05,-11.648394296787375,-1.3520667747428974,-1.169475656175198
KP0956_HU_WP05,-11.715278539659817,-1.3581147552007808,-1.1341231484960386
KP0957_HU_WP05,-11.644812541037947,-1.2795520774086082,-1.1986984667640808
KP0958_HU_WP05,-11.79851074638149,-1.4121953222973591,-1.15019814139889
KP0959_HU_WP05,-12.007065779313809,-1.5389938057142156,-1.2496866471432404
KP0960_HU_WP05,-12.017188830670573,-1.740093296594579,-1.228716770666074
KP0961_HU_WP05,-12.343467284750924,-1.3305509468572647,-1.397617420492581
KP0962_AC_WP05,-12.343648932428492,-1.27023447533964,-1.3519964859602471
KP0963_HU_WP05,-12.696816075740932,-1.7258956341141314,-1.4799035081167378
KP0964_HU_WP05,-11.435794175204313,-2.028059186693986,-1.261945384473407
KP0965_AC_WP05,-11.218308365189568,-2.086021315890732,-1.2574382018631278
KP0966_AC_WP05,-11.246553081549187,-2.2589863073157175,-1.3498387952492823
KP0967_AC_WP05_X,-9.30367056069663,-1.9737495127483735,-1.4552265706425482
KP0968_HU_WP05,-8.768969028099399,-1.697023533831088,-1.503408506140456
KP0969_HU_WP05,-6.989756745885222,-0.2238191260737395,-1.614766562404831
KP0970_HU_WP05,-8.04333584117269,-0.8073455627157248,-1.5705757329642729
KP0971_HU_WP05,-8.041642343407235,-0.6533225294380374,-1.5271810463324655
KP0972_HU_WP05,-8.285336456124627,-0.6221787409731196,-1.558127847737938
KP0973_HU_WP05,-5.999743042594191,-0.6578085355108882,-1.651269257384172
KP0974_AC_WP05,-3.317693928876826,0.11287270936474433,-1.2400388373794315
KP0975_AC_WP05,-3.4501548494229244,0.4486176134945936,-1.461499550871653
KP0976_AC_WP05,-3.6673937070455542,0.4491795906446834,-1.4886344192434309
KP0977_AC_WP05,-3.5680967779665473,0.37666498011221455,-1.434769568875023
KP0978_AC_WP05,-0.5510400636808381,-0.9239260905788983,-1.5196056902462312
KP0979_HU_WP05,5.774303685629701,1.685642805399194,-1.0782812020927115
KP0980_HU_WP05,3.1915379271705113,0.9125613322491561,-1.1069695895647715
KP0981_AC_WP05,3.1839306193833274,0.7196103265069529,-1.1933703406947438
KP0982_AC_WP05,3.792974434860394,0.45836424927390546,-1.2126883314656236
KP0983_AC_WP05,6.6836562326281,1.0569747373892602,-0.9355300631481784
KP0984_HU_WP05,6.981333178932116,1.0956222374329463,-0.9703900685682646
KP0985_HU_WP05,7.010825401330264,1.098382439024212,-1.0717823548556835
KP0986_HU_WP05,8.84523239753702,0.5700536735534862,-1.0342669062197292
KP0987_HU_WP05,9.965398024760734,0.3590604959026194,-0.9570713033559142
KP0988_AC_WP05,-3.3743551163477883,-0.3016838002234503,-1.2631527512928995
KP0989_AC_WP05,-0.9230814775507553,-0.8649191635302143,-1.4514012580032385
KP0739_HU_WP10,0.8848778839878996,-1.6283744252305548,-0.9187858356118722
KP0740_HU_WP10,1.1871008620497947,-0.7304984157970085,-1.1579709671008256
KP0741_AC_WP10,0.5215392480220197,-1.9374103020173858,-1.1817684127172452
KP0742_AC_WP10,-0.05662931922724922,-0.8653124341102033,-1.4840903593338317
KP0743_AC_WP10,0.3375676359175628,-1.6270614835204147,-1.0698970385391895
KP0744_HU_WP10,0.027673140480345998,-0.09817542851264253,-1.604168545242418
KP0745_AC_WP10_X,0.276795054121816,-1.766893983704325,-1.4256060434680065
KP0746_AC_WP10,-0.1660050529406934,-0.32742191157922734,-1.8615531376604677
KP0747_AC_WP10,-0.13600053635328824,-1.9128973342297282,-1.6855166538665962
KP0748_AC_WP10,-1.4274614123191212,-0.6734557870719693,-1.303010805536058
KP0749_AC_WP10,-0.5865265000103153,-1.5069170962264802,-1.1992465131066867
KP0750_AC_WP10,-1.6081499353917017,-0.31642740413722237,-0.9688685946758738
KP0751_AC_WP10,-0.6855953582785121,-2.0255728224577223,-1.4959369505239282
KP0752_AC_WP10,-1.6210698976298565,-0.3574827647727358,-1.1624020505227857
KP0753_AC_WP10_X,-1.837527666205304,-2.2896712001033896,-1.445387535191757
KP0754_LM_WP10,-3.5358084127074405,0.2742836924162753,-1.846193979498376
KP0755_AC_WP10,-2.2441286176437942,-2.1716701113488015,-0.530347407833646
KP0756_AC_WP10,-3.1093305643039986,0.04947545995494979,-1.269009495007999
KP0757_AC_WP10,-2.551066552044609,-2.1630520364153742,-0.3583633973853903
KP0758_AC_WP10,-3.2273820158877498,0.3108217496959911,-0.7476703640208301
KP0759_AC_WP10,-2.73593968865265,-1.692101205229961,-0.8366121337311114
KP0760_AC_WP10,-3.4430248265232763,0.34887465653022903,-0.4561264276942907
KP0761_AC_WP20,-3.7004843145321322,-0.3787566080409928,-0.2979937504234836
KP0762_AC_WP10,-3.629974039117668,0.4082415164084956,-0.0876074682048242
KP0763_LM_WP10,-4.592797834145165,-0.8401257446513942,-1.1940342202874854
KP0764_HU_WP10,-3.3747365157484257,0.6999464210121997,-0.7453868815851875
KP0765_AC_WP10,-3.7757315926539934,-0.23756961260485882,-0.0830637383329149
KP0766_AC_WP10,-3.8824043482634827,0.5245052180910786,-0.3128389345517297
KP0767_AC_WP10,-4.013560222636416,-0.06239784311807463,0.0498904907578172
KP0768_HU_WP10,-3.6794979479110306,0.7523406589781125,-0.6153193937965444
KP0769_AC_WP10,-4.055713207182046,0.01106009863572892,0.2764098400475918
KP0770_AC_WP10,-3.8679034679519413,0.40499458315498976,0.1032157126567584
KP0771_AC_WP10,-4.458124217074862,-0.07766484569380479,-0.1573172967652578
KP0772_AC_WP10,-4.078422412312032,0.7785339715394951,-0.2285967430348839
KP0773_AC_WP10,-4.978525036087228,-0.3626023982339909,-0.2608281144826888
KP0774_AC_WP10,-3.99806768633725,0.9113719140184102,-0.5163455956672515
KP0775_HU_WP10,-4.36778170896968,-0.25954729123194853,-0.2639961418905732
KP0777_AC_WP10,-3.1277079850790415,-1.4570165678214675,-0.927643684551257
KP0778_AC_WP10,5.93316164147606,-0.40317898475675584,-2.066634582988559
KP0779_AC_WP10,-3.4578473960281078,-1.6533902384512091,-0.950020562933543
KP0780_AC_WP10,5.700932579406518,-0.5429938551589868,-2.096958998288416
KP0781_AC_WP10,-3.3904275926426406,-1.201680907409458,-1.179019604053006
KP0782_AC_WP10,5.231210506702073,-0.4974315963634828,-1.7937904603332535
KP0783_HU_WP10,-3.517824149730472,-0.03479880182155645,-0.1099260496691029
KP0784_AC_WP10,5.478592229401626,-0.4859921200083412,-2.023798628099368
KP0785_AC_WP10,-3.8140530801139403,0.20049788992031345,0.1789132010520652
KP0786_HU_WP10,5.631806038421825,-0.11395803267887036,-2.2006301994895754
KP0787_AC_WP10,6.03513832773348,-0.777404000164789,-2.0983124983139496
KP0788_AC_WP10,5.336967702731305,-0.3895673956397584,-1.881174890227394
KP0789_HU_WP10,5.837114737073499,-0.6774124127343283,-2.0356998063936462
KP0790_AC_WP10,5.574482324880194,-0.3238235587859546,-2.096675063104276
KP0791_AC_WP10,5.5242913542608525,-1.221212759940471,-2.0313267407740385
KP0792_AC_WP10,5.102994945281004,0.16965134153813038,-1.8596705410421737
KP0793_AC_WP10,5.459760236857759,-1.264741851800442,-2.3154231580486906
KP0794_AC_WP10,5.06966982485966,-0.24462100652020818,-1.90083237639606
KP0795_LM_WP10,5.075475129048366,-1.430622262681858,-2.3927159524307338
KP0796_AC_WP10_X,4.827032794578235,-0.35220473111732675,-1.8893376752696167
KP0797_AC_WP10,5.182903123333532,-1.262184789461458,-2.28136613462511
KP0798_HU_WP10_X,4.9014669147961065,-0.3503695829734862,-1.831433075232466
KP0799_AC_WP10,5.126250087565985,-1.0629802032680373,-1.9845011092381148
KP0800-X_AC_WP10,4.7968477120269455,-0.4769594691424424,-1.7395616143139208
KP0800_AC_WP10,4.943034284860523,-0.3529567367748279,-1.7575300879024345
KP0801_AC_WP10,4.952906530395896,-0.8687758189471537,-1.8888286497317803
KP0802_AC_WP10,4.750868913200613,-0.5586393566350628,-1.886141920252963
KP0803_HU_WP10,4.953214915082271,-1.472469717754937,-2.2906576027080345
KP0804_AC_WP10,4.673220525160066,-0.5549626952156255,-1.8730734098456965
KP0805_HU_WP10,4.554279949475186,-1.2901406078993918,-1.933240821678417
KP0806_AC_WP10,4.567541380112295,-0.3527310291092846,-1.9361944168460885
KP0807_AC_WP10,4.4549999689149455,-1.0895033336238538,-1.719817609316965
KP0808_AC_WP10,4.493690083105925,-0.17124424768293223,-1.9241987429261
KP0809_AC_WP10,4.5269190323692685,-1.5378619313739947,-1.803171036522753
KP0810_AC_WP10,4.323124703706392,-0.5357455076329956,-2.0274915818814585
KP0811_AC_WP10,4.2421377844893255,-0.9801466785370522,-1.9208291540527032
KP0812_AC_WP10,4.14671678711255,-0.6879347374063914,-1.9096122849306616
KP0813_AC_WP10,4.012832128446673,-1.3804310057894562,-2.00270208231386
KP0814_HU_WP10_X,4.261101720200815,-0.33848806659771674,-1.828010540480756
KP0815_AC_WP10,4.232357740618717,-1.724227660988964,-2.048861544520319
KP0816_AC_WP10,4.172007313209417,-0.7218018007993542,-2.258495828655512
KP0817_AC_WP10,2.4534528506751223,-1.2944773711993556,-1.7162445087886875
KP0819_AC_WP10,2.390309363637842,-1.5936943044578162,-2.0991496326152315
KP0820_AC_WP10,2.4180993030938573,-0.916146490108773,-1.528049313270944
KP0821_AC_WP10_X,12.361941944299659,-0.7081634789935807,-2.339530046359707
KP0823_AC_WP10,10.245845870090058,-1.3142659981833684,-2.7677205412413923
KP0824_AC_WP10,11.738428118198662,-0.46205519196925526,-3.159812062104229
KP0825_AC_WP10,9.831456271118567,-2.244223501193259,-3.028573240438682
KP0827_AC_WP10_X,9.824217658513444,-2.2320217792684174,-2.4830311427449376
KP0829_HU_WP10_X,9.77457816759555,-2.2194181342529027,-2.5591383219052983
KP0831_HU_WP10,9.724922960888005,-2.238134240117659,-2.6892182461448737
KP0833_AC_WP10,9.733467383650474,-2.183520530289479,-2.770702320304275
KP0835_AC_WP10,9.674337818575204,-2.0468119020081375,-2.96891132836867
KP0837_AC_WP10,9.225846071635091,-2.153187503285459,-2.417783020509788
KP0839_HU_WP10_X,9.574784961221482,-2.0918429699893277,-2.0936128466226243
KP0841_AC_WP10_X,9.449883298724606,-2.211617758144594,-2.0134364909966647
KP0845_AC_WP10,9.31814564186995,-2.192882326544233,-2.008850788271162
KP0847_AC_WP10_X,9.065164035930357,-2.347230880665846,-2.273443263663258
KP0849_AC_WP10,8.946104496371207,-2.0931534549148023,-2.898172148131536
KP0851_AC_WP10,8.625396804795967,-1.6955614040051972,-2.8989164739478377
KP0853_AC_WP10,8.534252018859599,-1.6622847439558537,-2.81637026782942
KP0855_AC_WP10,8.273195936988603,-1.4140069063242966,-2.5940836349628533
KP0857_AC_WP10,7.967737329880283,-1.1407727546961501,-2.441951737699884
KP0859_HU_WP10,7.712005984945829,-1.4154018191087598,-2.13206814070913
KP0861_AC_WP10,7.659492624583156,-1.4240083325725947,-2.300990619376219
KP0863_AC_WP10,7.451776596784023,-1.0731187288968085,-2.4142105104913965
KP0879_AC_WP10,15.338718181690258,-1.4000587470604557,-3.756243915808232
KP0881_AC_WP10,14.776547908515182,-1.3569891118938615,-3.633762268647028
KP0883_AC_WP10,14.62896982573032,-1.1310571697214062,-3.3982001530484904
KP0885_AC_WP10,14.426805851003722,-0.8837387433432784,-3.103319254906638
KP0887_AC_WP10,14.199737130881168,-1.0569810136166002,-3.511644228124801
KP0889_LM_WP10,12.985612222434535,-1.2898312155655278,-3.2788069763310954
KP0891_AC_WP10,13.140808753300433,-1.307285626242191,-3.366505674832269
KP0893_LM_WP10,12.645218121404644,-1.389621001883284,-2.8637784434849
KP0895_AC_WP10,12.749819142684803,-1.4703697633757542,-2.922200405647008
KP0897_AC_WP10_X,12.9072705304109,-0.9976010339974063,-2.663207881667811
KP0899_HU_WP10,12.740846937725863,-0.717341788437907,-2.08600931915288
KP0901_HU_WP10_X,13.081739051541586,-0.6259124826385547,-2.1231369979623573
KP0903_HU_WP10,12.974906267286757,-0.45651061839926393,-2.14329375440772
KP0905_LM_WP10_X,13.48957993579895,-1.0830073282214396,-2.954783370379437
KP0287_LM_WP20,-12.460378264967936,0.42861730349274946,-1.6472239580800363
KP0288_LM_WP20,-12.573840794014687,0.3493432007697988,-1.8101485755163425
KP0289_AC_WP20,-12.743168724380688,0.3742386324362852,-1.701391497131291
KP0290_LM_WP20,-12.935279688739895,0.6112044456532836,-1.7803905600426977
KP0291_AC_WP20,-13.100696289777142,0.3391600940456407,-1.7337527013261027
KP0292_AC_WP20,-13.12454308259737,0.17377046755575282,-1.414034808083589
KP0293_LM_WP20,-13.7392804595633,-0.6752007817019334,-2.0139110289383297
KP0294_AC_WP20,-14.50319723127217,-0.48123128271243043,-1.8660776153193617
KP0295_AC_WP20,-14.55056679181774,-0.6776476411731198,-1.614777429159665
KP0296_AC_WP20,-14.89873347806906,-0.6634689686150391,-1.494354726664202
KP0297_AC_WP20,-14.92893851649742,-0.5523630973865769,-1.514821511956345
KP0298_AC_WP20,-14.924316335446523,-0.389697198854334,-1.7475111899989166
KP0299_AC_WP20,-15.02469283866424,-0.6422108826079594,-1.5421597752449776
KP0300_AC_WP20,-15.07603592277003,-0.5969300692726269,-1.6055027046976316
KP0301_AC_WP20,-15.056592051673148,-0.32173314164493017,-1.6872320479143688
KP0302_AC_WP20,-15.221672868394938,-0.4524503483523628,-1.855482932665548
KP0303_AC_WP20,-15.244329618757808,-0.3206542176670154,-1.6923198259747865
KP0304_AC_WP20,-15.296248995974734,-0.38907168858364616,-1.6636243061975728
KP0305_AC_WP20,-17.341544652835502,0.8961116644893703,-0.4220976351261587
KP0306_LM_WP20,-17.660862564301855,-0.6650794038127126,-1.6607539521490626
KP0307_LM_WP20_X,-16.908091807537215,-1.301596438968444,-1.7352242423571884
KP0308_LM_WP20_X,-16.649351901512002,-1.1950305081166037,-1.7826914868764845
KP0309_AC_WP20,-16.030878722085113,-1.1277347718767705,-1.5586135705468038
KP0310_AC_WP20,-15.846791191335893,-1.2009742625882622,-1.3362537055950687
KP0311_AC_WP20,-15.635025356337774,-1.2115890719855231,-1.3901098931114917
KP0312_AC_WP20,-15.738899725871818,-1.301185578744775,-1.397354058767203
KP0313_AC_WP20,-15.737030759073715,-1.4211091263993105,-1.3991502398570548
KP0314_AC_WP20_X,-14.994696197401744,-0.7615459701794941,-1.7516009862721915
KP0315_AC_WP20,-14.33558658932528,-0.9256962381231778,-1.8475632019545445
KP0316_AC_WP20,-14.316499915599598,-0.8605069087384641,-1.9022221885098043
KP0317_AC_WP20,-14.379414060576162,-0.8086665658683606,-1.9588727950522895
KP0318_LM_WP20,-13.964962410383936,-0.5961390419418956,-2.111237775048455
KP0319_LM_WP20,-13.183815954903476,-0.9180298851873697,-2.14855420028255
KP0320_LM_WP20,-13.049098653041007,-0.9111576514894981,-2.157014897517593
KP0321_LM_WP20,-12.859096905027734,-0.9064750427287664,-1.7862077546512911
KP0322_LM_WP20,-12.340160713634372,-0.08548492268927511,-1.9180801475169529
KP0323_AC_WP20,-8.0667675651102,1.0770075248202282,-0.3733312418025324
KP0324_AC_WP20,-8.029065808332888,1.1447427833375243,-0.3356540184164913
KP0325_AC_WP20,-8.22547392319527,1.516529420328033,-0.3830088027686869
KP0326_AC_WP20,-8.306833892166635,1.7725150315297091,-0.2751370996549763
KP0327_AC_WP20,-8.196550625821969,1.2774834581428238,-0.485966569635913
KP0328_LM_WP20,-8.46893629724357,1.844984035175158,-0.6437388302489641
KP0329_AC_WP20,-8.63145160342738,1.8782637874028842,-0.6807953773750084
KP0330_LM_WP20,-8.816268363622012,1.5079634723751314,-0.845021610217482
KP0331_AC_WP20,-8.788522733948962,1.0908392930063346,-1.1060382510270648
KP0332_AC_WP20,-8.923020557195697,1.0878327523101592,-1.0125593507784845
KP0333_AC_WP20,-8.978158118162163,1.0471379646993781,-0.9616240987270832
KP0334_AC_WP20,-8.96134914238276,0.9673578529754266,-1.048441516250711
KP0335_AC_WP20,-9.174526549003238,1.3799930087300214,-0.6297835571369395
KP0336_AC_WP20,-9.201882309693307,1.4471949538782722,-0.6323581192342798
KP0337_AC_WP20,-9.307668067805318,1.422297074867119,-0.6570187181324523
KP0338_AC_WP20,-9.416365494960598,1.1985323373806125,-0.6946558202690071
KP0339_AC_WP20,-9.404277836587426,1.1686562885509773,-0.9850371755497568
KP0340_AC_WP20,-9.398763853538581,1.040089457034033,-1.0122738700262592
KP0341_LM_WP20,-9.309872882071025,1.153620070816116,-1.5020750659993884
KP0342_LM_WP20,-9.33543513511629,1.0288496681634411,-1.5417578146987936
KP0343_LM_WP20,-9.431924994273478,0.9784203212132438,-1.4166079201391346
KP0344_LM_WP20,-9.471495291711271,0.5935592604356089,-1.558660715916532
KP0345_LM_WP20,-9.837892509086343,1.0414594674605668,-1.4436579963169935
KP0346_AC_WP20,-9.813611907796997,0.790730081370139,-1.4184623609535345
KP0347_AC_WP20,-9.803421711030662,0.3428071128566483,-1.7113043722256502
KP0348_LM_WP20,-9.993955110531804,0.5009530962503947,-1.7289072281842486
KP0349_LM_WP20,-10.221781931920521,0.5494679171783132,-1.6610266730328886
KP0350_LM_WP20,-10.579147378454149,-0.0308137815215533,-1.8813332010004973
KP0351_AC_WP20,-10.81868431284678,0.34032032523997374,-1.279436416343427
KP0352_AC_WP20,-10.821147337228775,0.09006338636351993,-1.3106697390791555
KP0353_AC_WP20,-10.980825756953845,0.3072670959024009,-1.2386237915385392
KP0354_AC_WP20,-10.915001977568743,0.39804479322165703,-1.362392124642131
KP0355_AC_WP20,-10.886436849964596,1.2537886673031977,-1.1134353970584256
KP0356_AC_WP20,-11.323565974918859,0.6649265873222178,-0.8025851037596025
KP0357_AC_WP20,-11.541775376082917,1.0231388122074192,-0.84434546951938
KP0358_AC_WP20,-11.515306433296656,0.43968567710408973,-0.8514663081020711
KP0359_AC_WP20,-11.65984415789008,0.8382085786595924,-0.7541001114632615
KP0360_AC_WP20,-11.71365274953656,0.973786589480442,-0.803673427124717
KP0361_AC_WP20,-11.772869395511815,0.9831067180044528,-0.8223651469504423
KP0362_AC_WP20,-11.875036715765233,0.8904186684252167,-0.8127865817426131
KP0363_AC_WP20,-11.911947598609654,0.9867878369580726,-0.9446943380978852
KP0364_AC_WP20,-12.106103467125328,0.4935800304796741,-0.5094635508397171
KP0365_AC_WP20,-11.87788498582316,0.586527051312588,-0.6463559215384919
KP0366_AC_WP20,-12.064412499001833,0.5700443627357704,-0.7070060546707924
KP0367_AC_WP20,-11.967141906302937,0.3461155233357107,-0.5178415658072708
KP0368_AC_WP20,-11.628856892034744,0.27983243420699655,-0.767845515759352
KP0369_AC_WP20,-11.883540070609445,0.21459104893278452,-0.8381682536188562
KP0370_AC_WP20,-12.308817783443622,0.4029353972114565,-1.1075254267654928
KP0371_AC_WP20,-12.263037917892163,0.781387155928407,-0.9354942557457526
KP0372_AC_WP20,-12.19091827074843,0.9568169514865558,-0.8290266152431404
KP0373_AC_WP20,-12.025697009371779,0.3193758016461848,-0.8459003867898943
KP0374_AC_WP20,-10.357665052199504,-0.6860674507971838,-1.7325122008294116
KP0375_LM_WP20,-9.54625156931555,-0.29542566011867083,-1.7523043490133754
KP0376_LM_WP20,-9.289220759189922,-0.2547351782488721,-1.81619407470694
KP0377_LM_WP20,-9.403092338720297,-0.5951742517688434,-1.5062803917288847
KP0378_AC_WP20,-9.02101726857281,-0.384490206286383,-1.504748727331148
KP0379_AC_WP20,-8.998730642053642,-0.5469791028078899,-1.690927385644841
KP0380_LM_WP20,-8.761036293035442,-0.4772663720988631,-1.827721073312517
KP0381_AC_WP20,-8.68832677651777,-0.3557352880421903,-1.6278196217723715
KP0382_AC_WP20,-8.559129905188534,-0.39284599674489307,-1.4546951214068802
KP0383_AC_WP20,-8.517198388099638,-0.4449162150204973,-1.79225653738198
KP0384_AC_WP20,-8.095645165302505,0.9595005323431108,-0.9837299983137128
KP0385_AC_WP20,-2.7732853565284277,1.3292074288928677,-0.6876973979737584
KP0386_AC_WP20,-2.7661415177577626,1.3562047035565168,-0.6438190479253232
KP0387_AC_WP20,-2.7842184433443173,1.4063324663328232,-0.6109973095747492
KP0388_AC_WP20,-2.932967132878132,1.4132660894443898,-0.6626107018907375
KP0389_AC_WP20,-3.1183532865663435,1.5064674756100822,-0.5299686098200926
KP0390_AC_WP20,-3.1537382893120816,1.4714021018122447,-0.5782275832175492
KP0391_LM_WP20,-3.2757349753675586,0.8004930481750513,-1.6347890456551746
KP0392_AC_WP20,-3.1284570593020526,0.551897762254705,-1.6590884191612356
KP0393_AC_WP20,-3.1973562064149794,0.5871953015554114,-1.6417632998277338
KP0394_AC_WP20,-3.118922790916526,0.6286388272262711,-1.5691654014786725
KP0395_AC_WP20,-3.212210495643211,0.6396415328258651,-1.5652806502666063
KP0396_AC_WP20,-3.237887546917679,0.6953978962103068,-1.59989646938757
KP0397_AC_WP20,-3.2643942854258508,0.6502359496949831,-1.6005608082264042
KP0398_AC_WP20_X,-3.610974764106908,0.6791933600834581,-1.8233342853623096
KP0399_LM_WP20,-3.8410149158710545,1.3011148831773232,-1.9725166123343736
KP0400_LM_WP20,-4.1841515709189645,1.4207454448980972,-1.7812429609418958
KP0401_AC_WP20,-4.445795003953195,1.8592539235828232,-1.514293280732799
KP0402_AC_WP20,-4.471157917041116,1.8524493451348252,-1.588489827795124
KP0403_LM_WP20,-4.474532168953129,1.8779191336234204,-1.6707915233369968
KP0404_AC_WP20,-4.697933348559528,1.5487957347823536,-1.8401693554831395
KP0405_AC_WP20,-4.871167121680372,1.1961745610146362,-1.6973336964017611
KP0450_AC_WP20,-4.962344492457767,0.94365808210771,-1.5660837139941413
KP0451_LM_WP20,-5.067788240922074,1.8923590991560482,-1.608695630675244
KP0452_AC_WP20_X,-5.20350539672841,1.9787836457156458,-1.5409307648909527
KP0453_LM_WP20_X,-5.487080762806747,1.965737734758947,-1.7163917455667663
KP0454_AC_WP20,-5.9074373075903965,1.7380147396013748,-1.4752825696687766
KP0455_AC_WP20,-6.396291832966637,1.3757740226121806,-1.1043223221844674
KP0456_AC_WP20,-6.593562408810771,1.3198022314990052,-1.4791778192981486
KP0457_AC_WP20,-6.616855784550308,1.3029216552072902,-1.742048100141721
KP0458_LM_WP20,-6.898265901573669,1.5563513600772305,-1.7054398779971085
KP0459_LM_WP20,-7.2118225805369,1.5000715558110722,-1.7137320999653205
KP0460_LM_WP20,-7.17351763527812,1.645234523939372,-1.5771333178609546
KP0461_AC_WP20,-7.593801776354151,1.3646367022579626,-0.9798169619183682
KP0462_AC_WP20,-7.637268579090573,1.2817184230957805,-0.9595406266239122
KP0463_AC_WP20,-7.709211900241215,1.461092731000538,-0.7187818485845799
KP0464_AC_WP20,-7.8685840692472215,1.4480441216575095,-0.7269471638413401
KP0465_AC_WP20,-7.956607518834676,1.2734089980571666,-0.6816958904734194
KP0466_AC_WP20,-7.882260821129367,1.2844439694194536,-0.78645549412841
KP0467_AC_WP20,-6.6520967223860765,0.8724889731269141,-0.951188852433634
KP0468_AC_WP20,-6.8541399386201505,0.9110616121117281,-1.1102901803233651
KP0469_AC_WP20_X,-6.577493418953406,0.7498534809902958,-1.145888247257126
KP0470_AC_WP20,-6.47890227925763,0.1377186863555436,-1.4673017989980546
KP0471_AC_WP20,-6.251619254957963,0.00015124292637685378,-1.7270284973485015
KP0472_LM_WP20,-4.819328452865226,0.5306359209929619,-1.8142089247293012
KP0473_LM_WP20,-4.740632890045286,0.44011537455669186,-1.583691173749183
KP0474_AC_WP20,-4.7701903549776965,0.4614842726382488,-1.5203614036257405
KP0475_AC_WP20,-3.470244680845956,-0.15208254324506743,-1.7712563389847704
KP0476_AC_WP20,-3.406587104981066,-0.2745643204673262,-1.6614749106112727
KP0477_AC_WP20,-3.2951868707628473,-0.2019303324988446,-1.7282807113815768
KP0478_AC_WP20,-3.2435586407509107,-0.2752265684234719,-1.702066940225556
KP0479_AC_WP20,-2.9456738213554607,-0.5406496786195606,-1.838349987893943
KP0480_AC_WP20,-2.6476945084768713,-0.4685761103640561,-2.050686081198732
KP0481_AC_WP20,-2.632641211080946,-0.3522488476027064,-2.1024777862419293
KP0482_LM_WP20,-2.4850145557680516,0.10067862279731224,-2.083174379974296
KP0483_AC_WP20,-2.191495325421787,0.1668998900860662,-1.313351855366003
KP0484_AC_WP20,-2.07696679770484,0.15637573859242507,-1.6460666647050397
KP0485_AC_WP20,2.0128236447663856,0.836950910165726,-0.991718340569531
KP0486_AC_WP20,1.8414604334584352,0.7319584710727253,-1.0393537640932335
KP0487_AC_WP20,1.78296152173684,1.093330665931092,-1.1149649020816652
KP0488_AC_WP20,1.553571830344975,1.1577134515735414,-1.1578611080115102
KP0489_AC_WP20,1.3415829458047697,0.9301971507597041,-1.2592719622279271
KP0490_AC_WP20,1.0291079996621797,0.9154450623581856,-1.3464460657520083
KP0491_AC_WP20,1.0459388833989363,1.0718152161692434,-1.3922769422349273
KP0492_AC_WP20,0.8710015417876266,1.2018672446925305,-1.3400797052053606
KP0493_AC_WP20,1.0035426173776927,1.2626611043244018,-1.3328337193271884
KP0494_AC_WP20,1.2347091319116665,1.371894794418807,-1.5298730250274863
KP0495_AC_WP20,1.3090956250745738,1.2284785059194094,-1.459500154710898
KP0499_AC_WP20,0.777111582927695,1.270488815484279,-1.276054591125193
KP0500_AC_WP20,0.7953866034380551,1.2570134651997331,-1.3019442049928762
KP0501_AC_WP20,0.6045705405779895,1.3384949060688567,-1.2476918578158704
KP0502_AC_WP20,0.5413100221196302,1.423142646249992,-1.270196950671206
KP0503_AC_WP20,0.5091070320923473,1.2463127996486547,-1.2663895320917715
KP0504_AC_WP20,0.5042582274139732,1.491943469339346,-1.1822470257680606
KP0505_AC_WP20,0.5685917376168277,1.5713349534678749,-1.3131958706166411
KP0506_AC_WP20,0.35042728169003856,1.449666525364981,-1.2070702207612791
KP0507_AC_WP20,0.40279711966911236,1.2947713407990729,-1.2260022579550758
KP0508_AC_WP20,0.4149755272955925,1.0823526528599827,-1.4570444325074432
KP0509_AC_WP20,-0.1510422639970001,0.6361448213813227,-1.045094899472128
KP0510_AC_WP20,-0.08358368950992325,0.6297920960603726,-1.101316386078112
KP0511_AC_WP20,-0.18946353083488499,0.6281190789301445,-1.0471619976340651
KP0512_AC_WP20,-0.21060311626640912,0.73365208504289,-1.0659590382239656
KP0513_AC_WP20,-0.2539022306287951,0.81450446204636,-1.2099644203784372
KP0514_AC_WP20,-0.14174069158701152,0.8926356438083208,-1.3298665769042095
KP0515_AC_WP20,-0.18563637830870003,0.8550547901444983,-1.5514985785580315
KP0516_AC_WP20,-0.23415182586019617,0.9399500804704822,-1.2594194676505055
KP0517_AC_WP20,-0.32620889958513977,0.8932793308859562,-1.3230007210962542
KP0518_LM_WP20,-0.45339960467750096,1.088177522586389,-1.3096508938092637
KP0519_AC_WP20,-0.07536296506602402,1.4098611889261246,-1.1122277727662857
KP0520_AC_WP20,-0.26328775700658547,1.4195173626109447,-1.0524406244846618
KP0521_AC_WP20,-0.045475863995869434,1.539941835167304,-1.1354533390842425
KP0522_AC_WP20,-0.4665295294870076,1.6528512928804453,-1.0636479511985697
KP0523_AC_WP20,-0.6050399153530915,1.6175545497307258,-1.194707760495565
KP0524_AC_WP20,-0.6510226285165626,1.5221573360323875,-1.1052590185453235
KP0525_AC_WP20,-0.7642059901654844,1.6106426198949795,-1.1233389144909047
KP0526_AC_WP20,-0.820215401856469,1.3216309682961398,-0.9885988637540948
KP0527_LM_WP20,-0.744495411905001,0.8679905370041311,-1.3214824545464807
KP0528_AC_WP20,-0.6462899263866211,0.8546450491167233,-1.1357842798856528
KP0529_LM_WP20,-0.9856653801098552,0.5902820874970043,-1.717844995383222
KP0530_AC_WP20,-0.7064988138057351,0.8689272023125987,-1.1105861849744616
KP0531_AC_WP20,-0.8597521072986992,1.2099252721242928,-0.963000439659339
KP0532_AC_WP20,-0.9897120028840662,1.2892661338262448,-0.9646129835131858
KP0533_AC_WP20,-1.4396458564420085,1.0542000476249074,-0.9150932265743118
KP0534_AC_WP20,-1.5856014047959672,0.967367864180152,-0.8535316780641359
KP0535_AC_WP20,-1.5891056286278382,1.1559637616541565,-0.9851945496619507
KP0536_AC_WP20,-1.0752776934283088,1.4849158131776385,-1.1790085621052353
KP0537_AC_WP20,-1.2220233761014296,1.4192334903359405,-1.1779419561645064
KP0538_AC_WP20,-1.4939064853222488,1.4130237805658263,-0.9511359870141362
KP0539_AC_WP20,-2.350833972099164,0.3766325892181525,-0.7062735054424586
KP0540_AC_WP20,-2.148177888623165,0.24851950241121795,-0.850480159578002
KP0541_AC_WP20,-2.122225165592914,0.2712165501899044,-0.7704737263735856
KP0542_LM_WP20,-1.8820587564425524,0.43013627967634316,-1.430220617442468
KP0543_AC_WP20_d,-1.6849131176770318,-0.03338051834188228,-1.3261674440120486
KP0544_AC_WP20,-1.6898787080402766,0.08841601467247598,-1.388914095077797
KP0545_AC_WP20,-1.5431284264275424,0.012660231756549772,-1.3086855308310403
KP0546_AC_WP20_X,-1.4753995931354185,-0.13949326720853655,-1.0909690723786136
KP0547_LM_WP20,-1.4341253304704364,0.1491999220620954,-1.3429708132552145
KP0548_LM_WP20,-1.5675198293456571,0.5456361965154951,-1.5924873140620843
KP0549_AC_WP20,-1.376158979717422,0.005236322138640572,-1.327407673557631
KP0549_AC_WP20_2,-1.0014364008801158,0.0024296832314006237,-1.3746819242676729
KP0550_LM_WP20,-1.1005455459756806,0.09124634885023543,-1.661598505883869
KP0551_LM_WP20,-1.0320781671772299,-0.2317995645647362,-1.7080784220082972
KP0552_AC_WP20,-0.6798300409307444,0.012132161562014543,-1.2726085690051316
KP0553_AC_WP20,-0.23822038975251866,0.40583553076347484,-1.3294714437008668
KP0554_AC_WP20,-0.01498823841421474,-0.49945295257924094,-1.5554949640113038
KP0555_AC_WP20,0.9020677988716262,-0.9001762526996022,-1.4211511928760563
KP0556_AC_WP20,0.7647107988860783,-1.1371258529916977,-1.1383148010376984
KP0557_AC_WP20,1.0842627783025398,-0.6678223209790539,-1.838706391160215
KP0558_LM_WP20,1.377244907950912,0.22549050192601075,-1.9052963382533237
KP0559_AC_WP20,1.3244174623409846,-0.7851595003355353,-1.840452725141218
KP0560_AC_WP20,1.456980761228182,-0.8942552542079488,-1.825771059917192
KP0561_AC_WP20,7.381240042869311,2.750631631269403,-0.6468070513809072
KP0562_LM_WP20,7.1354822107065665,2.320466600255229,-0.8038664280459972
KP0563_AC_WP20,7.279776066931632,2.5932487142946283,-0.6167447879341084
KP0564_LM_WP20,7.287945673137061,2.6046081332821536,-0.6878990158903485
KP0565_AC_WP20,6.836091889226292,1.9965444579422296,-1.0792880569115535
KP0566_LM_WP20,6.279039071303448,2.9614699018399167,-0.8315508185981413
KP0567_LM_WP20,6.299207780766406,2.651391509667843,-0.8056326856964257
KP0568_AC_WP20,5.663770059126741,2.0478165437241276,-0.9834963384167108
KP0569_AC_WP20,5.599068901077766,2.0947765807872414,-1.0855521645332282
KP0570_LM_WP20,5.53305711066516,2.2239758706074815,-1.2848990792354424
KP0571_AC_WP20,4.9359732563304055,2.4399846997735652,-0.820691926565853
KP0572_AC_WP20,4.69604678033324,1.7757271242202015,-1.4452005916517034
KP0573_LM_WP20,4.722203424859095,1.6917551553729289,-1.5315521970998152
KP0574_AC_WP20,4.833527107721531,1.2505950864978037,-1.593401761339899
KP0575_AC_WP20,2.6500484664823225,1.164000813637802,-1.535749832620135
KP0576_AC_WP20,2.407718143405887,1.1154399202573564,-1.5759266073925111
KP0577_AC_WP20,2.4292414711679897,1.2759330166587304,-1.4788934420437423
KP0578_AC_WP20,2.3296681143429234,1.3046890329378351,-1.5367379971915287
KP0579_AC_WP20,2.2618488001406303,1.338061580393365,-1.6432845680504262
KP0580_AC_WP20,2.109996153597793,1.312553676677046,-1.5376011792754534
KP0581_AC_WP20,2.0365549622614028,1.1692746550538153,-1.730670508308308
KP0582_AC_WP20,3.468676577249529,0.4175477415985159,-1.2142635102262755
KP0583_LM_WP20,3.8168394725583346,0.33580333151935826,-1.5932049950366511
KP0584_AC_WP20,4.303959410386166,0.21865273357629184,-1.7551349974102168
KP0585_LM_WP20,4.7075645594906055,0.9851519385786368,-1.5638344105739308
KP0586_LM_WP20,5.28458779088141,0.635520193119034,-1.899546978720648
KP0588_LM_WP20,5.689817606847406,1.2404235321834405,-0.9673080287765838
KP0589_AC_WP20,6.257466332635328,1.8650021733368967,-0.4496705976761433
KP0590_AC_WP20,7.026667375586385,2.270369923686118,-0.3943646350788228
KP0591_AC_WP20,7.112082809253601,2.2632333337109736,-0.5260871391040354
KP0407_AC_CA05,-19.678237236601078,3.2081913705672895,0.0390376408045781
KP0408_AC_CA05,-18.067081860481494,0.2623564189392304,-0.5884382563976293
KP0409_AC_CA05,-10.806274710524765,1.4400784609671846,-0.5317075291162207
KP0410_HU_CA05,-12.656576841536738,1.2308752903966016,-0.6267219534524028
KP0411_HU_CA05,-12.673519869102172,1.1524965464277948,-0.6229160937742729
KP0412_HU_CA05_X,-13.649800137597259,0.7155883662512952,-0.4963654531959079
KP0413_HU_CA05,-14.6298681349084,0.9667624299013993,-0.5705058064110033
KP0414_HU_CA05,-14.577671978731548,0.8594635545292953,-0.6049164791923454
Point#24_X,-15.384613450852898,1.6546872857344315,-0.414666776704247
Point#25_X,-15.367694761416306,1.630974613671158,-0.3995729508612458
Point#26_X,-15.390064221998257,1.6434476787092345,-0.416253514491154
Point#27_X,-15.290280793564888,1.5767538025748014,-0.3384659282994848
Point#28_X,-15.291759856761798,1.5737635281409323,-0.3415439878873022
Point#29_X,-15.291759856761798,1.5737635281409323,-0.3415439878873022
KP0415_HU_CA05,-13.928620634494933,0.6091271520719074,-0.4328916780123258
KP0417_HU_CA05,-13.079161621535986,0.16444784025304204,-0.5214228428033634
KP0418_HU_CA05,-13.012187108341251,0.1077423253424353,-0.5762174197085642
KP0419_HU_CA05,-12.848405001277175,-0.11607920262483841,-0.8088470072713239
KP0421_HU_CA05_X,-11.184336548732105,0.5398501140729375,-0.8116655344387808
KP0422_HU_CA05_X,-7.650208905611806,0.5626718731807075,-0.9960277576367458
KP0423_HU_CA05_X,-8.346954346058025,0.9944900597823874,-0.9863547743318568
KP0424_AC_CA05,-9.142920278185542,1.2876472029078532,-0.701758449669963
KP0425_HU_CA05_X,-9.621173995198205,0.7951485484890993,-0.9099670737565568
KP0426_HU_CA05,-10.671550683255946,-0.2585125679270961,-0.7785025478387657
KP0428_HU_CA05_X,-8.159204440560053,0.106720846797857,-1.1468306224907028
KP0427_HU_CA05_X,-8.148267263136168,0.13339697354320149,-1.208747903343305
KP0430_HU_CA05_X,-4.431107795496723,0.9051419131335946,-1.113280427798554
KP0431_AC_CA05_X,-4.557616707298282,0.9994810310624902,-1.100268696587111
KP0432_HU_CA05,-4.589348631760362,0.7756902559320269,-0.9804048126590392
KP0433_AC_CA05,-4.767594789962579,1.3138520282586374,-0.8252867617613954
KP0434_HU_CA05,-5.447495043998734,0.5630549024841088,-0.8914673495444152
KP0435_HU_CA05,-5.671610039028754,0.12442582528700416,-0.8385421640693574
KP0436_HU_CA05,4.195391981116781,1.1219628395924601,-0.9416529975418558
KP0437_HU_CA05_X,4.2451588788165475,0.4908700054019703,-1.3738097699455665
KP0438_HU_CA05_X,0.6770064592434387,0.8401130779079401,-1.239043951186215
KP0439_HU_CA05,0.7328865095380541,0.5443297342792481,-1.2687420450196374
KP0440_HU_CA05,-1.2961499463569999,-0.36757777270411557,-1.1759103749543138
KP0441_AC_CA05,-1.2302692718429384,-0.35672559585044744,-1.21715602057346
KP0442_HU_CA05,2.4078383427979313,0.09521936839914928,-1.1987597510031154
KP0990_AC_CA10,-14.593777125112009,1.2146296721574052,-2.0357025781779257
KP0992_AC_CA10,-14.71758878317768,1.3642601717050928,-2.11698048358642
KP0994_AC_CA10,-14.900701083705904,1.3245699802866553,-2.009517729737209
KP0996_AC_CA10,-14.73398074348152,1.4653503052937449,-2.04607573666587
KP0998_AC_CA10,-14.943274940097124,1.570487088280732,-2.027897222087417
KP1000_AC_CA10,-14.976285372077733,1.651718142100082,-2.146952983865256
KP1002_AC_CA10,-9.555775884230865,0.684631041231413,-1.6410635741991588
KP1004_AC_CA10,-5.827783686940095,0.7461525584488633,-1.478595255472583
KP1006_AC_CA10,-5.965171459044897,0.8736208003018866,-1.4329637953246217
KP1008_AC_CA10,-5.789450314541112,0.9588087148322185,-1.54497898276198
KP1010_AC_CA10,-6.1262211283676,0.9055543964395525,-1.3853963210085154
KP1012_AC_CA10,-6.1258410154100424,1.030903180227906,-1.4957328772922924
KP1014_AC_CA10,-6.198073801275002,0.9275325460056829,-1.5223286325602354
KP1016_AC_CA10,-6.278930217441947,0.976557417740601,-1.5785598763969575
KP1018_AC_CA10,-6.353232359491485,0.9793935740132995,-1.6774933667388652
KP1020_AC_CA10,-6.295657545621477,1.0055113842204695,-1.8111690265303024
KP1022_AC_CA10,-6.60108811442834,1.2096204727395188,-1.8741725755291
KP1024_AC_CA10,-7.494971098204018,0.727060829276761,-1.789933443594333
KP1026_AC_CA10,2.5170582961688637,0.15955649237532232,-1.103437323763271
KP1028_AC_CA10,2.461732936834292,0.29512151660653896,-1.2507243882193693
KP1030_AC_CA10,2.0990300530504573,0.06344399591467498,-1.267147769183245
KP1032_AC_CA10,-0.5766327411387782,0.4934037940129708,-1.393456588425258
KP1034_AC_CA10,-1.3933506285181423,0.44206891715739277,-0.9233108426944722
KP1036_AC_CA10,-1.4116131025173375,0.5512195085879897,-0.9591651671702088
KP1038_LM_CA10,-0.6587771990767112,0.045757823642776634,-1.4783571650227725
KP1040_AC_CA10,7.090485888963767,-0.4873861436263963,-1.0070558756398085
KP1042_AC_CA10,5.397179988098987,-0.40426433955195623,-0.8381234220684529
KP1044_AC_CA10,5.316330075572882,-0.08365999519778589,-0.7924407760108393
KP1046_AC_CA10,4.485084781659892,0.3534365420735172,-0.980080517573717
KP1048_AC_CA10,3.95873489069886,-0.11264569207588852,-1.1490247196879688
KP1050_AC_CA10,3.5463238724585198,0.0024207991725291155,-1.238260351545336
KP1052_AC_CA10,2.986747517205494,0.14302953103065716,-1.1619738444875665
KP1054_AC_CA10,3.4833152365876168,0.41586886292035635,-1.1622908532784455
KP0991_AC_CA10,-13.542262256164193,0.6240285241537158,-2.265557964455453
KP0993_AC_CA10,-15.280129092013562,0.4264235415586635,-2.4498106411146163
KP0995_AC_CA10_X,-15.462102647975941,0.5118477496669486,-2.3762744464489627
KP0997_AC_CA10,-8.430659044074746,-0.2398228177131214,-1.8441348605664425
KP0999_AC_CA10,-9.229921533291996,-0.6770273559760925,-1.926178670154843
KP1001_AC_CA10,-9.456818600433543,-0.30886129922732664,-1.9422529275381912
KP1003_AC_CA10,-9.398209597223463,-0.17623397782831723,-1.614168876741945
KP1005_AC_CA10,-9.475375672469424,-0.19437107243970156,-1.6234548391317083
KP1007_AC_CA10,-10.346152926871218,-0.5525837213044792,-1.826138853805114
KP1009_AC_CA10_X,-10.50038740935987,-0.572311952623816,-1.6693421614269328
KP1011_AC_CA10,-11.88809868691839,0.00885463112618202,-1.9176498950036696
KP1013_AC_CA10,-12.079108695211453,0.2246461406994534,-1.9923281188329776
KP1015_AC_CA10,-12.199207006507985,0.3874732582281887,-2.0068194757968536
KP1017_AC_CA10,-12.411448404912747,0.7309994475564283,-1.9750287339512944
KP1019_AC_CA10,-5.011091168190594,-1.1066571318768152,-1.7963873101162662
KP1021_AC_CA10,-8.024330151292682,0.22921466173696078,-1.6682282063169178
KP1023_AC_CA10,1.7105393521198875,-0.8700210751511321,-1.3766333607566423
KP1025_AC_CA10,0.012004696105269545,-1.6043675179593766,-1.508147752055407
KP1027_AC_CA10,-0.16325576453147875,-1.56511581874325,-1.3219921289486785
KP1029_AC_CA10,-0.33565301523795454,-0.560569980134453,-1.4778868675321462
KP1031_AC_CA10,-0.49338507808544757,-0.6347051524409629,-1.2986343716974358
KP1033_AC_CA10,-1.7785506624348977,-0.5946649620775935,-1.3856765670102875
KP1035_AC_CA10,-2.447516460662867,-0.4769223441874568,-1.2882042792290305
KP1037_AC_CA10,-2.9411032898570237,-0.24158536449356416,-1.054830883492175
KP1039_AC_CA10_X,-3.0247678425425066,-0.2607453238258538,-0.9106879966309284
KP1041_AC_CA10,-3.0583274463085783,-0.2640019719715013,-0.8164671931793284
KP1043_LM_CA10,6.73763601928575,-1.1899577199576983,-1.1935707845212105
KP1045_AC_CA10,5.305342308553472,-0.701558668654846,-1.135923627654862
KP1047_AC_CA10_X,5.190202972290313,-0.4412886996172268,-0.967767613055396
KP1049_AC_CA10,5.113790265263291,-0.5507755418020667,-0.8474301899410204
KP1051_AC_CA10_X,5.00167292553879,-0.6638228429572326,-1.1801850709346728
KP1053_AC_CA10,3.90999151931278,-1.3749411289073754,-1.0982951186296437
KP1055_AC_CA10,3.681608690841354,-1.171435165805573,-1.141481715095702
KP1057_AC_CA10,3.7327217500242624,-0.6945982174695188,-1.225380248910941
KP1056_AC_CA20,-5.225797841540315,-0.37050169121867343,-0.9886679155072794
KP1058_LM_CA20,-5.549429076475932,-1.0597658923470992,-1.0204859677679774
KP1060_AC_CA20,-5.697713039188517,-1.1005437511937997,-0.6915147296005956
KP1061_LM_CA20,-4.716235372058028,-1.5586871654553045,-0.936460652728796
KP1065_LM_CA20,-4.890370094774664,-1.5194741145885038,-0.8042333644292012
KP1067_AC_CA20,-4.902632459736204,-1.8899013382295544,-0.899287595631381
KP1063_AC_CA20,-4.728162103690998,-1.7835823844219254,-0.8135045510847151
KP1059_LM_CA20,-4.472472605742309,-1.7091451386624232,-0.9185408408152446
KP1066_AC_CA20,-6.6820605395623565,-0.9092790950132412,-0.9698037687683316
KP1062_AC_CA20,-5.3867260717066054,-0.4796862216997453,-1.1874287068457063
KP1068_AC_CA20,-6.927072363793819,-0.9486208926975005,-0.9602592337529432
KP1070_AC_CA20,-7.06398214837259,-0.7350896193415611,-0.8330352136273349
KP1088_AC_CA20,-3.226215843179573,-0.3600078661263402,-0.33853013189361
KP1090_AC_CA20,-3.149213392857833,-0.5648039360799676,-0.372255984241041
KP1092_LM_CA20,-3.032344518875573,-0.8596243664394004,-0.3941764678314873
KP1094_LM_CA20,-3.1317847626461255,-1.3472867263126964,-0.7698783140033383
KP1098_AC_CA20,4.163117127182321,-1.4756294309147184,-1.4993676293535
KP1100_AC_CA20,2.675606123554217,-1.402932726673099,-1.7000674453908104
KP1102_AC_CA20,1.6674129146510521,-0.913670982839861,-1.5633079147768385
KP1104_AC_CA20,1.3450422951445793,-0.934321453617289,-1.2454670829923054
KP1106_AC_CA20,1.3345246497378362,-0.47764988936198,-1.1450115878003853
KP1108_AC_CA20,1.0088555653197981,-0.34382903900322137,-1.2581714383905698
KP1110_LM_CA20,8.572947379908705,-0.46653886818768747,-2.754835729508994
KP1112_AC_CA20,8.421654356039905,-0.5107401486090124,-2.7233303916665
KP1114_LM_CA20,8.257095429919984,-0.3534941613959327,-3.1009235343673582
KP1116_AC_CA20,7.6284576254184175,-0.2947783469773698,-2.596450526980976
KP1118_LM_CA20,6.901411940078508,-0.73188332534996,-2.020485617731597
KP1120_AC_CA20,6.077917275810522,-0.7982666617906736,-2.021986606262365
KP1120a_AC_CA20,14.796211417880203,0.9430854059674597,-4.455586364916118
KP1122_LM_CA20,14.036103038687711,0.4348917074823273,-4.637949519884646
KP1124_AC_CA20,14.119603785389337,0.22900700702483648,-4.348462446686101
KP1096_AC_CA20,-4.120088679959023,-1.1162794535341145,-0.7116697730336181
KP1069_AC_CA20,-5.771444020870771,-1.3369925780398868,-0.7297156989021956
KP1071_AC_CA20,-5.671155555916645,-1.237509015063711,-0.7474066043997565
KP1073_LM_CA20_X,-5.797752170358918,-2.395756131042946,-0.6889050666020914
KP1075_LM_CA20,-6.158833032362555,-2.122961935509326,-0.832438554801114
KP1077_AC_CA20,-6.437435492222974,-1.1214975213465472,-0.5739345936523255
KP1083_LM_CA20,-7.314224660186576,-1.503121514999245,-0.8223011566207409
KP1085_LM_CA20,-7.709167605770669,-1.5680913539903916,-0.8240378069307904
KP1087_LM_CA20,-8.35320681195912,-2.1670391134259552,-0.2032436658463131
KP1089_AC_CA20_X,-7.943423805590847,-2.478504121897421,0.5843002643813666
KP1101_LM_CA20,-0.4562722549317928,-0.4456145628065697,-1.7280041756238769
KP1103_LM_CA20,-1.1792604190623404,-0.37009544876493344,-1.1151814453554645
KP1105_AC_CA20,-1.8915959175863755,0.09938053603936234,-1.510332772315558
KP1107_AC_CA20,-2.121825271018122,-0.03214304975959154,-1.505680590415466
KP1109_AC_CA20,-3.081085654909209,-0.27564554437877603,-0.4399766473115071
KP1113_AC_CA20,-4.1508848145411035,-0.5909867659760598,-0.8939735649359561
KP1115_AC_CA20,-4.225527381177079,-0.5864784890248875,-1.199330284408203
KP1117_LM_CA20,2.738011476366123,-0.2374612471069964,-2.3150249930121927
KP1119_LM_CA20_X,3.18953599340496,-0.7828820724458805,-2.381429130527217
KP1121_AC_CA20,2.813258805767869,-0.712397446312631,-1.9919209982189876
KP1123_LM_CA20,2.2899003344295674,-0.06485669249479144,-1.9197257570136297
KP1125_AC_CA20,1.4082156429956292,-0.47612377549422497,-1.56192756993961
KP1127_AC_CA20,1.1735945827149057,-0.18649477124452957,-1.3238972328763583
KP1129_AC_CA20,0.7305817302376771,-0.4374047626011345,-1.4381203566484453
KP1131_AC_CA20,8.280030357027849,0.5190622690482175,-3.0968905233531228
KP1133_LM_CA20,7.941779978509841,0.04854831233386765,-3.13057776207163
KP1135_AC_CA20,7.565628429666584,0.29693622377590667,-2.5637065341050875
KP1137_AC_CA20,7.403464315666754,0.9931747740476319,-2.7104781039926857
KP1139_AC_CA20,6.482875589592524,-0.4961030333388309,-2.8165900835588267
KP1141_AC_CA20,5.644422329944229,0.18310181600046138,-2.8372860106786404
KP1126_LM_CA20_X,14.57601025763889,0.6145588018758891,-5.033793014966018
KP1130_AC_CA20,13.605927208653611,-0.020266022763687754,-4.206539988170293
KP1134_AC_CA20,13.46365631198197,0.031685706363942405,-4.270903816430886
KP1139_LM_CA20_X,13.16479571930529,-0.19535359132348917,-4.0526810991965405
KP1141K_AC_CA20_X,12.642535835137535,0.28005947084015426,-3.454074829483399
KP1143K_AC_CA20,12.166399119875587,0.37379158868721596,-3.366946611141903
KP1145_AC_CA20_X,12.227182742151015,0.39135725915064123,-3.774944867113373
KP1147_AC_CA20,11.852823936511742,0.12031913526332444,-3.2571830299469218
KP1149_AC_CA20,11.850300922358977,0.20489843431091878,-3.3362775400314244
KP1151_AC_CA20,11.576506876165084,0.45681300654261514,-3.3447180449829137
P4250159_LM_CA20,11.074191589702444,0.2854608406001884,-3.379338694007573
KP1128_AC_CA20,14.940115677600893,1.3765677465520914,-4.51310719674224
KP1132_AC_CA20,14.755116045628432,1.5621165036076452,-4.693822818482985
KP1136_AC_CA20,14.507263279184764,1.2100252542951653,-4.599694170836532
KP1138_LM_CA20,13.288414805306045,1.2987886642343485,-4.738393452868781
KP1140_AC_CA20,13.230715637255434,1.5959897137142458,-4.456327208970899
KP1142_AC_CA20,12.94657135931916,0.8315003371874908,-4.384611313513346
KP1144_LM_CA20,11.25151077922873,0.7168739828734534,-4.024532674686292
KP1146_LM_CA20,11.008380378782451,0.3843859861518719,-3.5904870447709216
KP1148_AC_CA20,10.902369577447695,0.4786642910922007,-3.539575076766204
KP1150_AC_CA20,10.797329753455818,0.5890952759308786,-3.430771869339189
L11_AC_CA20,10.478130204354622,0.6771578546218426,-3.49762187196551
L12_AC_CA20,10.284476542044752,1.2170689766668816,-3.797277627225466
L13_AC_CA20_X,10.080426948908617,0.8622190489716517,-3.4014398292563444
L14_AC_CA20,9.63370609877803,0.9398211484419351,-3.4013015942177534
L15_AC_CA20,9.816881504805286,0.8006474862666509,-3.68618669229122
L16_LM_CA20,8.792492429534414,0.4713921049059807,-3.62062436451522
KP1161_AC_CA20_X,11.05867796789808,0.4510717849971419,-3.325443922149297
KP1162_AC_CA20_X,10.866456687783279,0.38220232514083924,-3.3978597025893023
KP1163_AC_CA20,10.180984723906345,0.3632542197010875,-3.302944760091662
KP1164_LM_CA20,10.150867933060765,-0.031086890228413183,-2.825840884153683
KP1165_AC_CA20,9.742465120465038,0.2554445897181477,-3.250967874775091
KP1166_LM_CA20,9.293818685476607,-0.37834354867830267,-3.1042886558758136
KP1072_AC_CA20,-6.802762062813754,-1.0741387696112725,-0.7423497001817791
KP1074_AC_CA20,-6.718184475419299,-1.017824504982449,-0.8144939607482061
KP1076_AC_CA20,-7.569268421114982,-0.6464417160689299,-1.239840829248801
KP1078_AC_CA20,-9.637075020954583,-0.7938566386572347,-0.894526052146931
KP1080_AC_CA20,-9.939950140473746,-0.8670775655935281,-0.7191271005285782
KP1082_AC_CA20_X,-10.090980266351258,-0.7736335148430363,-0.5299023665459489
KP1084_AC_CA20,-10.074883504815949,-0.7591155483141093,-0.4622596352888932
KP1086_AC_CA20,-10.15780162013058,-0.7498488774343328,-0.442149331250036
KP1079_AC_CA20_X,-6.907403290486599,-1.9113895390101905,-0.6889594029013095
KP1081_AC_CA20_X,-6.939679095679577,-1.864806750094363,-0.7598433123324152
KP1091_AC_CA20,-10.43012779656512,-1.3263400385433497,0.0762214493579671
KP1093_LM_CA20,-10.561494061406048,-1.3169241627587325,-0.0708708035961476
KP1095_HU_CA20,-10.58269855877373,-1.4067815755495545,0.2470531272266834
KP1097_AC_CA20,-10.567512468499402,-1.0654203801706092,-0.195658270042204
KP1167_LM_CA20_X,8.910587455248237,-0.28760175927755094,-3.1403776829393064
KP1143_AC_CA20,5.076427481141821,0.36172041885240486,-2.5349449957170784
P424028_LM_CA20,5.447349759036838,0.08157565175264295,-2.849263170628723
KP0130_AC_SB05,-2.750324767249965,2.626078752639348,-1.4697770306233524
KP0131_HU_SB05_X,-5.924154644488545,3.6571342704799763,-1.3861855577007087
KP0132_HU_SB05,-5.337139740128899,2.2909837625990948,-1.551813414170777
KP0133_HU_SB05,-5.376407026255712,2.1856127068505575,-1.7032033612741344
KP0134_HU_SB05,-5.323117544582765,2.1754321704445587,-1.8292073817959276
KP0135_HU_SB05,5.1952065987942895,-2.160996210033482,-0.4954996511596488
KP0136_HU_SB05_X,2.0832190315912102,0.13505514562998905,-0.8796369513846074
KP0137_HU_SB05,7.149643344662237,-4.068098347015726,-0.3617553442815261
KP0138_HU_SB05,7.074762310844899,-4.086677567760395,-0.3826043733695806
KP0139_HU_SB05,6.467484856017256,-4.208780966543056,-0.4531632695706399
KP0140_HU_SB05,6.53153469397684,-4.235048942922882,-0.4615831631520344
KP0141_HU_SB05_X,6.582662925240162,-4.230240725988982,-0.4621003386009514
KP0142_HU_SB05_X,7.838453961002596,-5.5112410589775545,-0.2813568232031052
KP0143_HU_SB05_X,15.25646246959822,-9.133758484775305,0.6027860134649411
KP0144_LM_SB05_X,11.184509739187382,-8.083311802329916,0.1306619756157596
KP0145_HU_SB05_X,11.305765661480198,-8.217494329142028,0.129042845870263
KP0146_HU_SB05_X,12.51659671243866,-8.59713626664315,0.6558417158604665
KP0147_HU_SB05_X,12.487169431749447,-8.653740452663472,0.7128234914498066
KP0148_HU_SB05_X,12.319653039374241,-8.280274222774585,0.7126075707625338
KP0149_HU_SB05_X,15.192751498119442,-9.444166706451133,0.6638675225322764
KP0046_AC_SB10_X,0.8496178555283348,-0.011212543231352205,-1.8767419906271237
KP0047_AC_SB10_X,0.8183003998343392,-0.08324607333089704,-1.6350245080047443
KP0048_AC_SB10_X,0.8096568657191694,-0.0760955763069096,-1.6435506724499154
KP0049_HU_SB10_X,-1.1367732027281816,-0.20208454012783592,-1.8781179483954116
KP0050_AC_SB10_X,2.88624595977013,-1.5231962616618646,-2.1499575423112645
KP0051_AC_SB10,7.745349338818903,-0.11988614166346238,-1.6901918335770154
KP0052_AC_SB10,7.891295055482664,-0.07869857801153592,-1.8295896466879824
KP0053_AC_SB10,7.801318891427268,0.14340110832224892,-1.7492301487135171
KP0054_AC_SB10,7.672112658959353,0.18012928822851532,-1.6810403872843882
KP0055_AC_SB10_X,7.623271255794336,0.27227753588220754,-1.8014263480256032
KP0056_AC_SB10,7.776635512212964,0.23634139244283597,-1.8558658898734852
KP0057_AC_SB10,7.820769126068514,0.39153021606616467,-1.8859616711268776
KP0058_AC_SB10,6.919787857784802,-0.10540101615194346,-1.5963557170366829
KP0059_AC_SB10,6.880268178014278,-0.07864545877465137,-1.8063971563979468
KP0060_AC_SB10_X,6.8123854170785485,0.08722528377597301,-1.7226213397679988
KP0061_AC_SB10,6.667625769580863,0.44786908340444836,-1.5760917788488182
KP0062_AC_SB10,6.644208287223972,0.5470368091013129,-1.6688090636682398
KP0063_AC_SB10_X,5.832388066883564,-0.3985696168419183,-1.6608620497945503
KP0064_AC_SB10,5.705484699503534,-0.5259315569561293,-1.618226342967785
KP0065_AC_SB10,5.424492105441087,-0.618744097161298,-1.7281937112905716
KP0066_AC_SB10,5.289201476094888,-0.5277522833814813,-1.936685186261754
KP0067_LM_SB10,5.220008292281434,-0.7198600611642094,-1.808964221231848
KP0068_AC_SB10,5.448769352930238,-0.8375157986144299,-1.9164812310510009
KP0069_AC_SB10,5.701294707882654,-0.7746477931840055,-1.80890841922968
KP0070_AC_SB10,5.437960033928589,-1.1442190318758183,-2.213606242169305
KP0071_AC_SB10,5.551197388417699,-1.3854993315111463,-2.048591801116733
KP0072_AC_SB10,5.680382888784116,-1.275871817542846,-1.8743241922669884
KP0073_HU_SB10,6.021341137624444,-1.3839098723883971,-1.5677585213945238
KP0074_AC_SB10,5.982467030089284,-0.7346575192634284,-1.6158841926358989
KP0075_HU_SB10_X,6.227221410198481,-1.061387930197863,-1.3987109405229918
KP0076_AC_SB10,6.0816861685063595,-0.724379934837663,-1.7083275981621813
KP0077_AC_SB10,6.109613932456458,-0.6518742331292576,-1.6227079838822285
KP0078_AC_SB10,6.277954149220497,-0.9609102090941573,-1.4966552058126434
KP0079_LM_SB10,6.412406212037696,-0.7810751729895766,-1.4285815658109688
KP0080_AC_SB10_X,6.477858593993155,-0.898153634672889,-1.405127641229292
KP0081_AC_SB10_X,6.772471543887557,-0.8649828677173212,-1.235315032772104
KP0082_AC_SB10,6.9639291304165765,-0.8326521361029413,-1.3399200865447063
KP0083_AC_SB10,6.9990380582498455,-0.6922552202828017,-1.419812547951508
KP0084_AC_SB10,6.944201618470136,-0.6782844358772543,-1.57722407142126
KP0085_AC_SB10,6.700377284367782,-0.5932235197616046,-1.5778867408747632
KP0086_LM_SB10,6.702683594395843,-0.4571088978780147,-1.6212712591549974
KP0087_AC_SB10,7.004947001364324,-0.5243322221599002,-1.6198458595286584
KP0088_AC_SB10,6.944036069833836,-0.16243229553323588,-1.5218995561164783
KP0089_AC_SB10,7.473138972061694,-0.8167384341056818,-1.4077553180000943
KP0090_AC_SB10,7.385231857281435,-0.6350259151739832,-1.488274964582845
KP0091_HU_SB10,7.341923030940651,-0.6289787302344655,-1.6120820396583868
KP0092_HU_SB10,7.578441368650304,-0.8753125746601491,-1.4408499251316822
KP0093_HU_SB10,7.577003618662038,-0.8500937866720184,-1.5146542739479911
KP0094_HU_SB10,7.612527695263928,-0.8181582922397782,-1.5372183601642828
KP0095_AC_SB10,7.644081543938146,-0.722744470379607,-1.5361565762531424
KP0096_HU_SB10_X,7.762170223349672,-0.7515241490463053,-1.4912231949607069
KP0097_HL_SB10_X,7.737336618510666,-0.6257511187081161,-1.3734781324006091
KP0098_AC_SB10,7.653406246342262,-0.5342324109292025,-1.387979471650974
KP0099_AC_SB10,10.605759658666088,1.6029774711742426,-1.7726392192498996
KP0100_AC_SB10,10.701173293883391,0.7835656416573774,-1.8891300488938716
KP0101_AC_SB10,9.746545836566927,1.2363895342529956,-1.447995207224943
KP0102_AC_SB10,9.162999284853907,0.46782542048986153,-1.647341225054743
KP0103_AC_SB10,9.064634150852108,0.33300840400103787,-1.7951242297210244
KP0104_AC_SB10,8.91095477743211,0.5245197966065983,-1.62205251086137
KP0105_AC_SB10,8.939047843642182,0.7309771236393876,-1.6556679320985317
KP0106_AC_SB10_X,8.303470689247549,0.1643214671452528,-1.9097378498612336
KP0107_AC_SB10,8.454235283548647,-0.2247738828501429,-2.0088134277926044
KP0108_AC_SB10,8.586427071490217,-0.12633588697726889,-2.118832784538302
KP0109_LM_SB10,8.528183628833226,-0.11349230099979402,-2.2790981575123648
KP0110_AC_SB10_X,8.802664668967923,0.0787624450509376,-1.7389184636058783
KP0111_AC_SB10_X,8.745546065167042,0.08041356909197579,-1.7782813212960322
KP0112_AC_SB10,8.954600157466254,-0.12569452092034863,-2.0561898101038767
KP0113_LM_SB10,10.22451268996722,-0.10434788303871309,-2.5279210283856828
KP0114_AC_SB10_X,10.540937680704996,0.6619893471771123,-2.0205753602514505
KP0115_AC_SB10_X,10.579593343562843,0.6712578153320435,-2.084446150214086
KP0116_AC_SB10,11.479234471856708,0.7699260733133121,-2.115961091772302
KP0117_AC_SB10,17.455535947652645,0.9332310863538864,-2.2336469144893094
KP0118_AC_SB10_X,17.221670642037008,1.4498907381745916,-2.093217005383391
KP0119_AC_SB10,16.864528716054743,1.9398380924539536,-1.6929821032924757
KP0120_AC_SB10_X,17.240824072189444,1.5132238911147262,-1.77343377374738
KP0121_AC_SB10,17.190246251185393,1.0314730447057865,-2.0991919349682004
KP0122_AC_SB10,15.012802662968111,2.1217676422693557,-1.6243576562616862
KP0123_AC_SB10,15.3060609780276,0.40048592655522497,-1.9126579945511988
KP0124_AC_SB10,15.39200093943024,0.9259529252988328,-1.9247902518616893
KP0125_AC_SB10,15.455861525474011,1.0444311411118408,-2.055089396292073
KP0126_AC_SB10,17.26041306378299,0.46616753104407527,-2.211500347376702
KP0127_AC_SB10,17.544042038069126,0.657776117426021,-2.1865131377831504
KP0128_LM_SB10,17.40453174737168,0.6057977737944706,-2.4252408887857344
KP0129_AC_SB10,17.131081000290326,0.09976111355973849,-2.486019884454171
KP0163_AC_SQ12_X,-10.46279389709552,-2.72099934373142,-0.0824134578122405
KP0170_AC_SQ12_X_SP,-10.752635396877936,-2.5240683489956317,-0.0761565578940726
KP0166_AC_SQ12_X,-10.91659755073571,-2.6522800638834294,-0.0839816291892375
KP0179_AC_SQ12,-10.842415670514775,-3.550390493796532,-0.1691465354817942
KP0180_AC_SQ12,-10.801113722220293,-3.543059495066031,-0.2839214920931012
KP0181_AC_SQ12_X,-10.815399772635095,-3.443649014632014,0.0477503530063175
KP0182_AC_SQ12_X,-10.830649703048472,-3.4313320300109456,-0.0033681648654624
KP0183_AC_SQ12_X,-10.922092048986471,-3.2716855036585053,-0.1175707706591666
KP0184_AC_SQ12_X,-10.92802343482368,-3.30367862748633,-0.0877974670341394
KP0185_AC_SQ12_X,-10.829705932218499,-3.283370933897444,-0.2407670011040956
KP0186_LM_SQ12,-10.770223172964016,-3.4172041616961932,-0.4129454998902278
KP0187_AC_SQ12,-10.330263029227494,-2.9869881391227064,0.0528742714484396
KP0188_AC_SQ12,-10.28849223161644,-2.873482453179561,-0.026629881449286
KP0189_AC_SQ12,-4.162433195613562,-2.2684420993713514,-1.0610133848991103
KP0190_AC_SQ12,-4.140056597575209,-2.6184595364937335,-1.2200833966544509
KP0192_AC_SQ12,0.3869277618649102,-0.6007519793126596,-1.940700404383121
KP0191_AC_SQ12_X,2.618376782482486,-0.14402036510394423,-1.9278932703002336
KP0194_AC_SQ12,-1.1969043796842733,-0.3289926758318048,-1.3199904362102426
KP0193_AC_SQ12_X,-1.2787447793514992,-0.4445069451594099,-1.4334647739364232
KP0195_AC_SQ12,-1.2590909986807879,-0.4567589061073312,-1.3169111278557597
KP0196_AC_SQ12,-1.2167444836563308,-0.25445669482852495,-1.107612888641875
KP0197_AC_SQ12_X,-1.3640609954392828,-0.36068865564652103,-0.9980223020833268
KP0198_AC_SQ12,-1.458417795952194,-0.349429160717411,-0.8898504482121933
KP0199_AC_SQ12,-1.3461326636179012,0.007033747288619473,-1.0925583067874003
KP0200_AC_SQ12,-1.460688825873135,-0.008847464892062949,-0.9782779540459396
KP0201_AC_SQ12,-1.406993841553364,-0.12634159473644344,-0.7933989354554736
KP0202_AC_SQ12,-1.644398029563786,-0.4591722984819475,-1.3514910843192478
KP0203_AC_SQ12,-2.1386332928762943,-0.3548228317110526,-1.3674702722984329
KP0204_AC_SQ12,-1.6246834888137065,-0.6833183545970501,-1.169134728160517
KP0205_AC_SQ12,-1.6010783345125086,-0.8233814453229606,-1.3280614283382397
KP0206_AC_SQ12,1.1323929239113801,-1.4520372116074014,-1.7784126599501753
KP0207_LM_SQ12,1.7743852786259395,-1.497834426335643,-1.7840658758390833
KP0208_AC_SQ12,2.1177980408830743,-1.0332716880426198,-1.7965853518161072
KP0209_AC_SQ12,2.6409211836331195,-1.434833968803049,-1.787489284719839
KP0210_AC_SQ12,3.956396828707861,0.8938051333733645,-1.60973180530538
KP0211_AC_SQ12,6.6260755842390076,-0.4917882937944107,-1.739275002588427
KP0150_AC_SQ12,-11.047997868485844,-2.6234283904713207,0.13781989508794
KP0151_AC_SQ12,-11.117030189776942,-2.620644381111937,0.1344398646019988
KP0153_AC_SQ12,-12.912046175119857,-1.8181739934519163,0.137020472785271
KP0154_AC_SQ12,-7.704135321699702,-2.5026103969232776,-0.6117813160125979
KP0152_AC_SQ12,-11.147607187570962,-2.5373322112396344,0.2199434386726277
KP0155_AC_SQ12,-7.630302536967169,-2.641356295790695,-0.6626237147569664
KP0156_AC_SQ12,-7.640710065479443,-2.815874821635212,-0.7837089815599884
KP0157_AC_SQ12,-7.701589563741983,-2.380175812634819,-0.6480193896255202
KP0158_AC_SQ12,-7.921252004568019,-2.4504000162269963,-0.6266750183950863
KP0159_AC_SQ12_X,-9.80925944747293,-2.616966446914458,0.0747580449512198
KP0160_AC_SQ12_X,-10.245000254924278,-2.796714069539738,0.0901541540966432
KP0161_AC_SQ12,-10.24226883526952,-2.7431227788465886,0.1320973895225163
KP0162_AC_SQ12,-10.326721963801319,-2.7670575896553635,0.2448697376764208
KP0164_AC_SQ12,-10.535510310533693,-2.440148927412295,0.0552394544828351
KP0165_AC_SQ12,-10.639837528243087,-2.3395086412720776,0.0161593291232081
KP0171_AC_SQ12_X,-11.07697280101428,-2.643642774466917,0.1067350866116731
KP0166_AC_SQ12_X_SH,-10.62879615064746,-2.5458473588850916,-0.0815216003988035
KP0167_AC_SQ12,-10.763362182278371,-2.1669474229179366,0.1020885793036448
KP0169_AC_SQ12_X,-10.927841866684908,-2.1978366361047224,-0.1559748923127626
KP0170_AC_SQ12_X,-11.109243155431079,-2.672245147574388,0.0524878369913332
KP0172_AC_SQ12,-11.032117132302385,-3.3900804891171092,-0.0248105782041498
KP0173_AC_SQ12,-11.001051164545311,-3.4824671437941688,0.0188869632698017
KP0174_AC_SQ12,-11.029165000208241,-3.560676353705396,-0.0245394815987034
KP0175_AC_SQ12,-11.04671753271578,-3.645773264509354,-0.111313692727184
KP0176_AC_SQ12,-10.951177911628946,-3.571665978618882,3.087649398268775e-05
KP0177_AC_SQ12,-10.96057591446608,-3.7273135961801134,-0.051972140836881
KP0178_AC_SQ12,-10.924865749984692,-3.749906882577194,-0.2554778199925205
KP0168_AC_SQ12_X,-10.747271599621815,-2.1581529871809204,0.0543925263914907
