,x,y,z,range
KP0613_LM_SB20,0.33912486489531213,-0.8079478267221872,1.9457285563941549,1.0
KP0614_LM_SB20,-1.053613923311374,-1.0839332246199747,1.7945207980401057,1.0
KP0615_AC_SB20,-0.2911399448182378,-1.628298130161401,1.927085647368124,1.0
KP0616_LM_SB20,-1.431162910299192,-0.6958179506383307,1.700971779780387,1.0
KP0617_LM_SB20,-0.6420368472727819,-1.863119120105913,1.9226765684039688,1.0
KP0618_LM_SB20,-1.888656293119879,-0.36944516215356116,2.310440855499466,1.0
KP0619_AC_SB20,-0.8668989881371106,-1.709508179321457,1.9695001825576568,1.0
KP0620_LM_SB20,-2.0154879606904204,-0.2505455006007607,2.145209229641491,1.0
KP0621_LM_SB20,-1.0165092034356469,-1.4728021502331519,1.8724238945201503,1.0
KP0622_AC_SB20_X,-2.2475868054656405,-0.48926469431360986,2.45630809846106,1.0
KP0623_LM_SB20,-1.4768914730854257,-1.9690093304761738,1.7886384806210809,1.0
KP0624_AC_SB20,-2.157401340525552,0.04020537627903248,2.4298905288724613,1.0
KP0625_AC_SB20_X,-1.6423734602467193,-1.346800035580498,2.365015095396694,1.0
KP0626_AC_SB20,-2.217582978948148,0.18098957944159644,2.4525911878476583,1.0
KP0627_AC_SB20_X,-2.244950818219952,-0.7903247890033164,2.458458776122354,1.0
KP0628_AC_SB20,-2.4208641755055202,0.33047405847246586,2.3855369026954127,1.0
KP0629_LM_SB20,-2.7339046970142764,-0.526869832183876,2.4862617776229534,1.0
KP0630_AC_SB20,-2.4860339177070556,-0.061070807046682093,2.477955477895376,1.0
KP0631_LM_SB20,-2.990450474441795,-0.967112258827851,2.1480636621214697,1.0
KP0632_AC_SB20,-2.348884584941889,0.24100313484225105,2.5240753253434387,1.0
KP0633_AC_SB20,6.319497587758243,1.627931413156173,2.1258479960467227,1.0
KP0634_LM_SB20_X,-3.2389966919663493,-0.038009471057020676,2.246865982702249,1.0
KP0635_AC_SB20,6.231302077342222,0.9587993491607439,1.9737701147425664,1.0
KP0636_AC_SB20,6.488168376671397,2.089284532302011,2.274325912914618,1.0
KP0637_LM_SB20,5.453108404944443,0.44299758722327004,1.8811698158340004,1.0
KP0638_AC_SB20,6.176833800851807,2.1647009013033576,1.9935474566053095,1.0
KP0639_LM_SB20,5.135304498074617,0.4893928072369928,1.9739235349526592,1.0
KP0640_AC_SB20,6.384807165435632,2.4414525651554033,1.801895113442736,1.0
KP0641_LM_SB20,5.0551592450356875,0.21641066710822476,1.8768756673806328,1.0
KP0642_AC_SB20,5.9031254623557095,2.127531450297151,2.000668994199174,1.0
KP0643_AC_SB20,4.8629747695637695,-0.16987400367745958,1.9323216030288428,1.0
KP0644_AC_SB20,5.786692867703391,1.9148184841493525,1.8555804493170116,1.0
KP0645_AC_SB20_X,3.377769590683166,0.02267334697398502,2.3667478302812315,1.0
KP0646_AC_SB20,5.603893974499515,1.692132832779106,2.0373773942598308,1.0
KP0647_AC_SB20,3.042298070325797,-0.7167882680264558,2.393692011722357,1.0
KP0648_AC_SB20,5.441524065771735,1.7181361185498252,1.93203986170636,1.0
KP0649_AC_SB20,2.5209250008028823,-0.282018955237415,2.12896753106651,1.0
KP0650_LM_SB20,4.358538481984404,2.009130923026624,2.0531504697032714,1.0
KP0651_AC_SB20,2.426423206426358,-0.5273705838271121,2.188019848468417,1.0
KP0652_AC_SB20,4.009672019706432,1.3047073163519574,2.101581029136282,1.0
KP0653_GR_X,5.288187243777877,-0.15360688950857676,1.781841136462928,1.0
KP0654_AC_SB20,3.7686947070310954,1.02943990395058,2.1898655582318125,1.0
KP0655_LM_SB20,2.4091030536685616,-1.5276308038331274,2.0792809092540607,1.0
KP0656_AC_SB20,3.7970674942895646,1.2919523198673801,2.119990185844216,1.0
KP0657_LM_SB20,10.750826723274987,3.067649676004566,1.8582858276798395,1.0
KP0658_AC_SB20,3.636704873941459,1.5022716452364937,1.909921823290035,1.0
KP0659_LM_SB20,10.721598763964158,2.76750363400202,1.972840570063283,1.0
KP0660_AC_SB20,3.900873305088078,1.7088638825485838,1.9625858027988492,1.0
KP0661_AC_SB20,10.151159408699412,2.0833638661090235,1.772159538644474,1.0
KP0662_AC_SB20,2.810713892124997,1.5545156905088584,2.644032511237913,1.0
KP0663_AC_SB20,9.819922367021471,2.3439934827025617,2.017588661812496,1.0
KP0664_LM_SB20,2.8009805001383445,0.3317606285010123,1.941256545667624,1.0
KP0665_AC_SB20,9.321453918648693,2.5350203542989087,2.147499777026993,1.0
KP0666_LM_SB20,2.446641797460954,0.3620082980454741,2.005710655301662,1.0
KP0667_AC_SB20＿X,9.173102389165756,2.2299012420913935,2.186251010610641,1.0
KP0668_AC_SB20,2.0084939773291817,0.4306911147723318,2.0802245058965365,1.0
KP0669_AC_SB20_X,9.079448149205236,2.3214561534835685,2.2057772587943227,1.0
KP0670_LM_SB20,1.8099328376272235,0.3685791393323073,1.9706357524045763,1.0
KP0671_AC_SB20_X,8.917083365498103,2.4285634965048835,2.1436914546420187,1.0
KP0672_AC_SB20,1.9524362064812317,-0.11105054676362348,2.303525778463818,1.0
KP0673_AC_SB20_X,8.986085378579208,2.3000022543739322,2.108132174261303,1.0
KP0674_AC_SB20,1.7647644839033887,-0.04852461990234794,2.295013515101509,1.0
KP0676_LM_SB20,10.258084606479294,4.02709132664247,1.83134006663678,1.0
KP0678_AC_SB20,10.131989144161182,3.337719070931239,1.7708382915055654,1.0
KP0679_AC_SB20,13.85847878006255,5.549323882171996,2.1758460280973497,1.0
KP0680_LM_SB20,9.524016048868047,2.925786331637327,1.7919601837244283,1.0
KP0681_AC_SB20,13.808092397035988,5.307952019161685,2.1382963161097552,1.0
KP0682_LM_SB20,9.587493645117078,3.424097093420232,1.8703598408284337,1.0
KP0683_AC_SB20,13.482193036812928,5.4870221923205795,2.001082752042464,1.0
KP0684_LM_SB20,10.445667858116755,3.0294313658478997,1.8734323190938809,1.0
KP0685_AC_SB20,13.81612605100194,4.370612927601191,2.091378783069401,1.0
KP0686_AC_SB20,7.556149428297435,3.4705892839634154,2.1117297899680443,1.0
KP0687_AC_SB20,13.659108250368268,4.596463665515136,1.9913398736026295,1.0
KP0688_AC_SB20,7.555793067361617,2.7114936237868346,2.239218487608099,1.0
KP0689_AC_SB20,13.340086327149164,4.386168467930658,2.158946591936665,1.0
KP0690_AC_SB20,7.315013472317685,2.283730816362497,2.306974316971364,1.0
KP0691_AC_SB20,13.165596337902008,4.392372372420054,2.238873037198995,1.0
KP0692_AC_SB20,8.104699049093883,2.3956041285171388,2.1726163367563807,1.0
KP0693_AC_SB20,13.180881420331762,4.177966622680189,2.0411527984559608,1.0
KP0694_LM_SB20,8.709223357602283,1.5562257761644682,1.536517736366644,1.0
KP0695_AC_SB20,13.061181041179507,4.484203065259944,2.1131557210101204,1.0
KP0696_AC_SB20,8.267969082172664,1.9272540994679228,2.159473139236809,1.0
KP0697_AC_SB20,12.866131415670807,4.455347882505687,2.0003040362563294,1.0
KP0698_AC_SB20,7.4798251976437555,2.045136173230447,2.145488638834272,1.0
KP0699_AC_SB20,12.784733224659094,4.341698990466506,1.9719723996796923,1.0
KP0700_LM_SB20,7.466802793843848,1.7204605337224728,1.8680604021750244,1.0
KP0702_AC_SB20,15.31689883563283,4.160486472099761,2.2267747340449797,1.0
KP0703_AC_SB20,12.376506158653674,4.58491297308463,1.880448258551748,1.0
KP0704_AC_SB20,14.833964093790273,4.228204313649086,2.0624902268065965,1.0
KP0705_AC_SB20_X,12.339656380430183,4.295841770016606,1.9768391864331776,1.0
KP0706_LM_SB20,14.222338000679706,4.244943659488165,1.821158758367551,1.0
KP0707_LM_SB20,12.161912580678182,4.821214043060256,1.7022226871362078,1.0
KP0708_AC_SB20,14.412213961842214,3.981984450129092,2.0335715966543373,1.0
KP0709_AC_SB20,12.009732632616599,4.935743651257994,1.9437980512758088,1.0
KP0710_AC_SB20,14.03690715437666,4.059169504928469,1.9269446921728357,1.0
KP0711_AC_SB20,11.607626486801191,4.973327969812049,2.122381045827645,1.0
KP0712_AC_SB20,13.625152698972547,4.085074911747694,2.068295159989975,1.0
KP0714_AC_SB20,13.367292202230926,3.2761507075619187,1.9717483424738955,1.0
KP0715_LM_SB20,11.723743193356302,3.3324152623032304,1.6401378077168032,1.0
KP0716_LM_SB20,12.133850739997541,3.685647253699607,2.054944920429701,1.0
KP0717_AC_SB20,20.72542188059497,5.823934437328145,2.6943799961392574,1.0
KP0718_LM_SB20,11.688604903098106,3.0742145436769026,1.7226472645761617,1.0
KP0719_AC_SB20,20.07114149819472,5.639365847578069,2.6723766083523057,1.0
KP0720_AC_SB20,20.602409356337724,6.537466547934738,2.5145578742350847,1.0
KP0721_AC_SB20,20.12550065735799,5.9644505212988275,2.649910559033462,1.0
KP0722_AC_SB20,19.89758085242675,6.057827993571397,2.5563439818041664,1.0
KP0723_AC_SB20,19.62951853247228,5.584663399581248,2.3399773953484098,1.0
KP0724_AC_SB20,19.69840654583604,6.368377303715996,2.2557016013180755,1.0
KP0725_LM_SB20,19.68698916944899,4.780743703194889,2.122714951531937,1.0
KP0726_AC_SB20,19.69336903934465,5.815420387567932,2.213029111528502,1.0
KP0727_AC_SB20,19.31415230785819,4.817527734848873,2.276365680696589,1.0
KP0728_AC_SB20,19.27896936905989,6.359091151134676,2.2615206052335197,1.0
KP0729_LM_SB20,17.31904498333414,4.346990283967985,1.8736124033209416,1.0
KP0730_AC_SB20,19.436300124033036,5.814030089994426,2.1635486683663805,1.0
KP0731_LM_SB20,17.05071378439113,4.131693423454528,1.649659398009016,1.0
KP0732_LM_SB20,19.06751208110161,5.993832984196538,2.133890260563666,1.0
KP0733_LM_SB20,17.19298294597519,3.833213882346133,1.830710914344748,1.0
KP0734_AC_SB20,18.628461205495924,6.133651945761378,2.478988405347835,1.0
KP0736_AC_SB20,17.994190081085925,6.281028525939364,2.492236251682828,1.0
KP0217_AC_SQ20,-14.916574830388244,0.3990126319685328,-1.4596321136059789,1.0
KP0218_AC_SQ20,-17.08712781569199,0.2915676326613648,-1.498076633042641,1.0
KP0219_AC_SQ20,-17.494181153578477,0.2566687066647009,-1.6466298943273732,1.0
KP0220_AC_SQ20,-17.546309661539013,0.45101835510640537,-1.5703606563615191,1.0
KP0221_AC_SQ20,-17.57539410768433,0.47830259151777993,-1.5943839547864234,1.0
KP0222_AC_SQ20,-17.7942160660369,-0.08771822766801764,-1.1621937212638296,1.0
KP0224_AC_SQ20,-19.19724683508035,-0.6475640192794323,-1.7168482192137569,1.0
KP0225_AC_SQ20,-19.227764267034473,-0.9561569074599325,-1.6001720009590603,1.0
KP0226_AC_SQ20,-19.06176456573816,-0.8328618350040689,-1.5756251399050367,1.0
KP0227_AC_SQ20,-18.83201701535425,-0.840015771510856,-1.2925583107899985,1.0
KP0228_AC_SQ20,-18.62101098388404,-0.6130338377207613,-1.1793741382089709,1.0
KP0229_AC_SQ20,-18.56900189798236,-0.5014447875980927,-1.3087410022594912,1.0
KP0230_AC_SQ20,-18.32212033204284,-0.5936834157125385,-1.2245271396420565,1.0
KP0231_AC_SQ20,-17.79823624215417,-0.16100655857957388,-1.106709155995872,1.0
KP0232_AC_SQ20,-17.785719729065363,-0.3243129940285861,-1.1492141914763347,1.0
KP0233_AC_SQ20,-17.71527601355789,-0.23674285223508948,-1.243532090360031,1.0
KP0234_LM_SQ20,-16.57113448292546,-1.0511353802252927,-1.460921094010722,1.0
KP0235_AC_SQ20,-15.66093162274628,-0.858440989034441,-1.1581711996420432,1.0
KP0236_AC_SQ20,-15.53046592996312,-0.299498570907655,-1.4781235403611517,1.0
KP0237_AC_SQ20,-8.863828414747942,-0.20644170766714842,-1.344352648515304,1.0
KP0238_AC_SQ20,-8.873014908584485,-0.3387700495158196,-1.334867694041415,1.0
KP0239_AC_SQ20,-8.872709453979594,-0.4254234175023269,-1.303338508836345,1.0
KP0240_AC_SQ20,-8.964636219656056,-0.22711932522205094,-1.3641146940286355,1.0
KP0241_AC_SQ20,-10.460731890887184,0.4124351500908311,-1.597628617855709,1.0
KP0242_AC_SQ20,-11.175551359364087,0.5092577269072739,-1.6301794952021913,1.0
KP0243_AC_SQ20,-10.810966867072837,-0.8165884915873176,-1.8885904862760787,1.0
KP0223_AC_SQ20,-17.8497463070253,-0.10868476473262303,-1.2942703536190896,1.0
KP0212_AC_SQ20_X,-14.67101722464518,0.2123539108413056,-1.4840480176184592,1.0
KP0213_AC_SQ20,-14.61130462667375,0.36378479942223546,-1.3630242520202889,1.0
KP0215_AC_SQ20,-14.70011536876437,0.21038214496478733,-1.4277947339435444,1.0
KP0214_AC_SQ20,-14.786228771301305,0.4653812477795277,-1.3564557304427227,1.0
KP0216_AC_SQ20,-14.800602275699429,0.25764933321689837,-1.348381705472275,1.0
KP0248_AC_SQ20,-1.0643442190958363,1.1976735823005957,-1.4236596386212206,1.0
KP0250_AC_SQ20,-1.3897761698323063,1.084555769007155,-1.318950824207859,1.0
KP0251_AC_SQ20,-1.4580933941273537,1.1327660351626834,-1.3954726372363238,1.0
KP0252_LM_SQ20,-0.18285274652827146,-0.8125598335215355,-1.6804996807242183,1.0
KP0253_LM_SQ20,6.248531236156153,0.1829833949347181,-1.3775660700422323,1.0
KP0254_LM_SQ20,6.17346213908575,0.33419983039159284,-1.3500334262970424,1.0
KP0255_AC_SQ20,5.741157841886457,0.6397584580230531,-1.5905024653014943,1.0
KP0256_AC_SQ20,5.642425323217045,0.7451717702893818,-1.5502571788716704,1.0
KP0257_AC_SQ20,4.9758545809119905,0.36240603423321,-1.823100924583941,1.0
KP0259_AC_SQ20,5.031604584995592,0.6797973561281181,-1.8245183412536892,1.0
KP0260_AC_SQ20,4.839770071412605,0.22438900828844832,-1.7280499304630474,1.0
KP0261_AC_SQ20,4.79456756458008,0.24318955697072067,-1.7266006405834855,1.0
KP0262_AC_SQ20,4.705849759637167,0.239318332064861,-1.768515929709889,1.0
KP0263_AC_SQ20,4.807584536182835,0.2908393477871277,-1.769623681600608,1.0
KP0265_AC_SQ20,2.77034583468647,-0.03004690222729108,-1.3650067500994512,1.0
KP0266_AC_SQ20,2.654668245691699,0.026546320149899837,-1.182876985912192,1.0
KP0267_AC_SQ20,2.6547152756053563,0.10526124741750091,-1.2174990634111045,1.0
KP0268_AC_SQ20_X,2.5931839248576365,0.047112283321101026,-1.172540579937585,1.0
KP0271_AC_SQ20_X,2.481084877488324,-0.011387551292536742,-1.190325051654176,1.0
KP0270_AC_SQ20,2.4878235507100097,0.03438193708493249,-1.1888842234525203,1.0
KP0272_AC_SQ20,2.3368209077608273,0.7389670877453769,-1.33583386570296,1.0
KP0273_AC_SQ20,2.2750571901400565,0.6804388327557698,-1.2732326880200735,1.0
KP0274_AC_SQ20,2.057119783933466,0.8506321945895449,-1.2882871283735535,1.0
KP0275_AC_SQ20,1.9897388470978723,0.7595740618651621,-1.2515554712133652,1.0
KP0276_AC_SQ20,1.9605055819586796,0.6511654205933775,-1.2684773027379663,1.0
KP0277_AC_SQ20,1.9046911497744852,0.8147690588339717,-1.2955858050659057,1.0
KP0278_AC_SQ20,1.6287403076020934,-0.5604160741690563,-1.2387974726059696,1.0
KP0280_AC_SQ20,1.8054812171948147,-0.6091319868103642,-1.1189358035447872,1.0
KP0279_AC_SQ20,1.6869502723602365,-0.43865493842767356,-1.129762763090543,1.0
KP0281_AC_SQ20,1.8588887774222302,-0.5861940757975045,-1.1655291890823094,1.0
KP0282_LM_SQ20,4.257059304539372,-0.82694627615352,-1.8220838787642144,1.0
KP0285_LM_SQ20,6.172116218318321,-0.23809572773999244,-1.766138753357226,1.0
KP0286_AC_SQ20,6.602006068509515,-0.6436338195530963,-1.2590314942992336,1.0
KP0283_AC_SQ20_X,4.9178584293028935,-1.1404444298903047,-1.732655820776417,1.0
KP0284_AC_SQ20_X,4.928731467699627,-1.1873061612199893,-1.7046367573063648,1.0
KP0264_AC_SQ20_X,2.7447962491857925,-0.042327419246757834,-1.444879175299956,1.0
KP0269_AC_SQ20,2.5518485415791954,0.012687928411360025,-1.1690324819361866,1.0
KP0249_LM_SQ20,-1.1447531361072363,1.3191461925686283,-1.56024069149154,1.0
KP0258_AC_SQ20,4.918333138018204,0.3679657984609003,-1.8526069192679064,1.0
KP0950_AC_WP05,-11.326108387111232,-2.0471721034976444,-0.0577336479357877,1.0
KP0952_HU_WP05,-11.849843857077799,-1.6559976713000595,0.0606121978928598,1.0
KP0954_HU_WP05,-11.912652987577113,-1.607278929053097,0.1384212168866088,1.0
KP0955_HU_WP05,-11.932742151381131,-1.6324321827000003,0.1569294981104382,1.0
KP0956_HU_WP05,-11.998114848429625,-1.643281768337324,0.193923779135463,1.0
KP0957_HU_WP05,-11.932539344627472,-1.5579578798309606,0.1328728918699983,1.0
KP0958_HU_WP05,-12.080062652811515,-1.6989607188038824,0.1767445689768136,1.0
KP0959_HU_WP05,-12.287757227577831,-1.8256189526262265,0.0752966726770907,1.0
KP0960_HU_WP05,-12.29061520400314,-2.027926462246629,0.0821320524410748,1.0
KP0961_HU_WP05,-12.635717108772331,-1.6191115622966499,-0.0462620847693437,1.0
KP0962_AC_WP05,-12.636254475411041,-1.5622027706418438,0.0035423355941829,1.0
KP0963_HU_WP05,-12.97873263013116,-2.0197395924627153,-0.1450615240470159,1.0
KP0964_HU_WP05,-11.701714178502092,-2.292413646741808,0.0093972444428353,1.0
KP0965_AC_WP05,-11.48243959889059,-2.3429404067255377,0.0026366489489464,1.0
KP0966_AC_WP05,-11.508284574331801,-2.509842714083052,-0.1009402811767362,1.0
KP0967_AC_WP05_X,-9.580557577210605,-2.1504038674735675,-0.2490328838230236,1.0
KP0968_HU_WP05,-9.057124579303785,-1.8525185806047326,-0.2947138376243412,1.0
KP0969_HU_WP05,-7.331597368676554,-0.31406642044156163,-0.3583460679085504,1.0
KP0970_HU_WP05,-8.363511455952581,-0.93559093174751,-0.321665727846964,1.0
KP0971_HU_WP05,-8.365291268314392,-0.7850433186515303,-0.2674318724244374,1.0
KP0972_HU_WP05,-8.610801775017272,-0.7603014906616278,-0.2880932648142486,1.0
KP0973_HU_WP05,-6.329924818186158,-0.7096650326227127,-0.4581470023349159,1.0
KP0974_AC_WP05,-3.6615000664706776,0.12305260817365414,-0.0806047952685146,1.0
KP0975_AC_WP05,-3.8124558030458786,0.4687515322358361,-0.273010639949962,1.0
KP0976_AC_WP05,-4.0304163192136375,0.4636588199070106,-0.2929258442892082,1.0
KP0977_AC_WP05,-3.926993971156246,0.39103077773491063,-0.2476637572413821,1.0
KP0978_AC_WP05,-0.8741941283060624,-0.7944934520967283,-0.5239080935537969,1.0
KP0979_HU_WP05,5.374819555507822,1.9961747249681898,-0.1036822943940814,1.0
KP0980_HU_WP05,2.8190522212218814,1.137565327754638,-0.1032836601565888,1.0
KP0981_AC_WP05,2.8146792650886443,0.9510347224364852,-0.2029845321979594,1.0
KP0982_AC_WP05,3.430819438994063,0.7131672960844649,-0.2608415991926356,1.0
KP0983_AC_WP05,6.3085167633080985,1.3910594753844818,-0.0360912529692298,1.0
KP0984_HU_WP05,6.603379554332239,1.4424100588988318,-0.077798149308714,1.0
KP0985_HU_WP05,6.629194509171819,1.4533334971957867,-0.1796415221176997,1.0
KP0986_HU_WP05,8.479949961595457,0.9878764563580643,-0.2399880292224404,1.0
KP0987_HU_WP05,9.60838332658738,0.8111046091024594,-0.2147262167859316,1.0
KP0988_AC_WP05,-3.705469385263506,-0.29056571408841764,-0.1314814375624895,1.0
KP0989_AC_WP05,-1.2453331225551574,-0.7534310412819945,-0.4395386645381137,1.0
KP0739_HU_WP10,-0.03949859071376648,-0.5580191600096849,-4.062679572971942,1.0
KP0740_HU_WP10,0.19110557324319544,0.3911905304617567,-4.08617958681524,1.0
KP0741_AC_WP10,-0.32161695385287026,-0.8403964741935157,-4.433287529628749,1.0
KP0742_AC_WP10,-0.9659426332575864,0.21733003995100827,-4.636093632197198,1.0
KP0743_AC_WP10,-0.5544206467835463,-0.5737736433352533,-4.301409351196311,1.0
KP0744_HU_WP10,-0.9523829538805088,0.9975846566441916,-4.603787022685935,1.0
KP0745_AC_WP10_X,-0.5447102284945342,-0.6475225724992876,-4.68120157713413,1.0
KP0746_AC_WP10,-1.0778042480595444,0.8064114572575676,-4.926330552562089,1.0
KP0747_AC_WP10,-0.8944101919960394,-0.7752116859362256,-5.028586282467675,1.0
KP0748_AC_WP10,-2.3612416172315243,0.2551472992994936,-4.658230746471082,1.0
KP0749_AC_WP10,-1.456160807306312,-0.5091339338209329,-4.561798183962673,1.0
KP0750_AC_WP10,-2.629551922123952,0.5251418147540753,-4.3020269170453815,1.0
KP0751_AC_WP10,-1.4498308996077895,-0.967850604997029,-4.957250535232364,1.0
KP0752_AC_WP10,-2.608470065891302,0.5209591089468962,-4.499120110880918,1.0
KP0753_AC_WP10_X,-2.5586519791686344,-1.3325393788238504,-5.149003449606085,1.0
KP0754_LM_WP10,-4.457934340163306,1.1088575899570472,-5.374780545482989,1.0
KP0755_AC_WP10,-3.108966983470154,-1.426473281563885,-4.309434006553048,1.0
KP0756_AC_WP10,-4.100310324374227,0.8143380134139002,-4.782389364784585,1.0
KP0757_AC_WP10,-3.43723858951988,-1.4767499042994554,-4.192927857286646,1.0
KP0758_AC_WP10,-4.324366410911047,0.9601879102044377,-4.250826389110965,1.0
KP0759_AC_WP10,-3.6004732788997207,-0.9401751887090755,-4.605404063906343,1.0
KP0760_AC_WP10,-4.584306042457982,0.9234745282109731,-3.99778246170786,1.0
KP0761_AC_WP20,-4.778133466802972,0.1600243182897565,-4.015482322219643,1.0
KP0762_AC_WP10,-4.830065468214388,0.895277740011424,-3.661497013449662,1.0
KP0763_LM_WP10,-5.467222263602229,-0.1945534384248975,-5.1161206317159165,1.0
KP0764_HU_WP10,-4.513695812985804,1.327901164107461,-4.20524227837086,1.0
KP0765_AC_WP10,-4.900411177034168,0.25062489409699534,-3.794959016899544,1.0
KP0766_AC_WP10,-5.057331651260834,1.0308902481346847,-3.9021769952155214,1.0
KP0767_AC_WP10,-5.17389528795109,0.37649807810644104,-3.6754315430498528,1.0
KP0768_HU_WP10,-4.838508447290107,1.328640832836251,-4.121346832028214,1.0
KP0769_AC_WP10,-5.25770861436308,0.4014269963437814,-3.449959073476595,1.0
KP0770_AC_WP10,-5.092048953230255,0.8355875542375213,-3.5171495898202254,1.0
KP0771_AC_WP10,-5.577593180257708,0.3638987679856368,-3.954133118055145,1.0
KP0772_AC_WP10,-5.291403412511969,1.246715132250239,-3.80900797646556,1.0
KP0773_AC_WP10,-6.040675810712987,0.06136619383909398,-4.192354516720741,1.0
KP0774_AC_WP10,-5.18433978854569,1.4384541636426873,-4.051238706909305,1.0
KP0775_HU_WP10,-5.452136805968739,0.21404586558987032,-4.074250454417326,1.0
KP0777_AC_WP10,-3.998275260259047,-0.7257616136299194,-4.7186044761698005,1.0
KP0778_AC_WP10,4.951415281614146,1.2838475110849494,-4.108895854039065,1.0
KP0779_AC_WP10,-4.296784974641141,-0.9412400537357317,-4.830481050830184,1.0
KP0780_AC_WP10,4.743819360825538,1.1334229387611512,-4.202032785810827,1.0
KP0781_AC_WP10,-4.247538862571795,-0.4500091361790217,-4.9619888888487,1.0
KP0782_AC_WP10,4.231755698613251,1.0804878824915685,-3.9792894387432183,1.0
KP0783_HU_WP10,-4.666162286751117,0.4757189841751559,-3.7419124031921625,1.0
KP0784_AC_WP10,4.507981451259551,1.1564851544780317,-4.158610617829513,1.0
KP0785_AC_WP10,-5.027278328668245,0.6256405360310833,-3.470503191804484,1.0
KP0786_HU_WP10,4.642704477130529,1.5670199479203348,-4.239010398163017,1.0
KP0787_AC_WP10,5.098905143259414,0.9325208417417864,-4.188037544358687,1.0
KP0788_AC_WP10,4.336481807289378,1.211580160975263,-4.027274493413958,1.0
KP0789_HU_WP10,4.883642322928295,1.0016845896985023,-4.143201127487077,1.0
KP0790_AC_WP10,4.594657330846381,1.337075694105366,-4.184665864159213,1.0
KP0791_AC_WP10,4.637646326397827,0.44278958245358685,-4.287141209329855,1.0
KP0792_AC_WP10,4.039844534660174,1.7346744194052095,-3.947838948285198,1.0
KP0793_AC_WP10,4.621940870167843,0.4491907157318056,-4.581219746112242,1.0
KP0794_AC_WP10,4.060442076081082,1.3346371959172565,-4.066043842170288,1.0
KP0795_LM_WP10,4.275044049922201,0.2694974109224861,-4.750153006027614,1.0
KP0796_AC_WP10_X,3.832669883510241,1.2068514603461657,-4.114723916260292,1.0
KP0797_AC_WP10,4.344638197631578,0.42191858157722567,-4.594476483645737,1.0
KP0798_HU_WP10_X,3.896853797300939,1.2038122187403553,-4.045673665747472,1.0
KP0799_AC_WP10,4.22170058242556,0.5551305919655334,-4.281168679169308,1.0
KP0800-X_AC_WP10,3.7947012333222947,1.0536445914923762,-3.9964285708908185,1.0
KP0800_AC_WP10,3.9268582261251535,1.1906251963306052,-3.9674302768929537,1.0
KP0801_AC_WP10,4.014984840064183,0.7121691524977616,-4.18357747056588,1.0
KP0802_AC_WP10,3.780879848202242,0.9979696138444,-4.160686618986955,1.0
KP0803_HU_WP10,4.144393238920513,0.1987678743510558,-4.679143325978726,1.0
KP0804_AC_WP10,3.70224100268996,0.9925416157918808,-4.160474651923004,1.0
KP0805_HU_WP10,3.678129087227628,0.2751374614458889,-4.367847328667708,1.0
KP0806_AC_WP10,3.5849380577028542,1.1935129756579252,-4.20406961776202,1.0
KP0807_AC_WP10,3.5257120427095017,0.4221446866938993,-4.142416145272532,1.0
KP0808_AC_WP10,3.4899582246593166,1.3624904439197338,-4.1730727108070695,1.0
KP0809_AC_WP10,3.6598880542540035,0.005690940571305771,-4.2897547012809385,1.0
KP0810_AC_WP10,3.379455971966111,1.0114925327293067,-4.3659790220106265,1.0
KP0811_AC_WP10,3.334448535019753,0.5496892905882896,-4.354136418542544,1.0
KP0812_AC_WP10,3.205804664859819,0.8252827959554812,-4.308117110465968,1.0
KP0813_AC_WP10,3.167110449433147,0.15466480906073385,-4.54245908209785,1.0
KP0814_HU_WP10_X,3.2661084763117496,1.1609928829021474,-4.148373817626502,1.0
KP0815_AC_WP10,3.4287559713558244,-0.15426074790514827,-4.610466075055536,1.0
KP0816_AC_WP10,3.286951444875956,0.8610794521737564,-4.648176098930578,1.0
KP0817_AC_WP10,1.5828518116153412,0.05290951933517376,-4.512791089152869,1.0
KP0819_AC_WP10,1.6124577300866705,-0.17169465580253648,-4.947314576887548,1.0
KP0820_AC_WP10,1.4767896866187327,0.38388276275438393,-4.2698732082522834,1.0
KP0821_AC_WP10_X,11.340613824020995,1.5777873815089336,-3.341793507702688,1.0
KP0823_AC_WP10,9.39581776187797,0.8893245186835543,-4.2206320741932,1.0
KP0824_AC_WP10,10.823615581201924,1.923126966480471,-4.199496697333664,1.0
KP0825_AC_WP10,9.133892512576724,-0.004949758241561027,-4.7066901985039085,1.0
KP0827_AC_WP10_X,9.043370275529348,-0.09806576804921101,-4.1766405840291085,1.0
KP0829_HU_WP10_X,9.00463025029116,-0.07533956783555552,-4.256627857862587,1.0
KP0831_HU_WP10,8.97755344827957,-0.07290968806964891,-4.394459862356722,1.0
KP0833_AC_WP10,8.991982210794758,-0.0031855631424136223,-4.462472184120495,1.0
KP0835_AC_WP10,8.948160301382842,0.16348182974826847,-4.64072477249861,1.0
KP0837_AC_WP10,8.436951609446263,-0.08372085849463666,-4.200543519540047,1.0
KP0839_HU_WP10_X,8.723911014884726,-0.056485156941042385,-3.8164597764344266,1.0
KP0841_AC_WP10_X,8.602822799240155,-0.19945281644701204,-3.780786740778341,1.0
KP0845_AC_WP10,8.470626939199976,-0.1930736727531776,-3.795292492764673,1.0
KP0847_AC_WP10_X,8.27952780901442,-0.31460479911911915,-4.121702751033307,1.0
KP0849_AC_WP10,8.22762617916236,0.043458764745354664,-4.703177938949348,1.0
KP0851_AC_WP10,7.867544880992703,0.4054723370328345,-4.688310233687792,1.0
KP0853_AC_WP10,7.761837490082336,0.41455573713180016,-4.617797654418882,1.0
KP0855_AC_WP10,7.443792936252826,0.5928667280967206,-4.402724728346458,1.0
KP0857_AC_WP10,7.0898509154391105,0.8052839296511369,-4.258815185239212,1.0
KP0859_HU_WP10,6.823361386023124,0.45591974078860104,-4.049589277239543,1.0
KP0861_AC_WP10,6.798167610097467,0.475431908209932,-4.223804885074861,1.0
KP0863_AC_WP10,6.571276336251156,0.8227975962083475,-4.307145350174602,1.0
KP0879_AC_WP10,14.555729515265966,1.4224142290637976,-4.334710684075439,1.0
KP0881_AC_WP10,13.980326757820151,1.3938682949436874,-4.303262829576437,1.0
KP0883_AC_WP10,13.77427120855783,1.5573164641831736,-4.060075966375336,1.0
KP0885_AC_WP10,13.503256631937722,1.725737826478868,-3.764818848019774,1.0
KP0887_AC_WP10,13.361366258552474,1.6154234074269154,-4.229577091111797,1.0
KP0889_LM_WP10,12.16050477054416,1.2411711853244913,-4.2495443039800085,1.0
KP0891_AC_WP10,12.328089443559502,1.2539264172048459,-4.311466540714381,1.0
KP0893_LM_WP10,11.775168744665491,1.0355430475322054,-3.921965234588601,1.0
KP0895_AC_WP10,11.895865182304345,0.9765482545144919,-3.975133330082813,1.0
KP0897_AC_WP10_X,11.957759699970424,1.4025123021688926,-3.614436732551634,1.0
KP0899_HU_WP10,11.675648450105442,1.552100669216721,-3.0335436246597727,1.0
KP0901_HU_WP10_X,12.005605413922945,1.677248454596187,-2.9959716654432,1.0
KP0903_HU_WP10,11.884445002008919,1.8377933380593068,-3.0038472595393184,1.0
KP0905_LM_WP10_X,12.583181581568493,1.4237203259525328,-3.813917164292905,1.0
KP0287_LM_WP20,-12.668711862919308,0.9009092448959706,0.0445391630113874,1.0
KP0288_LM_WP20,-12.787982188012824,0.7954893407713173,-0.0981625945954925,1.0
KP0289_AC_WP20,-12.954711615246135,0.8540526749140049,0.0012932515098191,1.0
KP0290_LM_WP20,-13.131909878064906,1.0798734122964013,-0.1287299692348573,1.0
KP0291_AC_WP20,-13.31393807051502,0.8354540734661652,-0.0254304496475436,1.0
KP0292_AC_WP20,-13.34622455891568,0.7452638186014907,0.3223701001174182,1.0
KP0293_LM_WP20,-14.01724542397878,-0.17309738127701219,-0.0836463512319072,1.0
KP0294_AC_WP20,-14.76640073101535,0.09622462038648184,0.0126848141959978,1.0
KP0295_AC_WP20,-14.824554423055703,-0.037555230898963184,0.3002541767220399,1.0
KP0296_AC_WP20,-15.170366137220768,0.02440462388139367,0.4120483425773547,1.0
KP0297_AC_WP20,-15.19359730726465,0.13009894307213585,0.3677226025642257,1.0
KP0298_AC_WP20,-15.180126885952768,0.23774440584387585,0.1053163471354437,1.0
KP0299_AC_WP20,-15.29502073446156,0.0426950125487447,0.359801981231835,1.0
KP0300_AC_WP20,-15.343785068873963,0.07629681381407809,0.2877481862127577,1.0
KP0301_AC_WP20,-15.30745227234828,0.325394876754104,0.1483883023452039,1.0
KP0302_AC_WP20,-15.481528958203269,0.17197026922197023,0.0112561780635021,1.0
KP0303_AC_WP20,-15.494772259210565,0.3372069638161912,0.1417444730091307,1.0
KP0304_AC_WP20,-15.550742725336493,0.28007245991674323,0.1842057490681712,1.0
KP0305_AC_WP20,-17.502720799825063,1.930770455265971,1.101427924771499,1.0
KP0306_LM_WP20,-17.928029613007816,0.16128721421310302,0.2287354092171005,1.0
KP0307_LM_WP20_X,-17.217582149579005,-0.5224901761757956,0.2999844528120906,1.0
KP0308_LM_WP20_X,-16.95291048930818,-0.44534214472406625,0.2325095100261326,1.0
KP0309_AC_WP20,-16.330032203346914,-0.37023269313940277,0.441387248034924,1.0
KP0310_AC_WP20,-16.14957375466016,-0.40493730573684494,0.6757512531355865,1.0
KP0311_AC_WP20,-15.939245660131732,-0.44035339179344607,0.6271125370315029,1.0
KP0312_AC_WP20,-16.048631565575192,-0.5226370214210507,0.6386894155996067,1.0
KP0313_AC_WP20,-16.05437637797093,-0.6399628919772148,0.6629796004154748,1.0
KP0314_AC_WP20_X,-15.273951137125751,-0.12091397407921028,0.1814919961266119,1.0
KP0315_AC_WP20,-14.627177768450954,-0.34330388881424345,0.1285159547697658,1.0
KP0316_AC_WP20,-14.604339671181586,-0.2928753134150969,0.0611591862159789,1.0
KP0317_AC_WP20,-14.664194264998658,-0.250699664223855,-0.0058747149732935,1.0
KP0318_LM_WP20,-14.238066112584029,-0.10294840720100966,-0.1975451704605232,1.0
KP0319_LM_WP20,-13.479133204946637,-0.47397523854885626,-0.1580998223422511,1.0
KP0320_LM_WP20,-13.344306490976255,-0.47763232728460314,-0.1668144724238816,1.0
KP0321_LM_WP20,-13.152083671082837,-0.40457956698408454,0.1955861388451459,1.0
KP0322_LM_WP20,-12.583000882376824,0.33372156937651754,-0.1073429769907046,1.0
KP0323_AC_WP20,-8.234995700591604,1.5313719671996187,1.181071201693893,1.0
KP0324_AC_WP20,-8.192843780213767,1.6031496782191512,1.2034371667437944,1.0
KP0325_AC_WP20,-8.365590608720101,1.9674410814800884,1.0750073192154974,1.0
KP0326_AC_WP20,-8.429893345866365,2.2453578183327365,1.1241176359866754,1.0
KP0327_AC_WP20,-8.352514183142413,1.7104062543838223,1.0266138055974188,1.0
KP0328_LM_WP20,-8.58937108017053,2.2461740741792675,0.7473387078853772,1.0
KP0329_AC_WP20,-8.749678760358947,2.2808186914599067,0.7026939746072348,1.0
KP0330_LM_WP20,-8.95860714508538,1.8961367306926755,0.6213396578074613,1.0
KP0331_AC_WP20,-8.958974285779671,1.4313962357648895,0.4573024279745622,1.0
KP0332_AC_WP20,-9.092807418360456,1.4572620095977442,0.5481686044493367,1.0
KP0333_AC_WP20,-9.150094389408967,1.4321637568658494,0.60629688171948,1.0
KP0334_AC_WP20,-9.138915491533156,1.3345398072695547,0.5389970464706579,1.0
KP0335_AC_WP20,-9.32290634392725,1.840850481822311,0.8564615515666785,1.0
KP0336_AC_WP20,-9.345964475970051,1.907482103034029,0.8391521089535268,1.0
KP0337_AC_WP20,-9.453266840359436,1.8845613519737832,0.8196708926736428,1.0
KP0338_AC_WP20,-9.576156738172134,1.6652908354353395,0.8306641120611331,1.0
KP0339_AC_WP20,-9.567795532905246,1.5723843592183953,0.5537914096825454,1.0
KP0340_AC_WP20,-9.570608871399843,1.4408856756724098,0.5551523552650688,1.0
KP0341_LM_WP20,-9.47775565276609,1.4395248062392552,0.053084203319367,1.0
KP0342_LM_WP20,-9.511419149849328,1.3109863845827119,0.0412332550225028,1.0
KP0343_LM_WP20,-9.610129030247613,1.2951308604426295,0.1735996729999525,1.0
KP0344_LM_WP20,-9.674890146718555,0.8918989177047989,0.1181665506007448,1.0
KP0345_LM_WP20,-10.01144697010319,1.3763235028936098,0.1303917110232163,1.0
KP0346_AC_WP20,-10.002945820238907,1.136022646159669,0.2095928354436076,1.0
KP0347_AC_WP20,-10.022982549358568,0.6354814308470783,0.0210397238458001,1.0
KP0348_LM_WP20,-10.203218308068708,0.7977526557587384,-0.031932987174864,1.0
KP0349_LM_WP20,-10.427085955728927,0.87414694965011,0.0220457606148377,1.0
KP0350_LM_WP20,-10.821867470836652,0.2836525650766947,-0.0698008329310314,1.0
KP0351_AC_WP20,-11.033652579708868,0.79098310515197,0.4353337710903315,1.0
KP0352_AC_WP20,-11.05216237087729,0.540582334402491,0.4591447098117261,1.0
KP0353_AC_WP20,-11.19730518860311,0.7778939442471964,0.481099819462528,1.0
KP0354_AC_WP20,-11.126633941810107,0.8352910162573818,0.3410887125795929,1.0
KP0355_AC_WP20,-11.042352858580811,1.7211148040061708,0.3985854318402811,1.0
KP0356_AC_WP20,-11.51397116786318,1.2426147527695157,0.8264664550669335,1.0
KP0357_AC_WP20,-11.709300324617987,1.596275719961282,0.7062761785541427,1.0
KP0358_AC_WP20,-11.719899185874496,1.0247138544818404,0.8261659310476362,1.0
KP0359_AC_WP20,-11.838285248105752,1.4431888508108326,0.8335984101304169,1.0
KP0360_AC_WP20,-11.88370274926596,1.5678944951028582,0.7553678090469749,1.0
KP0361_AC_WP20,-11.94232512655451,1.5766580731550375,0.7346440814083668,1.0
KP0362_AC_WP20,-12.050098544013846,1.4949071941688887,0.7633262799355761,1.0
KP0363_AC_WP20,-12.081649923275279,1.5624770771310021,0.6133665985562389,1.0
KP0364_AC_WP20,-12.303952144718764,1.1887996738373745,1.1437656699788918,1.0
KP0365_AC_WP20,-12.071159982836328,1.2351968534374604,0.991721421053327,1.0
KP0366_AC_WP20,-12.25873125379206,1.2177633772061,0.9346624802746972,1.0
KP0367_AC_WP20,-12.17466861314666,1.0345525079926647,1.1686627846373914,1.0
KP0368_AC_WP20,-11.842827249488657,0.8943308107854623,0.9416135553907304,1.0
KP0369_AC_WP20,-12.10156568619936,0.8316091697096355,0.885171871883642,1.0
KP0370_AC_WP20,-12.51572424762456,0.9834788515175142,0.5780948571254443,1.0
KP0371_AC_WP20,-12.4449855347548,1.3865831507461075,0.6642296548616833,1.0
KP0372_AC_WP20,-12.361233117104055,1.5760250498395971,0.730633815215718,1.0
KP0373_AC_WP20,-12.236842813977084,0.9409864235167388,0.8537881213298679,1.0
KP0374_AC_WP20,-10.641426758550493,-0.33632175403175035,0.2193919249480212,1.0
KP0375_LM_WP20,-9.807030374390878,-0.011377453858598426,0.121522417532425,1.0
KP0376_LM_WP20,-9.548340754228091,-0.0018560577734139955,0.0523019583516932,1.0
KP0377_LM_WP20,-9.681622225963855,-0.2590009594427006,0.4278342828923439,1.0
KP0378_AC_WP20,-9.286963105246251,-0.07758903169694345,0.386538281193471,1.0
KP0379_AC_WP20,-9.276177354626677,-0.2776967748905065,0.2402427466804994,1.0
KP0380_LM_WP20,-9.03540014660516,-0.25450965350873705,0.0934106231876201,1.0
KP0381_AC_WP20,-8.953892250686186,-0.09732393767762201,0.2627215189613614,1.0
KP0382_AC_WP20,-8.826230540159507,-0.10405487198676756,0.4407617096317494,1.0
KP0383_AC_WP20,-8.78978623064359,-0.23070949745839503,0.1228817312758165,1.0
KP0384_AC_WP20,-8.27506274044213,1.2862191376403542,0.610524838858993,1.0
KP0385_AC_WP20,-2.9382316314507584,1.3742278230838052,0.8601653178224345,1.0
KP0386_AC_WP20,-2.929118309029946,1.4096001609467133,0.8971915491418915,1.0
KP0387_AC_WP20,-2.943777821340831,1.4666976675721686,0.9182107685425528,1.0
KP0388_AC_WP20,-3.092106883354677,1.4716481543996696,0.865180853920126,1.0
KP0389_AC_WP20,-3.27038504870339,1.602948712142953,0.97300249398134,1.0
KP0390_AC_WP20,-3.3082207480883863,1.5605511460700547,0.9332342472710428,1.0
KP0391_LM_WP20,-3.479062815220912,0.6853540951401822,0.0465734881110343,1.0
KP0392_AC_WP20,-3.3479869997531497,0.428613145099519,0.077943409001481,1.0
KP0393_AC_WP20,-3.4144018488504213,0.4711123993293489,0.0866640496752424,1.0
KP0394_AC_WP20,-3.3330493219227995,0.5222859808196338,0.1491368591394109,1.0
KP0395_AC_WP20,-3.425426379913217,0.5397431898713768,0.1498235825105652,1.0
KP0396_AC_WP20,-3.4477340372772933,0.5881635657779178,0.1037348274280714,1.0
KP0397_AC_WP20,-3.4770527609523736,0.545702298314773,0.1126848579113946,1.0
KP0398_AC_WP20_X,-3.822482921001378,0.5474519310402481,-0.1137208013365665,1.0
KP0399_LM_WP20,-4.013578393966551,1.135419770291388,-0.3960973895490033,1.0
KP0400_LM_WP20,-4.347247110497625,1.3151639841317195,-0.2379928506797603,1.0
KP0401_AC_WP20,-4.578911261044604,1.81680611602564,-0.0746038028769361,1.0
KP0402_AC_WP20,-4.605116069627123,1.7956731247222852,-0.1457474016229415,1.0
KP0403_LM_WP20,-4.607382297240452,1.802829330565319,-0.2316387125916739,1.0
KP0404_AC_WP20,-4.852239785353028,1.4595781780412773,-0.3272556511049375,1.0
KP0405_AC_WP20,-5.046575689347284,1.1580468460703774,-0.1126255929233588,1.0
KP0450_AC_WP20,-5.152750846773567,0.946326307997691,0.0695986866728651,1.0
KP0451_LM_WP20,-5.198132903090845,1.8678717440422863,-0.1787200822210284,1.0
KP0452_AC_WP20_X,-5.327676391111965,1.975347239348381,-0.1323743455964146,1.0
KP0453_LM_WP20_X,-5.612596034174187,1.9424704873497753,-0.3029957226740639,1.0
KP0454_AC_WP20,-6.045027127746628,1.7995563640937655,-0.0214465876862915,1.0
KP0455_AC_WP20,-6.553531881594315,1.55812745673214,0.4155243123010441,1.0
KP0456_AC_WP20,-6.7562838714075,1.4346943242160257,0.060248292172895,1.0
KP0457_AC_WP20,-6.782237098459384,1.362655466163767,-0.1928626496415754,1.0
KP0458_LM_WP20,-7.046789966174329,1.6352554141722357,-0.2142980248901061,1.0
KP0459_LM_WP20,-7.363328207033511,1.5984507471645824,-0.2125875230289324,1.0
KP0460_LM_WP20,-7.315052005165199,1.7670881626459412,-0.1104620518208371,1.0
KP0461_AC_WP20,-7.748542266103406,1.649994559159595,0.5302687630147797,1.0
KP0462_AC_WP20,-7.797048577818128,1.5763727960221878,0.567724163759632,1.0
KP0463_AC_WP20,-7.855980354812943,1.8079161629239426,0.7632503326695279,1.0
KP0464_AC_WP20,-8.015906838881707,1.803505684396241,0.7568868440981696,1.0
KP0465_AC_WP20,-8.11453533575053,1.6487803774833576,0.8382854252750137,1.0
KP0466_AC_WP20,-8.040292845345927,1.6320878882394205,0.7342028176177741,1.0
KP0467_AC_WP20,-6.839753840431115,1.117288459096084,0.6722728176604866,1.0
KP0468_AC_WP20,-7.039934106972674,1.1330919444322265,0.5070437294454482,1.0
KP0469_AC_WP20_X,-6.774285379990175,0.9508456185664581,0.5094120503884525,1.0
KP0470_AC_WP20,-6.7166835741293225,0.27855533151572764,0.3292907923350674,1.0
KP0471_AC_WP20,-6.50019638912582,0.0738003173447921,0.1073696146162877,1.0
KP0472_LM_WP20,-5.0377412311509975,0.48109478614467993,-0.0818589638950864,1.0
KP0473_LM_WP20,-4.9635050895924895,0.43798880834061393,0.1634087696869111,1.0
KP0474_AC_WP20,-4.9912540720578225,0.4744209694168552,0.2203615979346201,1.0
KP0475_AC_WP20,-3.734386668930127,-0.2598846209767701,0.1186224843969956,1.0
KP0476_AC_WP20,-3.6779352867942587,-0.3593848375837775,0.2528572848227957,1.0
KP0477_AC_WP20,-3.562574873094735,-0.3101759297111311,0.1727374933467559,1.0
KP0478_AC_WP20,-3.5155324203122222,-0.3791461736155001,0.2146312505585925,1.0
KP0479_AC_WP20,-3.235919126806966,-0.6861090280992819,0.1415007648051478,1.0
KP0480_AC_WP20,-2.9353002543066995,-0.6808322515509897,-0.0791195676071814,1.0
KP0481_AC_WP20,-2.9132292006899596,-0.5797127036516526,-0.1548078710919421,1.0
KP0482_LM_WP20,-2.7370826700869006,-0.14365483789110436,-0.2331371203895029,1.0
KP0483_AC_WP20,-2.435167497861159,0.06942423361803274,0.5061936727034649,1.0
KP0484_AC_WP20,-2.3236107699945676,-0.020296471321771273,0.1845852612908841,1.0
KP0485_AC_WP20,1.8050816010165622,0.5262205042563519,0.707039574957348,1.0
KP0486_AC_WP20,1.6271166327038973,0.4244364623840242,0.682012107184667,1.0
KP0487_AC_WP20,1.5911632827347482,0.763732521075544,0.5293210329497579,1.0
KP0488_AC_WP20,1.366051327614679,0.8316335993096795,0.4717110629615287,1.0
KP0489_AC_WP20,1.1394445664943242,0.6013921118431044,0.4204729341690033,1.0
KP0490_AC_WP20,0.8261258343415903,0.5878465044050447,0.3361792324946255,1.0
KP0491_AC_WP20,0.8525452646839538,0.7291536382144594,0.2576319275047601,1.0
KP0492_AC_WP20,0.6865285891755091,0.8782259643405417,0.2790108589535558,1.0
KP0493_AC_WP20,0.8226980069523203,0.9306414337322916,0.2739076918423813,1.0
KP0494_AC_WP20,1.0590895310604447,0.9796596068723917,0.0596398537845947,1.0
KP0495_AC_WP20,1.1246760867356347,0.8505335539876858,0.1600330202460189,1.0
KP0499_AC_WP20,0.5975760748706208,0.9649040439633916,0.3258917680549275,1.0
KP0500_AC_WP20,0.6147988944536475,0.9450021422267141,0.3036854112836574,1.0
KP0501_AC_WP20,0.42987090506328074,1.0482114871340915,0.3374904559682178,1.0
KP0502_AC_WP20,0.37196214071325256,1.1297795898383274,0.2966636079123885,1.0
KP0503_AC_WP20,0.32864361508686174,0.960391132104689,0.3385130735799751,1.0
KP0504_AC_WP20,0.3398928619515411,1.2182338628902558,0.3672963215892721,1.0
KP0505_AC_WP20,0.4083106612468895,1.2630749393084748,0.2227359903806975,1.0
KP0506_AC_WP20,0.1835405764113683,1.1813854399746873,0.351059106935763,1.0
KP0507_AC_WP20,0.22587149559493538,1.023081697113773,0.3666012155516991,1.0
KP0508_AC_WP20,0.22312633250959435,0.7652364830288949,0.1872724575743845,1.0
KP0509_AC_WP20,-0.36745025900073447,0.45579053278364196,0.6818858959613024,1.0
KP0510_AC_WP20,-0.30088130650525674,0.43313335386348595,0.6289038379978493,1.0
KP0511_AC_WP20,-0.40631498846747377,0.44995223374253507,0.6813147261154627,1.0
KP0512_AC_WP20,-0.4208418147568763,0.5500075378830575,0.6398981470920759,1.0
KP0513_AC_WP20,-0.4598270249963693,0.6002399087496637,0.4814483724399112,1.0
KP0514_AC_WP20,-0.34368928154301887,0.6432286069454025,0.3483122975631705,1.0
KP0515_AC_WP20,-0.39125777913374615,0.5612802946007016,0.1397898635511592,1.0
KP0516_AC_WP20,-0.43247606579917897,0.7104520706355392,0.4060979457936922,1.0
KP0517_AC_WP20,-0.5276996581592154,0.6570051615283724,0.3534563790869755,1.0
KP0518_LM_WP20,-0.642199672337088,0.8577929848624881,0.3232075271102624,1.0
KP0519_AC_WP20,-0.24331717730403185,1.1901120815001678,0.449003937776725,1.0
KP0520_AC_WP20,-0.42987639788740617,1.2243751042222895,0.5038234049251199,1.0
KP0521_AC_WP20,-0.20539300494225893,1.3098928357005837,0.3983288213465561,1.0
KP0522_AC_WP20,-0.6179907197796763,1.4620787265704658,0.4406764982408715,1.0
KP0523_AC_WP20,-0.7592730180211182,1.4079980487300374,0.3193412095172306,1.0
KP0524_AC_WP20,-0.8106499514644278,1.337396483078818,0.42700710169381,1.0
KP0525_AC_WP20,-0.9181095416036765,1.4268187196474464,0.3892830906098426,1.0
KP0526_AC_WP20,-0.9914788217994742,1.1780830929546904,0.5831056935657134,1.0
KP0527_LM_WP20,-0.9467304243358998,0.6591379821037344,0.3572115175552783,1.0
KP0528_AC_WP20,-0.8484130426886425,0.6802452363706174,0.5421288126552736,1.0
KP0529_LM_WP20,-1.2074767632385122,0.3178161857225069,0.0287317357062371,1.0
KP0530_AC_WP20,-0.9074378334070393,0.7034332803610266,0.5631626568395601,1.0
KP0531_AC_WP20,-1.037853934201924,1.0773264410147798,0.632034604087249,1.0
KP0532_AC_WP20,-1.1625328639460408,1.1624763770991138,0.6122406793818397,1.0
KP0533_AC_WP20,-1.6261400080634607,0.9726857239361785,0.7081399114429096,1.0
KP0534_AC_WP20,-1.7769179431447264,0.9106918329349412,0.78595665301144,1.0
KP0535_AC_WP20,-1.7692850925022854,1.066041737805775,0.6164752450313372,1.0
KP0536_AC_WP20,-1.2368633948033028,1.3119231343217244,0.3598394452849144,1.0
KP0537_AC_WP20,-1.3874665687841008,1.257448196792445,0.3740086138051976,1.0
KP0538_AC_WP20,-1.6577786712514218,1.317821520012512,0.5946584668875327,1.0
KP0539_AC_WP20,-2.577111747690776,0.4155893824213689,1.0520345170013723,1.0
KP0540_AC_WP20,-2.383882865436744,0.2466791382101032,0.9406346254416446,1.0
KP0541_AC_WP20,-2.3560462466409327,0.28451703646050786,1.0140045438066911,1.0
KP0542_LM_WP20,-2.110407139842758,0.2809144434079848,0.3373585759677152,1.0
KP0543_AC_WP20_d,-1.9423834540781904,-0.16046923240653774,0.5410489477613318,1.0
KP0544_AC_WP20,-1.9400123594957348,-0.05513505355707446,0.4533261888354424,1.0
KP0545_AC_WP20,-1.7978602242229487,-0.12078686549487387,0.5492105756718741,1.0
KP0546_AC_WP20_X,-1.7385535955112896,-0.22601560031479012,0.7952755502951034,1.0
KP0547_LM_WP20,-1.680640204238361,-0.0021157356460996366,0.4869460493933693,1.0
KP0548_LM_WP20,-1.79019870098034,0.33831609024420006,0.1563142416811258,1.0
KP0549_AC_WP20,-1.6318165811186882,-0.1426360047223571,0.5338303103470258,1.0
KP0549_AC_WP20_2,-1.2583266174510965,-0.17931663539248266,0.4911744814037523,1.0
KP0550_LM_WP20,-1.3533942124431062,-0.14882407686529966,0.1910670023325078,1.0
KP0551_LM_WP20,-1.3058246675920577,-0.4779217412444848,0.2163392573521977,1.0
KP0552_AC_WP20,-0.9361221486852321,-0.16803245600949637,0.5911780079523059,1.0
KP0553_AC_WP20,-0.47081621680378866,0.1752191082442175,0.4536150882094114,1.0
KP0554_AC_WP20,-0.3068073749344366,-0.769801944576971,0.4311935198481449,1.0
KP0555_AC_WP20,0.5838335685917981,-1.188943119147527,0.6563569207191885,1.0
KP0556_AC_WP20,0.43350312920141965,-1.349672658361568,0.982815568778944,1.0
KP0557_AC_WP20,0.7777806119272503,-1.0647708387853108,0.1997372995789337,1.0
KP0558_LM_WP20,1.1263570836983274,-0.2275664953312497,-0.0569022099026651,1.0
KP0559_AC_WP20,1.010002240888798,-1.1946269430225307,0.2253467026776783,1.0
KP0560_AC_WP20,1.1354753235018917,-1.3060884988231336,0.2643760422043552,1.0
KP0561_AC_WP20,7.286012208183299,2.1259180209708126,0.6696302377550909,1.0
KP0562_LM_WP20,7.012517792770277,1.6883292630158415,0.607796693817116,1.0
KP0563_AC_WP20,7.174969001631273,1.9855501648397846,0.73235447913352,1.0
KP0564_LM_WP20,7.183398566125264,1.980651870147256,0.660495924560205,1.0
KP0565_AC_WP20,6.691494333086442,1.3319259154759957,0.4069540286231688,1.0
KP0566_LM_WP20,6.198256206777329,2.3608519622451927,0.4350605688952038,1.0
KP0567_LM_WP20,6.198897736374231,2.0631558368624763,0.5278168954911175,1.0
KP0568_AC_WP20,5.5253965809675405,1.4767606218032387,0.4803180418303407,1.0
KP0569_AC_WP20,5.463166523118032,1.5044380797203314,0.3700082319954721,1.0
KP0570_LM_WP20,5.4042334194815185,1.5911864688247135,0.1468696907059118,1.0
KP0571_AC_WP20,4.824939814056473,1.9401156121288796,0.548521994339457,1.0
KP0572_AC_WP20,4.539520076625863,1.1726475786248622,0.0812509130267754,1.0
KP0573_LM_WP20,4.559764967512925,1.0704506530489823,0.0153874682838853,1.0
KP0574_AC_WP20,4.642523972870809,0.6202523926733513,0.051622813998558,1.0
KP0575_AC_WP20,2.4583476846101053,0.6864196679786353,0.109907263738739,1.0
KP0576_AC_WP20,2.2131817657482644,0.6457103114057706,0.0793664869850546,1.0
KP0577_AC_WP20,2.2454353066090884,0.821752019665055,0.1394143604060344,1.0
KP0578_AC_WP20,2.1475257348887293,0.843498956418732,0.0759435742905766,1.0
KP0579_AC_WP20,2.081294919823345,0.8571629714944875,-0.0358246289335071,1.0
KP0580_AC_WP20,1.9287924319276544,0.8648565238479995,0.0717051686236858,1.0
KP0581_AC_WP20,1.8452188755031598,0.6880155516348455,-0.0862219689732163,1.0
KP0582_AC_WP20,3.2300194592809275,-0.02264910561871593,0.5920293810385518,1.0
KP0583_LM_WP20,3.569935785985108,-0.20654764361255382,0.2425520485990182,1.0
KP0584_AC_WP20,4.047635581282223,-0.3866059948531814,0.1136594110389335,1.0
KP0585_LM_WP20,4.500181722556447,0.3760637636535055,0.137129831226999,1.0
KP0586_LM_WP20,5.051788996918493,-0.07386441798656498,-0.1102466480519678,1.0
KP0588_LM_WP20,5.50033272280992,0.6921453245958203,0.6715629532352638,1.0
KP0589_AC_WP20,6.1096298440244885,1.3770477431238093,1.0456454694729558,1.0
KP0590_AC_WP20,6.903300334343952,1.7353079797806186,1.0175607724633626,1.0
KP0591_AC_WP20,6.987269725856963,1.694361455196881,0.8911880402021551,1.0
KP0407_AC_CA05,-19.69395871483243,3.2594245745402106,-0.8535317225867375,1.0
KP0408_AC_CA05,-18.071605630632625,0.25509766532209294,-0.9509045092046816,1.0
KP0409_AC_CA05,-10.813283127479695,1.4436806720532265,-0.8343103373370315,1.0
KP0410_HU_CA05,-12.659929935509586,1.217790027818487,-0.957925667387103,1.0
KP0411_HU_CA05,-12.677237063305801,1.1409667052240242,-0.942323788481767,1.0
KP0412_HU_CA05_X,-13.65861370744965,0.7273907891359382,-0.7814454162329386,1.0
KP0413_HU_CA05,-14.634806401743685,0.9613730760472453,-0.9277964242331052,1.0
KP0414_HU_CA05,-14.581805789755165,0.850096944743636,-0.9429667714637164,1.0
Point#24_X,-15.392262477102241,1.6635589183613437,-0.9087636268720746,1.0
Point#25_X,-15.375940737044322,1.6425778483598297,-0.8895346915110649,1.0
Point#26_X,-15.397691209337955,1.6521973442731834,-0.908733482859594,1.0
Point#27_X,-15.300818320127776,1.5989080851457325,-0.8180052471517025,1.0
Point#28_X,-15.30220122011003,1.5954642830528634,-0.8206189867622842,1.0
Point#29_X,-15.30220122011003,1.5954642830528634,-0.8206189867622842,1.0
KP0415_HU_CA05,-13.939761626299813,0.6316940594621079,-0.711432808363901,1.0
KP0417_HU_CA05,-13.08917595291563,0.18056571622666664,-0.699378029903008,1.0
KP0418_HU_CA05,-13.020554792536622,0.11604598960588476,-0.7421785885058044,1.0
KP0419_HU_CA05,-12.849658802110527,-0.14144297683247797,-0.9306757319280866,1.0
KP0421_HU_CA05_X,-11.184417354914618,0.5095858772089548,-0.9807501121946098,1.0
KP0422_HU_CA05_X,-7.646011102940284,0.5110530874743995,-1.0459253355284084,1.0
KP0423_HU_CA05_X,-8.341331697961431,0.9373350099717008,-1.1285553789294085,1.0
KP0424_AC_CA05,-9.14559321573262,1.2700609555205902,-0.9212999445555196,1.0
KP0425_HU_CA05_X,-9.618027496738074,0.7496817203448902,-1.0649790241969912,1.0
KP0426_HU_CA05,-10.675549153233842,-0.2722393315273819,-0.8040169944805863,1.0
KP0428_HU_CA05_X,-8.151006635745253,0.035788192648336624,-1.1397980813201027,1.0
KP0427_HU_CA05_X,-8.137887815159214,0.052337149993943885,-1.2047520331846904,1.0
KP0430_HU_CA05_X,-4.4237315119969844,0.8380369178806742,-1.1062738166334924,1.0
KP0431_AC_CA05_X,-4.550314595809269,0.9329534962341395,-1.112696076141094,1.0
KP0432_HU_CA05,-4.586800983044727,0.7309203681199323,-0.9600267106397792,1.0
KP0433_AC_CA05,-4.768536748451175,1.2864537701353123,-0.89833275739803,1.0
KP0434_HU_CA05,-5.448134124638849,0.5330912875737505,-0.8677888524482156,1.0
KP0435_HU_CA05,-5.675286459085081,0.10788168172422141,-0.75367189165338,1.0
KP0436_HU_CA05,4.192583247712015,1.0992372308692475,-0.6774826511345864,1.0
KP0437_HU_CA05_X,4.255042051787717,0.40773558769715135,-1.0021959968547505,1.0
KP0438_HU_CA05_X,0.6854779188127011,0.7656872870665664,-1.0460939600635348,1.0
KP0439_HU_CA05,0.7414118676761229,0.46906593971068555,-1.026612896738194,1.0
KP0440_HU_CA05,-1.2924435632543059,-0.4212776099180086,-0.8595724811075791,1.0
KP0441_AC_CA05,-1.2251653445681991,-0.4169487946719674,-0.8997488308328773,1.0
KP0442_HU_CA05,2.411607056369669,0.04059569135698024,-0.829324705227232,1.0
KP0990_AC_CA10,-14.144988657779594,2.039357657894783,-2.333445028771492,1.0
KP0992_AC_CA10,-14.26914446171657,2.192438046260316,-2.4074480086115493,1.0
KP0994_AC_CA10,-14.44702668228377,2.1571331688576993,-2.290123028043406,1.0
KP0996_AC_CA10,-14.278956958707768,2.293667748040253,-2.3355337784121657,1.0
KP0998_AC_CA10,-14.484113942934373,2.4041359307962917,-2.305606284735054,1.0
KP1000_AC_CA10,-14.521506505201193,2.4866175764717875,-2.42248665492324,1.0
KP1002_AC_CA10,-9.108449799201715,1.3773902874797102,-2.218680356281083,1.0
KP1004_AC_CA10,-5.376837168272818,1.3415615511643517,-2.2621590581807,1.0
KP1006_AC_CA10,-5.508124908481648,1.4723900746735314,-2.2087436200093475,1.0
KP1008_AC_CA10,-5.336683178815664,1.5533850141712096,-2.3301102420697704,1.0
KP1010_AC_CA10,-5.6654180584241205,1.508323979936692,-2.1522897894614896,1.0
KP1012_AC_CA10,-5.667849632380486,1.63401073649298,-2.262214961710759,1.0
KP1014_AC_CA10,-5.744113235511536,1.5326444617663633,-2.2849995723521435,1.0
KP1016_AC_CA10,-5.82663952029421,1.5839501907363183,-2.336577525487908,1.0
KP1018_AC_CA10,-5.906184207264598,1.589064214512129,-2.4312515820735485,1.0
KP1020_AC_CA10,-5.85540532985504,1.6141523325496598,-2.5678468706768887,1.0
KP1022_AC_CA10,-6.158411743362983,1.826341488513436,-2.61346127965377,1.0
KP1024_AC_CA10,-7.058584193913573,1.3668482212729343,-2.481013798130722,1.0
KP1026_AC_CA10,2.9578310132185877,0.5372618120875038,-2.3495407146565506,1.0
KP1028_AC_CA10,2.898027088717228,0.6747379346008513,-2.493262861837639,1.0
KP1030_AC_CA10,2.5290453300235693,0.45261141816730066,-2.490123376771444,1.0
KP1032_AC_CA10,-0.1373720865074136,0.9523133346291127,-2.46760673896935,1.0
KP1034_AC_CA10,-0.9279861123200428,0.9205271628137687,-1.9531949286057653,1.0
KP1036_AC_CA10,-0.9453416687353204,1.03024127985936,-1.9877564507323409,1.0
KP1038_LM_CA10,-0.23573247051120236,0.507253634143118,-2.548784476579652,1.0
KP1040_AC_CA10,7.511162928901817,-0.22849569474513512,-2.5071742867225937,1.0
KP1042_AC_CA10,5.832495943801388,-0.10205398801072639,-2.244834847529313,1.0
KP1044_AC_CA10,5.762686206451076,0.22037684127407103,-2.194083345753567,1.0
KP1046_AC_CA10,4.934055416784942,0.6795616198124785,-2.334622122146192,1.0
KP1048_AC_CA10,4.3872016542539125,0.22789828102859153,-2.4752286252969857,1.0
KP1050_AC_CA10,3.973642843518649,0.3539448102911907,-2.541315898011701,1.0
KP1052_AC_CA10,3.42298626470476,0.5087579024974439,-2.4339548853446025,1.0
KP1054_AC_CA10,3.9257351838031527,0.7686171745907151,-2.461113442354467,1.0
KP0991_AC_CA10,-13.123526316196735,1.4224831353316088,-2.622248152200985,1.0
KP0993_AC_CA10,-14.873474713723706,1.2707019891978126,-2.7106849108554827,1.0
KP0995_AC_CA10_X,-15.04882431457044,1.3605592050720592,-2.6270342041730745,1.0
KP0997_AC_CA10,-8.020762393792353,0.4247725208092141,-2.485506646201017,1.0
KP0999_AC_CA10,-8.834474919893367,0.00875211481470914,-2.5242167867748107,1.0
KP1001_AC_CA10,-9.052223127348471,0.38273750305477694,-2.5269642530952874,1.0
KP1003_AC_CA10,-8.972170598147498,0.5126360325516066,-2.20233811759949,1.0
KP1005_AC_CA10,-9.05017849313875,0.49654076829342614,-2.2073876082722927,1.0
KP1007_AC_CA10,-9.93986201966818,0.16176853827258783,-2.362438969911108,1.0
KP1009_AC_CA10_X,-10.085678846017611,0.1454945393897091,-2.197407786168229,1.0
KP1011_AC_CA10,-11.469322662016989,0.7633569525946489,-2.367495287346773,1.0
KP1013_AC_CA10,-11.658460342300176,0.984296287809922,-2.43105928868731,1.0
KP1015_AC_CA10,-11.774882685860778,1.1502358114513969,-2.438554984296261,1.0
KP1017_AC_CA10,-11.976006670392813,1.4990398702235697,-2.3943715905883143,1.0
KP1019_AC_CA10,-4.627563709333311,-0.5306824887551483,-2.628456224175829,1.0
KP1021_AC_CA10,-7.593245014922597,0.8824803659805811,-2.3313155578196945,1.0
KP1023_AC_CA10,2.1108694003188435,-0.47006290123373573,-2.579957235655534,1.0
KP1025_AC_CA10,0.38907390417733206,-1.1596089468741657,-2.619037559476263,1.0
KP1027_AC_CA10,0.22542897682248347,-1.116481559860767,-2.423407277746364,1.0
KP1029_AC_CA10,0.07098502618717624,-0.10725391324661289,-2.5674312524892198,1.0
KP1031_AC_CA10,-0.0785052201295742,-0.17790495646644108,-2.3798999729303936,1.0
KP1033_AC_CA10,-1.3650308784107699,-0.10421591012029056,-2.395768914178292,1.0
KP1035_AC_CA10,-2.0243020182986435,0.030502881875024482,-2.261263046595722,1.0
KP1037_AC_CA10,-2.497957249930478,0.27774261659529836,-2.0004991114574326,1.0
KP1039_AC_CA10_X,-2.574018463500186,0.26024999769865353,-1.8519974849524583,1.0
KP1041_AC_CA10,-2.6024054382366106,0.2575316863594371,-1.756074584321042,1.0
KP1043_LM_CA10,7.130342648866735,-0.9210078801177829,-2.6754016136284933,1.0
KP1045_AC_CA10,5.716647096490093,-0.39580790419927203,-2.537735370691492,1.0
KP1047_AC_CA10_X,5.617789459127027,-0.13323466690488361,-2.3629313993965857,1.0
KP1049_AC_CA10,5.545295633454762,-0.2411270560286859,-2.238789372545215,1.0
KP1051_AC_CA10_X,5.412088114923936,-0.35004702143596567,-2.5650837129125605,1.0
KP1053_AC_CA10,4.308388659055886,-1.032878664392414,-2.424542115012114,1.0
KP1055_AC_CA10,4.0833633913524086,-0.8233622669063243,-2.4546250395344837,1.0
KP1057_AC_CA10,4.142205085421854,-0.34771829399046045,-2.540213831345673,1.0
KP1056_AC_CA20,-5.07173041456433,0.5406983778387382,-1.5258723657399802,1.0
KP1058_LM_CA20,-5.3906103803334355,-0.016591788231355195,-1.9364547933604084,1.0
KP1060_AC_CA20,-5.575941732096648,-0.20933764722808085,-1.6907428404314004,1.0
KP1061_LM_CA20,-4.573472679496715,-0.5384778092683524,-2.037030056828444,1.0
KP1065_LM_CA20,-4.761644942579006,-0.5612247857233313,-1.9211922637600836,1.0
KP1067_AC_CA20,-4.7634361480509,-0.8309828523694993,-2.192539594702468,1.0
KP1063_AC_CA20,-4.599867213406727,-0.7934778148509248,-2.0478297798614973,1.0
KP1059_LM_CA20,-4.33364526075768,-0.691652165275886,-2.07443904240149,1.0
KP1066_AC_CA20,-6.521282370452915,0.1553897816648465,-1.9279598770046809,1.0
KP1062_AC_CA20,-5.208810754631935,0.5571275109866082,-1.7672518822258805,1.0
KP1068_AC_CA20,-6.765819732212916,0.13146879543946277,-1.9640005955370927,1.0
KP1070_AC_CA20,-6.916163876154653,0.25895911297400787,-1.7598714684769003,1.0
KP1088_AC_CA20,-3.160549722224354,0.1000735037839479,-0.7680099556583699,1.0
KP1090_AC_CA20,-3.080491517518772,-0.0636452165526662,-0.8936885304955243,1.0
KP1092_LM_CA20,-2.9623379627724638,-0.3131802008517244,-1.0512637650720582,1.0
KP1094_LM_CA20,-3.0185123798041023,-0.5364056767486676,-1.6308063665165584,1.0
KP1098_AC_CA20,4.311620734912638,-0.7166426456044779,-1.60110025686642,1.0
KP1100_AC_CA20,2.857337627768541,-0.46289951409083585,-1.8820437485770691,1.0
KP1102_AC_CA20,1.840869102986091,-0.050595202198885456,-1.6149657789871052,1.0
KP1104_AC_CA20,1.4839315953310939,-0.20990839846380538,-1.3856472890987717,1.0
KP1106_AC_CA20,1.4626074301361625,0.1326717248571707,-1.067944631063871,1.0
KP1108_AC_CA20,1.1523891144838494,0.32469897530596087,-1.1284727559073875,1.0
KP1110_LM_CA20,8.838479615091089,0.5216128564891435,-1.724948686615328,1.0
KP1112_AC_CA20,8.684491748424698,0.476747018413751,-1.7354706484170952,1.0
KP1114_LM_CA20,8.564867990801,0.8131378181236262,-1.9941478689333372,1.0
KP1116_AC_CA20,7.882292251907449,0.646021247785561,-1.5950382955343612,1.0
KP1118_LM_CA20,7.092933134878984,0.022130096862698786,-1.3973927372273245,1.0
KP1120_AC_CA20,6.275013208965095,0.015376110710758553,-1.5136417395203705,1.0
KP1120a_AC_CA20,15.218679105003151,2.220703195111584,-1.8464165585586487,1.0
KP1122_LM_CA20,14.483903601346105,1.9216886519668017,-2.33629118410368,1.0
KP1124_AC_CA20,14.533105026632596,1.5929597390846344,-2.1856918175549667,1.0
KP1096_AC_CA20,-4.006563813431825,-0.3076643309162248,-1.5605997212532332,1.0
KP1069_AC_CA20,-5.6451423970738945,-0.3889405809249493,-1.851234809658378,1.0
KP1071_AC_CA20,-5.543325665724114,-0.30044668572295197,-1.805738578796389,1.0
KP1073_LM_CA20_X,-5.677652982469635,-1.3187511464770665,-2.358909153224677,1.0
KP1075_LM_CA20,-6.019321281489413,-0.9896675331372641,-2.3780054777270285,1.0
KP1077_AC_CA20,-6.324324083248687,-0.24236387397354256,-1.6738143765057238,1.0
KP1083_LM_CA20,-7.167181834072528,-0.3920539920675093,-2.167034133880537,1.0
KP1085_LM_CA20,-7.559385976385064,-0.423278413501874,-2.2405526349119005,1.0
KP1087_LM_CA20,-8.271723323734484,-1.2140843653664795,-2.0789614386468647,1.0
KP1089_AC_CA20_X,-7.9560804149378495,-1.9055062136293326,-1.524467643493883,1.0
KP1101_LM_CA20,-0.24886803218670844,0.5633032630248186,-1.7261758470164787,1.0
KP1103_LM_CA20,-1.0376441196052408,0.3614511545560075,-1.2352026159312053,1.0
KP1105_AC_CA20,-1.6988633969653935,1.0082927178363497,-1.4036044538013075,1.0
KP1107_AC_CA20,-1.9282975511958453,0.9066662561452827,-1.4893813829372498,1.0
KP1109_AC_CA20,-3.0045466155072718,0.21527599346392343,-0.7973797501697313,1.0
KP1113_AC_CA20,-4.01528264692958,0.2383592207854489,-1.4515229608287517,1.0
KP1115_AC_CA20,-4.054170350681515,0.401371501684147,-1.7175103732279628,1.0
KP1117_LM_CA20,2.992148457576701,0.8472866827464213,-1.8070162596499333,1.0
KP1119_LM_CA20_X,3.447460386408045,0.3845661821889918,-2.0974444818101032,1.0
KP1121_AC_CA20,3.028847384767542,0.2705976405018439,-1.7657164158851637,1.0
KP1123_LM_CA20,2.5016741243332277,0.8225524670283293,-1.4253350410053298,1.0
KP1125_AC_CA20,1.5839345925499673,0.34068294593137155,-1.41617253709998,1.0
KP1127_AC_CA20,1.3238614592059763,0.483399917323201,-1.0881721254149996,1.0
KP1129_AC_CA20,0.896600803551596,0.35209380203862567,-1.357374956328787,1.0
KP1131_AC_CA20,8.588558159189011,1.5602699982675305,-1.5434492268365474,1.0
KP1133_LM_CA20,8.255717060815472,1.1929713338497678,-1.845508856159408,1.0
KP1135_AC_CA20,7.817035212109665,1.142203325733265,-1.2714789238989683,1.0
KP1137_AC_CA20,7.6739943153727825,1.8251872085683456,-1.057798038812413,1.0
KP1139_AC_CA20,6.769464397818027,0.6533118048768276,-1.9986621873002288,1.0
KP1141_AC_CA20,5.940075831337089,1.2985194100341053,-1.7525460553009378,1.0
KP1126_LM_CA20_X,15.066177846068689,2.2441879527309907,-2.529741538305615,1.0
KP1130_AC_CA20,14.006087663991403,1.3375987624221273,-2.2421375337419605,1.0
KP1134_AC_CA20,13.872279633082275,1.4234489043583674,-2.284656425297479,1.0
KP1139_LM_CA20_X,13.549869295474132,1.135637386190433,-2.243404126875942,1.0
KP1141K_AC_CA20_X,12.962750225343308,1.2728785781137335,-1.5408669646687656,1.0
KP1143K_AC_CA20,12.479887048843255,1.3380523560659567,-1.4655095780571783,1.0
KP1145_AC_CA20_X,12.587388987733293,1.5561215711876948,-1.799208431110472,1.0
KP1147_AC_CA20,12.155338799532762,1.0833158231025335,-1.5318681034391457,1.0
KP1149_AC_CA20,12.162096086319648,1.1962764573101934,-1.556570308171756,1.0
KP1151_AC_CA20,11.89150372067557,1.4337295782983082,-1.4622773696906088,1.0
P4250159_LM_CA20,11.396273557819043,1.3341159415907442,-1.6287255767507691,1.0
KP1128_AC_CA20,15.368943749911233,2.6140406037120205,-1.6603245459792386,1.0
KP1132_AC_CA20,15.20633407627053,2.876304424454971,-1.738344554143021,1.0
KP1136_AC_CA20,14.948718314893593,2.5406983241506502,-1.8618844488211488,1.0
KP1138_LM_CA20,13.754169721013632,2.7606854510957013,-2.0551907700076963,1.0
KP1140_AC_CA20,13.664764215322956,2.87696142977864,-1.6682727282403116,1.0
KP1142_AC_CA20,13.373037336556404,2.2001543473592475,-2.024857550785512,1.0
KP1144_LM_CA20,11.647564194813258,2.0212725802224436,-1.94257812973926,1.0
KP1146_LM_CA20,11.355431960246968,1.5301026525715473,-1.765188383881115,1.0
KP1148_AC_CA20,11.244401441061859,1.5917995157427953,-1.6840438356978054,1.0
KP1150_AC_CA20,11.127678200451875,1.6380146660471269,-1.5450965466835955,1.0
L11_AC_CA20,10.81846834909309,1.7668396206342472,-1.58875075512349,1.0
L12_AC_CA20,10.661550362445235,2.3946740146981638,-1.5885397493784337,1.0
L13_AC_CA20_X,10.412612919104044,1.9012648392392062,-1.451354475671491,1.0
L14_AC_CA20,9.968985169030248,1.994846325361391,-1.4556608261377293,1.0
L15_AC_CA20,10.183602219421752,2.0083742171102563,-1.7520365524002386,1.0
L16_LM_CA20,9.157975694679738,1.7536375769641983,-1.964827436449228,1.0
KP1161_AC_CA20_X,11.374903158776862,1.4502117856350918,-1.4997396702159,1.0
KP1162_AC_CA20_X,11.192217919445326,1.4392194537775198,-1.6156764604902738,1.0
KP1163_AC_CA20,10.500342833287881,1.4161298921603527,-1.6117495693070707,1.0
KP1164_LM_CA20,10.414732151088614,0.8371226487098863,-1.4081287041294128,1.0
KP1165_AC_CA20,10.058585534239425,1.3234777739771482,-1.665508532616269,1.0
KP1166_LM_CA20,9.595008867837434,0.7310397864113347,-1.9075823140300616,1.0
KP1072_AC_CA20,-6.667692531591104,-0.09433904879234194,-1.829560193804036,1.0
KP1074_AC_CA20,-6.575263822923522,-0.014456044046489563,-1.8541589364485689,1.0
KP1076_AC_CA20,-7.370972728087005,0.5716542940612348,-2.112056221811977,1.0
KP1078_AC_CA20,-9.465047028885884,0.3944904641090664,-2.09582897065494,1.0
KP1080_AC_CA20,-9.786259473645442,0.26091912066467854,-2.0131204831515754,1.0
KP1082_AC_CA20_X,-9.957975685690391,0.2545644838712917,-1.8186441375784448,1.0
KP1084_AC_CA20,-9.949771989011879,0.23182742977211165,-1.7518523584507883,1.0
KP1086_AC_CA20,-10.034442529454385,0.23460710565346174,-1.738108915064298,1.0
KP1079_AC_CA20_X,-6.779115727695918,-0.8352624687928372,-2.2212316175095794,1.0
KP1081_AC_CA20_X,-6.802919924819094,-0.7573521199989406,-2.2612259925249134,1.0
KP1091_AC_CA20,-10.36569362732275,-0.5073956257359795,-1.6159757212801558,1.0
KP1093_LM_CA20,-10.479187211781955,-0.416895028461184,-1.7498067058500142,1.0
KP1095_HU_CA20,-10.53709082396687,-0.6539157385832104,-1.5260479892001777,1.0
KP1097_AC_CA20,-10.47036452571916,-0.1369988385405963,-1.7287694191697138,1.0
KP1167_LM_CA20_X,9.218648803721546,0.8504470052669364,-1.9298910996910232,1.0
KP1143_AC_CA20,5.34125940679664,1.3332534532541755,-1.459040909174663,1.0
P424028_LM_CA20,5.745543608522298,1.229121047313255,-1.8339689837656168,1.0
KP0130_AC_SB05,-3.0729656343319474,2.691259253195127,-1.6370181661582603,1.0
KP0131_HU_SB05_X,-6.233376237390581,3.6826832128959226,-1.2221174439310765,1.0
KP0132_HU_SB05,-5.654188162301544,2.331633751995472,-1.500672351591381,1.0
KP0133_HU_SB05,-5.706246325778969,2.2325646884459878,-1.652458925417169,1.0
KP0134_HU_SB05,-5.664500415903107,2.2284963501229105,-1.7830772753438306,1.0
KP0135_HU_SB05,4.9614605697809075,-2.046158465149661,-1.5964995639483317,1.0
KP0136_HU_SB05_X,1.8114751737269057,0.2301262143377194,-1.5961267677597282,1.0
KP0137_HU_SB05,6.933297450404647,-3.9356666419168302,-1.7244344360611503,1.0
KP0138_HU_SB05,6.856969780981527,-3.954138242384769,-1.739264325741916,1.0
KP0139_HU_SB05,6.246670185055783,-4.079710607886005,-1.7602332220326962,1.0
KP0140_HU_SB05,6.3098785741969134,-4.104878513488154,-1.775548543402641,1.0
KP0141_HU_SB05_X,6.360715580082626,-4.099489990972065,-1.780452128632848,1.0
KP0142_HU_SB05_X,7.636650526723459,-5.37327890295309,-1.7708060535463117,1.0
KP0143_HU_SB05_X,15.129417903136583,-8.949184814063841,-1.7205456189127757,1.0
KP0144_LM_SB05_X,11.02419457832916,-7.923946657486972,-1.776819963060453,1.0
KP0145_HU_SB05_X,11.14574434115497,-8.056587384681086,-1.7953311411284558,1.0
KP0146_HU_SB05_X,12.401885114052165,-8.44557874352022,-1.397144009829119,1.0
KP0147_HU_SB05_X,12.378128896910878,-8.504943256006113,-1.3403248373816747,1.0
KP0148_HU_SB05_X,12.208666918801713,-8.133691351863577,-1.308805385618322,1.0
KP0149_HU_SB05_X,15.073668309964201,-9.262651402297388,-1.6678769933975754,1.0
KP0046_AC_SB10_X,0.9371717763477094,-0.003213578235559322,-1.8000841916274373,1.0
KP0047_AC_SB10_X,0.8962050177818605,0.0006361604960945689,-1.54927778264322,1.0
KP0048_AC_SB10_X,0.8879049961403944,0.004766361972158822,-1.559888476906851,1.0
KP0049_HU_SB10_X,-1.0473478540894017,-0.21175063005750075,-1.8195064469084536,1.0
KP0050_AC_SB10_X,2.9847320871466767,-1.5002052341961123,-1.5260262925771266,1.0
KP0051_AC_SB10,7.819876031024517,0.04029810678964019,-1.326577923660989,1.0
KP0052_AC_SB10,7.971282696843267,0.03942490369747602,-1.466233120186491,1.0
KP0053_AC_SB10,7.877907799797107,0.2742148028698998,-1.4601952011786568,1.0
KP0054_AC_SB10,7.746018211871855,0.3281006698673627,-1.411261559287354,1.0
KP0055_AC_SB10_X,7.701976607454206,0.3789792910466702,-1.5556265940055047,1.0
KP0056_AC_SB10,7.857449110186898,0.33031543988230005,-1.590780446342945,1.0
KP0057_AC_SB10,7.902599480127175,0.4697582386136229,-1.6646333461721778,1.0
KP0058_AC_SB10,6.9911869472230705,0.0715459916674284,-1.273054990395778,1.0
KP0059_AC_SB10,6.960143644717036,0.033157013801526504,-1.4827158322286418,1.0
KP0060_AC_SB10_X,6.888764773126984,0.2156654082430805,-1.4555994253195863,1.0
KP0061_AC_SB10,6.737838126762861,0.6017735571209984,-1.430462815238925,1.0
KP0062_AC_SB10,6.7180764352874665,0.6680270522737897,-1.5496226237832007,1.0
KP0063_AC_SB10_X,5.907579096367705,-0.24171817000968374,-1.2874312758464064,1.0
KP0064_AC_SB10,5.77919167508349,-0.35194004628283165,-1.2131942419527004,1.0
KP0065_AC_SB10,5.50295984242489,-0.47729943649128126,-1.300628887014453,1.0
KP0066_AC_SB10,5.376094336199578,-0.4552454657445268,-1.5318658243360357,1.0
KP0067_LM_SB10,5.302005459601161,-0.6007574078588582,-1.3548267072080744,1.0
KP0068_AC_SB10,5.535039128134311,-0.7423466040727902,-1.412983435949277,1.0
KP0069_AC_SB10,5.7829545951285715,-0.6466309021107158,-1.3198718370170544,1.0
KP0070_AC_SB10,5.536541707414879,-1.1245203277677178,-1.603792140038353,1.0
KP0071_AC_SB10,5.643281658379493,-1.3032534842268613,-1.369421318054001,1.0
KP0072_AC_SB10,5.76521901646917,-1.144462809281996,-1.2316059233438146,1.0
KP0073_HU_SB10,6.093646554336405,-1.1504667898207803,-0.8939573657957507,1.0
KP0074_AC_SB10,6.056070796771536,-0.5465645414266554,-1.1373623751154098,1.0
KP0075_HU_SB10_X,6.292205619425864,-0.7892878363824013,-0.8224855392408086,1.0
KP0076_AC_SB10,6.158927147953494,-0.5633524983103542,-1.2247384792212943,1.0
KP0077_AC_SB10,6.183303395552498,-0.4680311408274023,-1.1640145827906443,1.0
KP0078_AC_SB10,6.346743232494244,-0.7223859900023275,-0.9441919590606048,1.0
KP0079_LM_SB10,6.478153248601053,-0.5286381488196924,-0.9285332516428352,1.0
KP0080_AC_SB10_X,6.5427279402108365,-0.6323108316133519,-0.8683373243158863,1.0
KP0081_AC_SB10_X,6.830217145000586,-0.5455720218047533,-0.7053657354605801,1.0
KP0082_AC_SB10,7.025704457566258,-0.543791213473913,-0.8074688024229937,1.0
KP0083_AC_SB10,7.063861397932029,-0.4335933440614806,-0.9246319867909328,1.0
KP0084_AC_SB10,7.015404270602386,-0.46849210192269314,-1.0808836673988518,1.0
KP0085_AC_SB10,6.771716865388127,-0.39081454126943316,-1.116503095604887,1.0
KP0086_LM_SB10,6.775629807752236,-0.27411570428763204,-1.198848676084591,1.0
KP0087_AC_SB10,7.077659400595536,-0.3337887773665426,-1.165661101847236,1.0
KP0088_AC_SB10,7.012471479662202,0.03996245837618473,-1.1839836084857993,1.0
KP0089_AC_SB10,7.537219207904215,-0.5423813452223857,-0.8574705628248145,1.0
KP0090_AC_SB10,7.452442664141396,-0.39460662624005116,-0.9924004722822322,1.0
KP0091_HU_SB10,7.414156563635272,-0.42676786857267446,-1.1138098739175186,1.0
KP0092_HU_SB10,7.64383156278853,-0.6068188276063866,-0.867288555970699,1.0
KP0093_HU_SB10,7.645345672702351,-0.6050651688902797,-0.9452614239535811,1.0
KP0094_HU_SB10,7.68171776362533,-0.5809611784676996,-0.97504467833441,1.0
KP0095_AC_SB10,7.713103972327241,-0.48926682427292073,-1.001645818645987,1.0
KP0096_HU_SB10_X,7.8293140002062875,-0.5015897592290766,-0.9456494958822868,1.0
KP0097_HL_SB10_X,7.799620736723939,-0.3464903243377921,-0.8724242534441936,1.0
KP0098_AC_SB10,7.716248553352445,-0.264726020704147,-0.9170778814661164,1.0
KP0099_AC_SB10,10.679492706366446,1.695509287383639,-1.816344444429528,1.0
KP0100_AC_SB10,10.780378490987475,0.8804691604282036,-1.6761973185943528,1.0
KP0101_AC_SB10,9.808264949477138,1.4326758037966287,-1.4291629428186472,1.0
KP0102_AC_SB10,9.234032598888392,0.6321669663872402,-1.409189487325187,1.0
KP0103_AC_SB10,9.141848422928208,0.45776002432558255,-1.5129942885161127,1.0
KP0104_AC_SB10,8.98111443710556,0.6905244869186059,-1.411835665164393,1.0
KP0105_AC_SB10,9.010326028222144,0.8775685298502909,-1.5051365245248056,1.0
KP0106_AC_SB10_X,8.386102982348126,0.2523430223296784,-1.600252578291662,1.0
KP0107_AC_SB10,8.54114519223483,-0.146490987009302,-1.5713656282241668,1.0
KP0108_AC_SB10,8.677564682501716,-0.0841040699151167,-1.700851376615651,1.0
KP0109_LM_SB10,8.625819607346486,-0.12098334074534509,-1.8596109782393415,1.0
KP0110_AC_SB10_X,8.87808934245089,0.22889454658066488,-1.392662104712173,1.0
KP0111_AC_SB10_X,8.822603233431982,0.21783952061036227,-1.4328339035120026,1.0
KP0112_AC_SB10,9.04291058028404,-0.05974251262386659,-1.627333678224928,1.0
KP0113_LM_SB10,10.33079396700046,-0.16499947276960059,-2.0346923127429544,1.0
KP0114_AC_SB10_X,10.625701488253712,0.7227992373430447,-1.7707982317405624,1.0
KP0115_AC_SB10_X,10.666892261134041,0.7128726599264521,-1.8329627354631512,1.0
KP0116_AC_SB10,11.566969404958524,0.8092738941117451,-1.8584703739282529,1.0
KP0117_AC_SB10,17.542981180239646,1.0081586232862878,-1.7919669500579192,1.0
KP0118_AC_SB10_X,17.303105398224574,1.5399833013880733,-1.823157171717093,1.0
KP0119_AC_SB10,16.929601944472793,2.1231088841380834,-1.603506479649123,1.0
KP0120_AC_SB10_X,17.3092790342094,1.6970977612827738,-1.5369471361503373,1.0
KP0121_AC_SB10,17.272382252091795,1.1388873087911284,-1.7036806568164176,1.0
KP0122_AC_SB10,15.076426928043947,2.292859603190521,-1.6637044067048792,1.0
KP0123_AC_SB10,15.382863053723627,0.568829865398478,-1.40729382472841,1.0
KP0124_AC_SB10,15.46867652150431,1.0672310483716667,-1.5742690409956304,1.0
KP0125_AC_SB10,15.537617620500344,1.1417034887423028,-1.731730488309409,1.0
KP0126_AC_SB10,17.34760910926824,0.5670171949266339,-1.6372551255769845,1.0
KP0127_AC_SB10,17.629800206019787,0.7609533934436928,-1.6605044635409694,1.0
KP0128_LM_SB10,17.50008656876767,0.6375347193480381,-1.8775252157529971,1.0
KP0129_AC_SB10,17.229835696974373,0.1331877365627135,-1.7930204285264986,1.0
KP0163_AC_SQ12_X,-10.575303802344399,-2.523786090376746,-0.800154337575002,1.0
KP0170_AC_SQ12_X_SP,-10.86554317390411,-2.3330583019840545,-0.8471977086807883,1.0
KP0166_AC_SQ12_X,-11.026574727933404,-2.4645963452259636,-0.8594306586575488,1.0
KP0179_AC_SQ12,-10.936249286493261,-3.365038905895108,-0.8393594693283288,1.0
KP0180_AC_SQ12,-10.882356497783066,-3.3690220138607563,-0.9489614182448264,1.0
KP0181_AC_SQ12_X,-10.934641993455392,-3.235534433756646,-0.6334617519708562,1.0
KP0182_AC_SQ12_X,-10.94414051349305,-3.2289735905647907,-0.6869790836050272,1.0
KP0183_AC_SQ12_X,-11.023402949168313,-3.084081409437142,-0.827031476909144,1.0
KP0184_AC_SQ12_X,-11.032395236232723,-3.1128717980016156,-0.7948531738086673,1.0
KP0185_AC_SQ12_X,-10.917655503337278,-3.106848786589988,-0.9372502558319552,1.0
KP0186_LM_SQ12,-10.83813428591242,-3.2568697425956072,-1.0864650513591707,1.0
KP0187_AC_SQ12,-10.456753815714213,-2.7713754689509655,-0.6233418972194823,1.0
KP0188_AC_SQ12,-10.407194793831803,-2.666071247212847,-0.7093894104210708,1.0
KP0189_AC_SQ12,-4.208588096353928,-2.052385112889786,-1.11594443830017,1.0
KP0190_AC_SQ12,-4.165717359869974,-2.41669821978873,-1.233222931041592,1.0
KP0192_AC_SQ12,0.39764999931736783,-0.3970361709208879,-1.6582683897302115,1.0
KP0191_AC_SQ12_X,2.609846357256652,0.10251531370960806,-1.4466835571328198,1.0
KP0194_AC_SQ12,-1.248035780901599,-0.09277001479949355,-1.2498584551171183,1.0
KP0193_AC_SQ12_X,-1.3156837638582952,-0.22118776085033423,-1.3587182516682423,1.0
KP0195_AC_SQ12,-1.3091711856310317,-0.22070525758580514,-1.2400654495860357,1.0
KP0196_AC_SQ12,-1.2922248948922306,0.003312390151700787,-1.05018632869396,1.0
KP0197_AC_SQ12_X,-1.4500979743734057,-0.09367720743041792,-0.9469071472675572,1.0
KP0198_AC_SQ12,-1.5561100140131507,-0.07295463562932152,-0.8517065461903236,1.0
KP0199_AC_SQ12,-1.4245299109467249,0.2623255592173465,-1.0776226727619167,1.0
KP0200_AC_SQ12,-1.5510870209857759,0.25630784570020243,-0.975728554994936,1.0
KP0201_AC_SQ12,-1.5176122160073313,0.16002300657598528,-0.774539738074488,1.0
KP0202_AC_SQ12,-1.688111441682644,-0.23436169208700824,-1.3167524187858557,1.0
KP0203_AC_SQ12,-2.1782140297483115,-0.14206376190954462,-1.3985643284030418,1.0
KP0204_AC_SQ12,-1.687281000432237,-0.43762160191994093,-1.1104306399493005,1.0
KP0205_AC_SQ12,-1.644850503572212,-0.593149924120128,-1.249869379598266,1.0
KP0206_AC_SQ12,1.1267725239317432,-1.2115945041631133,-1.3241767444459798,1.0
KP0207_LM_SQ12,1.7656645502064743,-1.2450354918482878,-1.253591973361328,1.0
KP0208_AC_SQ12,2.104655668796735,-0.7776793167660144,-1.2774838902213903,1.0
KP0209_AC_SQ12,2.626564635743137,-1.1656326957398389,-1.167501924110651,1.0
KP0210_AC_SQ12,3.8954090711480873,1.1943176189932014,-1.0946859030313107,1.0
KP0211_AC_SQ12,6.573486928592082,-0.1441791895974493,-0.7782043498171904,1.0
KP0150_AC_SQ12,-11.182314703052272,-2.4151474593778914,-0.6579505199587314,1.0
KP0151_AC_SQ12,-11.250548258165884,-2.414099777409361,-0.6692518940509112,1.0
KP0153_AC_SQ12,-13.040691436516624,-1.6514538311121576,-0.9517520813110172,1.0
KP0154_AC_SQ12,-7.776401033974318,-2.3078876029605926,-1.0402634597511262,1.0
KP0152_AC_SQ12,-11.291201715814529,-2.3228663487514014,-0.5970681747079528,1.0
KP0155_AC_SQ12,-7.696232667399157,-2.449730155513918,-1.0674733311281703,1.0
KP0156_AC_SQ12,-7.69158497438971,-2.6362022402853142,-1.1696165356539123,1.0
KP0157_AC_SQ12,-7.770754060017388,-2.189924308243988,-1.0888708541760403,1.0
KP0158_AC_SQ12,-7.99086634095711,-2.261837420794498,-1.0846640614530507,1.0
KP0159_AC_SQ12_X,-9.944434246649742,-2.390882805509169,-0.5834210338138118,1.0
KP0160_AC_SQ12_X,-10.377719402993218,-2.5765855989451443,-0.5973761630910805,1.0
KP0161_AC_SQ12,-10.380143701702371,-2.5188314258823636,-0.5613581079967103,1.0
KP0162_AC_SQ12,-10.476557057881903,-2.532420251615657,-0.4567511432059118,1.0
KP0164_AC_SQ12,-10.665242040281223,-2.2314922782985653,-0.7022339780759559,1.0
KP0165_AC_SQ12,-10.765295869001305,-2.137609283097858,-0.7631856496671764,1.0
KP0171_AC_SQ12_X,-11.20744953086724,-2.4390919574974204,-0.6897205495592179,1.0
KP0166_AC_SQ12_X_SH,-10.741719693328742,-2.35282947663121,-0.8364220738248598,1.0
KP0167_AC_SQ12,-10.899051184448323,-1.9594328349128496,-0.7104389070924084,1.0
KP0169_AC_SQ12_X,-11.033208592569494,-2.0205742369790034,-0.980379611277035,1.0
KP0170_AC_SQ12_X,-11.233187363794412,-2.473880755096834,-0.7438457663400748,1.0
KP0172_AC_SQ12,-11.142233830472268,-3.194199578192164,-0.7349415475281009,1.0
KP0173_AC_SQ12,-11.115558041837385,-3.280838046395077,-0.6784433933580585,1.0
KP0174_AC_SQ12,-11.137994533792655,-3.3637262405965074,-0.7161140098205555,1.0
KP0175_AC_SQ12,-11.145006678603824,-3.4578191586127844,-0.7947059416393167,1.0
KP0176_AC_SQ12,-11.063182873888934,-3.3705235366982143,-0.6820042943176359,1.0
KP0177_AC_SQ12,-11.065451412741226,-3.5309376428509363,-0.7177951443225952,1.0
KP0178_AC_SQ12,-11.006898451275141,-3.5741284083317564,-0.9124906552928124,1.0
KP0168_AC_SQ12_X,-10.877766520449297,-1.9553944079738181,-0.7567186713366031,1.0
