9.33944																																													
9.33972	2.85018																																												
9.33981	2.97419	0.849587																																											
9.3402	3.04456	1.76001	1.49064																																										
10.3581	10.6664	10.6665	10.6665	10.6666																																									
10.3582	10.6664	10.6665	10.6665	10.6666	0.428006																																								
10.3582	10.6665	10.6666	10.6666	10.6667	1.41444	1.08122																																							
10.3581	10.6664	10.6665	10.6665	10.6666	0.465099	-0.483671	1.24528																																						
10.358	10.6663	10.6664	10.6664	10.6665	1.30068	1.57224	2.04241	1.48961																																					
10.358	10.6663	10.6664	10.6664	10.6665	1.07917	1.37008	1.92618	1.25678	-0.0319134																																				
10.3581	10.6663	10.6664	10.6664	10.6665	0.893396	1.17182	1.82038	1.01638	0.572538	-0.217685																																			
10.358	10.6663	10.6664	10.6664	10.6665	1.25259	1.43825	1.96838	1.30864	0.397296	-0.104339	0.0552951																																		
10.358	10.6663	10.6664	10.6664	10.6665	1.46056	1.60593	2.06937	1.49271	0.560094	0.452323	0.623672	-0.211922																																	
10.3579	10.6663	10.6663	10.6664	10.6665	1.75645	1.92945	2.28289	1.86523	0.751601	1.08201	1.30834	1.07374	0.914631																																
10.3578	10.6662	10.6662	10.6663	10.6664	2.34819	2.42305	2.65458	2.37464	1.93501	2.01826	2.09138	1.95603	1.84044	1.59805																															
10.3577	10.6661	10.6662	10.6662	10.6663	2.47891	2.54279	2.75029	2.49925	2.1275	2.19593	2.25617	2.14171	2.04547	1.85684	0.385108																														
10.3577	10.6661	10.6661	10.6662	10.6663	2.66152	2.71758	2.89484	2.68154	2.37345	2.43149	2.4815	2.39202	2.31863	2.16146	1.35179	0.894059																													
10.3575	10.666	10.666	10.6661	10.6662	2.9201	2.97049	3.11128	2.94423	2.7002	2.74904	2.78986	2.72756	2.67808	2.54691	2.11916	1.94902	1.53653																												
10.3576	10.666	10.6661	10.6661	10.6662	2.87052	2.91915	3.0666	2.89034	2.64037	2.68849	2.72931	2.66113	2.60641	2.47875	1.98182	1.76959	1.2318	0.415112																											
2.7773	9.33981	9.3401	9.34018	9.34057	10.358	10.358	10.3581	10.358	10.3579	10.3579	10.3579	10.3579	10.3579	10.3578	10.3577	10.3576	10.3575	10.3574	10.3574																										
2.81886	9.33993	9.34022	9.3403	9.34069	10.3579	10.358	10.3581	10.358	10.3578	10.3579	10.3579	10.3578	10.3578	10.3578	10.3576	10.3576	10.3575	10.3574	10.3574	0.35053																									
2.80496	9.33997	9.34025	9.34034	9.34073	10.3579	10.358	10.3581	10.3579	10.3578	10.3578	10.3579	10.3578	10.3578	10.3578	10.3576	10.3576	10.3575	10.3573	10.3574	0.573144	-0.61349																								
2.85447	9.3399	9.34018	9.34027	9.34066	10.358	10.358	10.3581	10.358	10.3578	10.3579	10.3579	10.3579	10.3578	10.3578	10.3576	10.3576	10.3575	10.3574	10.3574	0.365237	-0.126462	0.342888																							
2.7936	9.34002	9.3403	9.34039	9.34078	10.3579	10.3579	10.358	10.3579	10.3578	10.3578	10.3578	10.3578	10.3578	10.3577	10.3576	10.3575	10.3575	10.3573	10.3574	0.883639	0.241132	-0.308368	0.750566																						
2.82681	9.34008	9.34037	9.34045	9.34084	10.3579	10.3579	10.358	10.3579	10.3578	10.3578	10.3578	10.3578	10.3578	10.3577	10.3576	10.3575	10.3574	10.3573	10.3573	1.12683	0.571107	0.27281	0.909158	-0.261721																					
2.85644	9.3401	9.34039	9.34047	9.34086	10.3579	10.3579	10.358	10.3579	10.3578	10.3578	10.3578	10.3578	10.3578	10.3577	10.3576	10.3575	10.3574	10.3573	10.3573	1.20399	0.662872	0.45914	0.921691	0.190593	-0.674251																				
2.81439	9.34012	9.34041	9.3405	9.34088	10.3579	10.3579	10.358	10.3579	10.3578	10.3578	10.3578	10.3578	10.3577	10.3577	10.3575	10.3575	10.3574	10.3573	10.3573	1.29747	0.884915	0.654298	1.15504	0.216587	-0.352506	-0.0389769																			
2.54081	9.33946	9.33974	9.33983	9.34022	10.3581	10.3581	10.3582	10.3581	10.358	10.358	10.358	10.358	10.358	10.3579	10.3578	10.3577	10.3577	10.3575	10.3576	1.59093	1.82996	1.8548	1.84444	1.91142	2.01919	2.0705	2.06287																		
2.57744	9.33889	9.33918	9.33927	9.33966	10.3583	10.3583	10.3584	10.3583	10.3582	10.3582	10.3582	10.3582	10.3582	10.3581	10.358	10.3579	10.3579	10.3577	10.3578	2.40781	2.52678	2.54554	2.51883	2.5795	2.63588	2.66175	2.66238	1.86862																	
2.54677	9.339	9.33929	9.33937	9.33976	10.3583	10.3583	10.3584	10.3583	10.3582	10.3582	10.3582	10.3582	10.3582	10.3581	10.358	10.3579	10.3578	10.3577	10.3577	2.29403	2.42587	2.44567	2.41926	2.48229	2.54435	2.57307	2.57281	1.6575	0.211059																
2.51232	9.339	9.33928	9.33937	9.33976	10.3583	10.3583	10.3584	10.3583	10.3582	10.3582	10.3582	10.3582	10.3582	10.3581	10.358	10.3579	10.3578	10.3577	10.3577	2.31951	2.44726	2.46502	2.44366	2.49905	2.56027	2.58945	2.58667	1.68955	0.196156	-0.688483															
2.62272	9.33907	9.33936	9.33945	9.33984	10.3583	10.3583	10.3584	10.3583	10.3581	10.3582	10.3582	10.3581	10.3581	10.3581	10.3579	10.3579	10.3578	10.3577	10.3577	2.16304	2.31387	2.3406	2.29826	2.38654	2.45369	2.48229	2.48941	1.47572	0.932237	0.466	0.72467														
2.65449	9.33859	9.33888	9.33896	9.33935	10.3584	10.3585	10.3586	10.3584	10.3583	10.3583	10.3584	10.3583	10.3583	10.3582	10.3581	10.3581	10.358	10.3578	10.3579	2.69288	2.7837	2.79818	2.77698	2.82427	2.86874	2.88952	2.8892	2.31392	1.29902	1.58515	1.54904	1.81382													
2.52158	9.33877	9.33906	9.33914	9.33953	10.3584	10.3584	10.3585	10.3584	10.3582	10.3583	10.3583	10.3583	10.3582	10.3582	10.358	10.358	10.3579	10.3578	10.3578	2.57219	2.67241	2.68581	2.67026	2.71186	2.7617	2.78626	2.78188	2.11561	0.811291	1.17812	1.07469	1.55856	0.76057												
2.61171	9.33881	9.3391	9.33918	9.33957	10.3584	10.3584	10.3585	10.3584	10.3582	10.3583	10.3583	10.3582	10.3582	10.3582	10.358	10.358	10.3579	10.3578	10.3578	2.4845	2.59552	2.61379	2.58644	2.64629	2.69903	2.72295	2.72449	2.00243	-0.0642173	0.774576	0.756143	1.20711	1.02645	0.593316											
2.82715	9.33816	9.33845	9.33853	9.33893	10.3586	10.3586	10.3587	10.3586	10.3585	10.3585	10.3585	10.3585	10.3585	10.3584	10.3583	10.3582	10.3581	10.358	10.358	2.99199	3.0601	3.07096	3.05484	3.09051	3.12482	3.14114	3.14016	2.72387	2.17662	2.30504	2.28464	2.42204	1.63922	1.94655	2.07135										
10.3579	10.6663	10.6663	10.6664	10.6665	2.94475	3.01884	3.08251	3.025	2.88616	2.92583	2.95763	2.9654	2.97415	2.87186	2.99639	3.03145	3.06167	3.08882	3.11086	10.3578	10.3578	10.3578	10.3578	10.3577	10.3577	10.3577	10.3577	10.3579	10.3581	10.3581	10.3581	10.3581	10.3583	10.3582	10.3582	10.3584									
10.3577	10.6661	10.6662	10.6662	10.6663	3.13523	3.19981	3.27765	3.19779	3.03585	3.07829	3.112	3.10304	3.09842	2.98614	3.0129	3.02263	3.01052	2.95745	3.00521	10.3576	10.3575	10.3575	10.3575	10.3575	10.3575	10.3575	10.3575	10.3577	10.3579	10.3579	10.3579	10.3578	10.358	10.358	10.3579	10.3582	2.02011								
9.52407	10.1292	10.1293	10.1293	10.1295	9.78846	9.78851	9.78868	9.78848	9.78826	9.7883	9.78833	9.78828	9.78823	9.78814	9.78788	9.7878	9.78766	9.78742	9.78747	9.52375	9.52365	9.52363	9.52368	9.52358	9.52353	9.52351	9.52349	9.52405	9.52452	9.52443	9.52443	9.52437	9.52477	9.52462	9.52458	9.52512	9.78815	9.78773							
9.52381	10.129	10.1291	10.1292	10.1294	9.78866	9.78871	9.78888	9.78868	9.78846	9.7885	9.78853	9.78848	9.78843	9.78834	9.78808	9.788	9.78786	9.78762	9.78767	9.5235	9.52339	9.52337	9.52342	9.52332	9.52327	9.52325	9.52323	9.52379	9.52426	9.52417	9.52417	9.52411	9.52451	9.52436	9.52433	9.52486	9.78835	9.78793	1.29433						
9.52321	10.1287	10.1288	10.1289	10.129	9.78912	9.78917	9.78933	9.78914	9.78891	9.78895	9.78899	9.78893	9.78889	9.78879	9.78854	9.78846	9.78832	9.78808	9.78813	9.5229	9.5228	9.52277	9.52283	9.52273	9.52268	9.52266	9.52264	9.5232	9.52366	9.52357	9.52358	9.52351	9.52392	9.52377	9.52373	9.52427	9.78881	9.78839	2.45787	2.0965					
9.52348	10.1288	10.129	10.129	10.1292	9.78891	9.78896	9.78913	9.78893	9.78871	9.78875	9.78878	9.78873	9.78868	9.78859	9.78833	9.78825	9.78811	9.78787	9.78792	9.52317	9.52307	9.52304	9.5231	9.523	9.52294	9.52292	9.52291	9.52346	9.52393	9.52384	9.52384	9.52378	9.52418	9.52403	9.524	9.52454	9.7886	9.78818	2.08863	1.50078	1.2984				
9.52313	10.1286	10.1288	10.1288	10.129	9.78918	9.78923	9.7894	9.7892	9.78898	9.78902	9.78905	9.789	9.78895	9.78886	9.7886	9.78852	9.78838	9.78814	9.78819	9.52282	9.52271	9.52269	9.52274	9.52264	9.52259	9.52257	9.52255	9.52311	9.52358	9.52349	9.52349	9.52343	9.52383	9.52368	9.52365	9.52419	9.78887	9.78845	2.56075	2.23329	0.500855	1.58427			
9.52288	10.1285	10.1286	10.1287	10.1289	9.78937	9.78942	9.78959	9.78939	9.78917	9.78921	9.78924	9.78919	9.78914	9.78905	9.78879	9.78871	9.78857	9.78833	9.78838	9.52257	9.52247	9.52244	9.5225	9.5224	9.52234	9.52232	9.52231	9.52286	9.52333	9.52324	9.52324	9.52318	9.52358	9.52343	9.5234	9.52394	9.78906	9.78864	2.79861	2.54892	1.60424	2.12368	1.25034		
9.52297	10.1286	10.1287	10.1287	10.1289	9.7893	9.78935	9.78952	9.78932	9.7891	9.78914	9.78917	9.78912	9.78907	9.78898	9.78872	9.78864	9.7885	9.78826	9.78832	9.52266	9.52256	9.52253	9.52259	9.52249	9.52243	9.52241	9.5224	9.52295	9.52342	9.52333	9.52333	9.52327	9.52367	9.52352	9.52349	9.52403	9.789	9.78857	2.71146	2.43906	1.22973	1.94333	0.783054	0.536149	
9.52303	10.1286	10.1287	10.1288	10.1289	9.78926	9.78931	9.78947	9.78928	9.78905	9.78909	9.78913	9.78907	9.78903	9.78894	9.78868	9.7886	9.78846	9.78822	9.78827	9.52272	9.52262	9.52259	9.52265	9.52255	9.52249	9.52247	9.52246	9.52301	9.52348	9.52339	9.52339	9.52333	9.52373	9.52358	9.52355	9.52409	9.78895	9.78853	2.65502	2.36453	0.955729	1.81764	0.348341	0.885581	-0.190484