47 populations (data/AL2_all.genepop.txt.MIG)

genetic estimates ('^a' statistic):
  0.115848
  0.078661  0.107818
  0.099848  0.099386  0.072747
  0.027045  0.047627  0.033487  0.065126
  0.146793  0.086278  0.077592  0.063902  0.014035
  0.094422  0.078026  0.100838  0.098393  0.049397   0.09287
  0.118515  0.124374  0.035823  0.039894  0.044314  0.056999   0.04628
  0.040678  0.086223  0.082814  0.093719  0.033597  0.073646  0.006693  0.102708
  0.098171  0.071008  0.074072  0.065277 -0.033693  0.054734   0.10393  0.052923   0.08387
  0.160286  0.114318  0.026242  0.084197  0.007949  0.088478  0.134609  0.086578  0.050682  0.059191
  0.092449  0.106488  0.028105  0.005521  0.049522  0.094319  0.083603  0.073272  0.031736  0.024206  0.020292
  0.004462  0.039378  0.021769  0.041268  0.002133  0.079485  0.031129 -0.003733  0.051784  0.022765  0.061326   0.06844
  0.082828  0.026006  0.018242  0.023284 -0.047485  0.039944  0.053025  0.056216  0.072734  0.026571  0.004609 -0.032102  0.003438
  0.037896   0.05156  0.075442  0.066533 -0.012393  0.041827  0.091934  0.043429  0.093719  0.042427  0.055804  0.082932  0.004455 -0.004575
  0.102801  0.059033  0.054606  0.033235 -0.030212  0.080767   0.08045   0.01013 -0.013679  0.054925  0.066281  0.001224  0.034373 -0.001692  0.012092
  0.090824   0.03072  0.022719  0.040089  0.051088  0.051774  0.002385  0.036473  0.013769  0.035255  0.061609  0.018111  -0.00738  0.008054  0.071452  0.065671
  0.058126  0.077829  0.042778  0.018608  0.007397   0.11665    0.0951  0.064022  0.061641  0.036766  0.087874  0.071566  0.054984  0.116277  0.039838 -0.016331  0.038091
  0.116625  0.132357  0.108982  0.117246  0.096664  0.150059  0.110527  0.131206  0.051293   0.06277   0.15366  0.161605  0.057315  0.071499  0.078509  0.019188  0.078764  0.065021
  0.080992   0.09665  0.093529  0.109976  0.027394  0.101132  0.111314 -0.014667  0.107667   0.12555  0.129125  0.098474 -0.008764  0.029451  0.051045  0.003259  0.030483  0.049612  0.076744
  0.097484  0.053621  0.140418  0.051272   0.00765  0.084836  0.123157  0.033745 -0.016493  0.024546  0.023172  0.012199  0.031917 -0.027193  0.009395  0.017776  0.042645  0.024572  0.035977  0.085127
  0.110349   0.04372  0.098369  0.058237  0.050651  0.013139  0.012751   0.07423  0.011967  0.095346  0.072889  0.080946  0.012166  0.058221  0.089886  0.077492 -0.037454  0.039775   0.08342  0.082035  0.020388
  0.115398  0.134346  0.057615  0.050837  0.086698  0.094605  0.126208  0.068545  0.098076  0.108495  0.055436  0.020684    0.0609 -0.003763  0.070796   0.00672  0.028918  0.080703  0.104502  0.119616   0.00708  0.066899
  0.065693  0.009294 -0.010753  0.065271 -0.039774  0.008364  0.091181  0.045792 -0.001352  0.027168  0.060642 -0.022566 -0.024231  0.004862  0.034255 -0.035719  0.027463  0.027959  0.068215  0.059597   0.00945  0.019071 -0.012261
  0.008271  0.050618  0.050113  0.082899  0.051479  0.070335  0.001757  0.053443  0.026744  0.042538  0.053313  0.049466 -0.003922  0.004383  0.067024  0.017084   0.00927 -0.021159  0.036159  0.068617   0.01484  0.025425  0.052085  0.017272
   0.11324  0.088821  0.082657  0.105449  0.091861  0.095921  0.086026  0.145741  0.028038  0.112928  0.136142   0.03943 -0.023153   0.04767  0.070933  0.016637  0.045969  0.054817  0.028112  0.057187  0.135863  0.117499  0.134042   0.09773  0.067959
  0.101209  0.174479  0.140732  0.150557  0.094564  0.136971  0.166058  0.174269  0.122728  0.109092  0.205188  0.119711  0.149447  0.129578  0.093244  0.057216  0.162292  0.109651  0.163486  0.114292  0.155701  0.157964  0.203551  0.118565  0.115316  0.146394
  0.112697  0.067956  0.079809  0.088228  0.022747  0.052585  0.115552  0.002086  0.069195  0.037747  0.111833  0.092505  0.076804  0.060951  0.054377  0.018482  0.052679  0.056927  0.104308  0.062669  0.081651  0.096919   0.07279  0.033851  0.104896  0.054259  0.159093
  0.132547  0.093601  0.083959  0.038149  0.029487  0.122895  0.119906  0.074945  0.097544 -0.003838  0.103064  0.019188  0.032735  0.027171  0.069543  0.006606  0.077953  0.027705  0.125805  0.127157  0.048575   0.07964  0.021431  0.015624  0.074747  0.092881  0.128884  0.053669
  0.135353   0.10749  0.070909  0.040411  0.042354  0.105478  0.058268  0.012391  0.064608  0.065699   0.09222  0.086025  0.060999  0.049218  0.054539  0.041314  0.068945  0.040022  0.086522  0.050553  0.010318  0.061764  0.065812  0.049412  0.023584  0.111144  0.184386  0.058641  0.083177
  0.050174  0.123896   0.07501   0.11998 -0.016184  0.097721  0.096893   0.03662  0.076465  0.079243  0.101564  0.028233  0.048133  0.051323  0.024777  0.001345   0.05821  0.005677  0.090957  0.058036  0.057269  0.107839  0.095265  0.040776  0.039949  0.054111  0.125596  0.040363  0.065777  0.057657
  0.114162  0.141419  0.023201  0.034264   0.04578  0.034056  0.074577   0.04581  0.068872   0.04527 -0.014116  0.029634 -0.040266   0.02557  0.004039  0.053084  0.051279  0.040083  0.080113  0.088798  0.016957  0.114076 -0.012663  0.075934  0.035018  0.041256   0.12106  0.054622    0.0249  0.019496 -0.006089
  0.095997  0.058854  0.055709  0.086033 -0.014502  0.050173  0.030396 -0.023499  0.060118  0.031596    0.0544  0.052683  0.034082  0.027311  0.042892  0.040609 -0.001665  0.037369  0.060953  0.049738 -0.019332 -0.002929  0.032607  0.044537  0.040908  0.084232  0.169781  0.031647  0.073898  0.005151  0.079792 -0.000829
  0.097504  0.086082  0.082912  0.032167 -0.005584  0.061799  0.090802  0.090704  0.077254  0.024948  0.070043  0.100358  0.008106  0.016188  0.055166  0.020236   0.04777   0.02934  0.113347  0.028165  0.079498  0.061022  0.148776  0.012329  0.031521  0.066337  0.085836  0.086543  0.087349  0.140181  0.104309  0.056496   0.04817
  0.197451  0.048884  0.082566  0.046671  0.023102  0.063605  0.096288  0.045292  0.078276  0.095317  0.092023  0.029689  0.064318   0.08803  0.093905  0.051937  0.089118  0.037766  0.117826  0.109359  0.098527  0.058976  0.125907  0.052108  0.074222  0.076157  0.224463  0.092492  0.091907  0.154823  0.075907  0.043836  0.083286  0.082438
  0.071099  0.047847  0.116536 -0.008934 -0.010193  0.111042  0.078188   0.00937  0.030795  0.043825   0.06323  0.029048  0.028479  0.050102  0.069257  0.021602  0.039465   0.02424  0.069137  0.055661  0.041799  0.014388  0.056526  0.025291  0.042493  0.117584   0.13669   0.06117   0.04702  0.063878  0.073505  0.032184  0.025648 -0.008687  0.034465
  0.070563  0.119992  0.112521  0.046172  0.014814  0.052246  0.124845   0.04642  0.075518  0.078685  0.144949  0.068873  0.081055   0.00716  0.041788  0.080673  0.038096  0.045355  0.071063  0.102737  0.045023  0.051809  0.086956    0.0375  0.036064  0.077386  0.139582  0.078042  0.080027    0.1021  0.016734   0.04493   0.09542  0.084169   0.02975  0.045791
  0.075938  0.056317   0.06311   0.11272 -0.018889  0.062746  0.053099  0.097898  0.071897  0.000245  0.046723  0.081013 -0.020767  0.035976   0.02988  0.014289   0.07024  0.058797  0.135311  0.132193  0.072542  0.037836  0.108642 -0.023491  0.047871  0.081661  0.122055  0.019656  0.041906  0.055153  0.076981  0.032764  0.028341   0.05345  0.075228  0.060108  0.041659
  0.066014   0.05438  0.074286   0.01937  0.009789  0.069632  0.036175   0.00757  0.006375  0.070721  0.049559  0.051128  0.012595  0.021529  0.042296 -0.016997  0.023445 -0.001151  0.082041  0.017169  0.068089  0.047684   0.06063  0.007399  0.014521  0.041913  0.123307 -0.020083  0.061593  0.067955 -0.001753 -0.018779  0.052468  0.031319  0.008167 -0.006363  -0.05066  0.052465
  0.105317  0.089435  0.135805  0.092433  0.055923  0.071223  0.158371  0.076777   0.06891  0.100837  0.078569  0.102395  0.066716  0.143311  0.112708  0.050426  0.088386  0.107253  0.082779  0.040761  0.091654  0.059166   0.07905  0.012525  0.075239  0.107373  0.170071  0.070509  0.069371  0.107095  0.066885  0.071426  0.003349  0.074493  0.107158 -0.010195  0.104807  0.079228 -0.018502
  0.108418  0.081813  0.054733   0.00747  0.030455  0.051861  0.094241  0.068858  -0.01432  0.092051  0.063347  0.020183   0.05308  0.017059  0.033981  0.086472  0.050822  0.059633  0.108134  0.097099  0.009821   0.03899  0.098132  0.038393  0.060302  0.059979  0.154872   0.11135   0.06026  0.065114  0.087509  0.096849  0.049022  0.061182  0.011334  0.072966  0.048774  0.089653  0.063826  0.154985
  0.134797  0.090077  0.129356  0.114149  0.091619  0.098368  0.109789  0.067204  0.104264   0.06147  0.142475  0.101263  0.014897  0.040735  0.096851  0.078859  0.092176  0.112893  0.217373  0.141031  0.104178  0.107893  0.140331  0.033225   0.03983  0.134299  0.123677  0.079164  0.097189  0.115335  0.084664  0.103588  0.098218    0.0508  0.134926  0.134863   0.13061  0.153504  0.105072  0.144661  0.163284
  0.094873  0.065742  0.109299  0.041936  0.056096  0.016921  0.075204  0.041061 -0.014282   0.02489  0.102729  0.062293 -0.001101  0.003735  0.049072  0.054583  0.008677   0.08765  0.080587  0.075267  0.032271  0.067894  0.126501  0.009681  0.004991  0.053889   0.13186  0.072522  0.075065  0.083011  0.046069    0.0285   0.04484  0.039096  0.046323  0.026358  0.043179  0.082097 -0.006685  0.135488  0.086146   0.07011
  0.074947  0.048278  0.120739  0.026454  -0.02533  0.104588  0.044706  0.002327  0.042292  0.052435  0.121257  0.089069  0.006759  0.031048  0.038848  0.030204  0.078154  0.025352  0.069322  0.080208  0.022702  0.037894  0.094539  0.064857  0.018117  0.050858  0.125057  0.036741  0.022066  0.077879   0.03768  0.045981  0.002113  0.040134  0.091267 -0.013328   0.06436  0.059303  0.054501  0.042121  0.099337  0.069014  0.078088
  0.059492   0.07605  0.039586   0.04749  0.020547   0.04508  0.063422  0.085828  0.006081  0.013102  0.039003  0.081752  0.028095  0.010424  0.036586  0.041096  0.039736  0.035383  0.108943  0.084672  0.004496 -0.020476  0.082245  0.057283  0.082103  0.108711  0.118762  0.099237 -0.000877  0.082614   0.12807  0.054867  0.058434  0.076257  0.061702  0.048559  0.038526  0.058458  0.038119  0.076464  0.061673  0.145433  0.035853  0.017653
  0.166296  0.095954  0.140375  0.124305  0.097982  0.124809  0.157231  0.105244  0.061262   0.15849  0.121023  0.118699  0.072353  0.139145  0.086989  0.120344  0.152253  0.098029  0.153676  0.124297  0.083571  0.054017  0.124301  0.123291  0.104306  0.170896  0.244848  0.149863  0.102418  0.169572  0.129345  0.035518  0.023655  0.125928  0.093442  0.070699   0.17678   0.15273  0.083833  0.065609  0.085518  0.188242  0.145948  0.074662  0.160461
  0.084626  0.080648  0.052534  0.064656  0.030298   0.01652  0.060193  0.095417   0.00166   0.08418  0.040979  0.004179  0.036937  0.017555  0.032015  0.040735  0.050374  0.082837  0.049712  0.081385  0.028368  0.008286  0.020606  0.026365  0.004484  0.051608  0.078967  0.017968  0.068855  0.054915  0.144342   0.02408  0.015327  0.024914  0.052658 -0.030095    0.0918  0.038526  0.068136  0.084908  0.052345  0.089035  0.026957  0.006893  0.064053  0.086025

Ln(distance):
   9.33944
   9.33972   2.85018
   9.33981   2.97419  0.849587
    9.3402   3.04456   1.76001   1.49064
   10.3581   10.6664   10.6665   10.6665   10.6666
   10.3582   10.6664   10.6665   10.6665   10.6666  0.428006
   10.3582   10.6665   10.6666   10.6666   10.6667   1.41444   1.08122
   10.3581   10.6664   10.6665   10.6665   10.6666  0.465099 -0.483671   1.24528
    10.358   10.6663   10.6664   10.6664   10.6665   1.30068   1.57224   2.04241   1.48961
    10.358   10.6663   10.6664   10.6664   10.6665   1.07917   1.37008   1.92618   1.25678 -0.0319134
   10.3581   10.6663   10.6664   10.6664   10.6665  0.893396   1.17182   1.82038   1.01638  0.572538 -0.217685
    10.358   10.6663   10.6664   10.6664   10.6665   1.25259   1.43825   1.96838   1.30864  0.397296 -0.104339 0.0552951
    10.358   10.6663   10.6664   10.6664   10.6665   1.46056   1.60593   2.06937   1.49271  0.560094  0.452323  0.623672 -0.211922
   10.3579   10.6663   10.6663   10.6664   10.6665   1.75645   1.92945   2.28289   1.86523  0.751601   1.08201   1.30834   1.07374  0.914631
   10.3578   10.6662   10.6662   10.6663   10.6664   2.34819   2.42305   2.65458   2.37464   1.93501   2.01826   2.09138   1.95603   1.84044   1.59805
   10.3577   10.6661   10.6662   10.6662   10.6663   2.47891   2.54279   2.75029   2.49925    2.1275   2.19593   2.25617   2.14171   2.04547   1.85684  0.385108
   10.3577   10.6661   10.6661   10.6662   10.6663   2.66152   2.71758   2.89484   2.68154   2.37345   2.43149    2.4815   2.39202   2.31863   2.16146   1.35179  0.894059
   10.3575    10.666    10.666   10.6661   10.6662    2.9201   2.97049   3.11128   2.94423    2.7002   2.74904   2.78986   2.72756   2.67808   2.54691   2.11916   1.94902   1.53653
   10.3576    10.666   10.6661   10.6661   10.6662   2.87052   2.91915    3.0666   2.89034   2.64037   2.68849   2.72931   2.66113   2.60641   2.47875   1.98182   1.76959    1.2318  0.415112
    2.7773   9.33981    9.3401   9.34018   9.34057    10.358    10.358   10.3581    10.358   10.3579   10.3579   10.3579   10.3579   10.3579   10.3578   10.3577   10.3576   10.3575   10.3574   10.3574
   2.81886   9.33993   9.34022    9.3403   9.34069   10.3579    10.358   10.3581    10.358   10.3578   10.3579   10.3579   10.3578   10.3578   10.3578   10.3576   10.3576   10.3575   10.3574   10.3574   0.35053
   2.80496   9.33997   9.34025   9.34034   9.34073   10.3579    10.358   10.3581   10.3579   10.3578   10.3578   10.3579   10.3578   10.3578   10.3578   10.3576   10.3576   10.3575   10.3573   10.3574  0.573144  -0.61349
   2.85447    9.3399   9.34018   9.34027   9.34066    10.358    10.358   10.3581    10.358   10.3578   10.3579   10.3579   10.3579   10.3578   10.3578   10.3576   10.3576   10.3575   10.3574   10.3574  0.365237 -0.126462  0.342888
    2.7936   9.34002    9.3403   9.34039   9.34078   10.3579   10.3579    10.358   10.3579   10.3578   10.3578   10.3578   10.3578   10.3578   10.3577   10.3576   10.3575   10.3575   10.3573   10.3574  0.883639  0.241132 -0.308368  0.750566
   2.82681   9.34008   9.34037   9.34045   9.34084   10.3579   10.3579    10.358   10.3579   10.3578   10.3578   10.3578   10.3578   10.3578   10.3577   10.3576   10.3575   10.3574   10.3573   10.3573   1.12683  0.571107   0.27281  0.909158 -0.261721
   2.85644    9.3401   9.34039   9.34047   9.34086   10.3579   10.3579    10.358   10.3579   10.3578   10.3578   10.3578   10.3578   10.3578   10.3577   10.3576   10.3575   10.3574   10.3573   10.3573   1.20399  0.662872   0.45914  0.921691  0.190593 -0.674251
   2.81439   9.34012   9.34041    9.3405   9.34088   10.3579   10.3579    10.358   10.3579   10.3578   10.3578   10.3578   10.3578   10.3577   10.3577   10.3575   10.3575   10.3574   10.3573   10.3573   1.29747  0.884915  0.654298   1.15504  0.216587 -0.352506 -0.0389769
   2.54081   9.33946   9.33974   9.33983   9.34022   10.3581   10.3581   10.3582   10.3581    10.358    10.358    10.358    10.358    10.358   10.3579   10.3578   10.3577   10.3577   10.3575   10.3576   1.59093   1.82996    1.8548   1.84444   1.91142   2.01919    2.0705   2.06287
   2.57744   9.33889   9.33918   9.33927   9.33966   10.3583   10.3583   10.3584   10.3583   10.3582   10.3582   10.3582   10.3582   10.3582   10.3581    10.358   10.3579   10.3579   10.3577   10.3578   2.40781   2.52678   2.54554   2.51883    2.5795   2.63588   2.66175   2.66238   1.86862
   2.54677     9.339   9.33929   9.33937   9.33976   10.3583   10.3583   10.3584   10.3583   10.3582   10.3582   10.3582   10.3582   10.3582   10.3581    10.358   10.3579   10.3578   10.3577   10.3577   2.29403   2.42587   2.44567   2.41926   2.48229   2.54435   2.57307   2.57281    1.6575  0.211059
   2.51232     9.339   9.33928   9.33937   9.33976   10.3583   10.3583   10.3584   10.3583   10.3582   10.3582   10.3582   10.3582   10.3582   10.3581    10.358   10.3579   10.3578   10.3577   10.3577   2.31951   2.44726   2.46502   2.44366   2.49905   2.56027   2.58945   2.58667   1.68955  0.196156 -0.688483
   2.62272   9.33907   9.33936   9.33945   9.33984   10.3583   10.3583   10.3584   10.3583   10.3581   10.3582   10.3582   10.3581   10.3581   10.3581   10.3579   10.3579   10.3578   10.3577   10.3577   2.16304   2.31387    2.3406   2.29826   2.38654   2.45369   2.48229   2.48941   1.47572  0.932237     0.466   0.72467
   2.65449   9.33859   9.33888   9.33896   9.33935   10.3584   10.3585   10.3586   10.3584   10.3583   10.3583   10.3584   10.3583   10.3583   10.3582   10.3581   10.3581    10.358   10.3578   10.3579   2.69288    2.7837   2.79818   2.77698   2.82427   2.86874   2.88952    2.8892   2.31392   1.29902   1.58515   1.54904   1.81382
   2.52158   9.33877   9.33906   9.33914   9.33953   10.3584   10.3584   10.3585   10.3584   10.3582   10.3583   10.3583   10.3583   10.3582   10.3582    10.358    10.358   10.3579   10.3578   10.3578   2.57219   2.67241   2.68581   2.67026   2.71186    2.7617   2.78626   2.78188   2.11561  0.811291   1.17812   1.07469   1.55856   0.76057
   2.61171   9.33881    9.3391   9.33918   9.33957   10.3584   10.3584   10.3585   10.3584   10.3582   10.3583   10.3583   10.3582   10.3582   10.3582    10.358    10.358   10.3579   10.3578   10.3578    2.4845   2.59552   2.61379   2.58644   2.64629   2.69903   2.72295   2.72449   2.00243 -0.0642173  0.774576  0.756143   1.20711   1.02645  0.593316
   2.82715   9.33816   9.33845   9.33853   9.33893   10.3586   10.3586   10.3587   10.3586   10.3585   10.3585   10.3585   10.3585   10.3585   10.3584   10.3583   10.3582   10.3581    10.358    10.358   2.99199    3.0601   3.07096   3.05484   3.09051   3.12482   3.14114   3.14016   2.72387   2.17662   2.30504   2.28464   2.42204   1.63922   1.94655   2.07135
   10.3579   10.6663   10.6663   10.6664   10.6665   2.94475   3.01884   3.08251     3.025   2.88616   2.92583   2.95763    2.9654   2.97415   2.87186   2.99639   3.03145   3.06167   3.08882   3.11086   10.3578   10.3578   10.3578   10.3578   10.3577   10.3577   10.3577   10.3577   10.3579   10.3581   10.3581   10.3581   10.3581   10.3583   10.3582   10.3582   10.3584
   10.3577   10.6661   10.6662   10.6662   10.6663   3.13523   3.19981   3.27765   3.19779   3.03585   3.07829     3.112   3.10304   3.09842   2.98614    3.0129   3.02263   3.01052   2.95745   3.00521   10.3576   10.3575   10.3575   10.3575   10.3575   10.3575   10.3575   10.3575   10.3577   10.3579   10.3579   10.3579   10.3578    10.358    10.358   10.3579   10.3582   2.02011
   9.52407   10.1292   10.1293   10.1293   10.1295   9.78846   9.78851   9.78868   9.78848   9.78826    9.7883   9.78833   9.78828   9.78823   9.78814   9.78788    9.7878   9.78766   9.78742   9.78747   9.52375   9.52365   9.52363   9.52368   9.52358   9.52353   9.52351   9.52349   9.52405   9.52452   9.52443   9.52443   9.52437   9.52477   9.52462   9.52458   9.52512   9.78815   9.78773
   9.52381    10.129   10.1291   10.1292   10.1294   9.78866   9.78871   9.78888   9.78868   9.78846    9.7885   9.78853   9.78848   9.78843   9.78834   9.78808     9.788   9.78786   9.78762   9.78767    9.5235   9.52339   9.52337   9.52342   9.52332   9.52327   9.52325   9.52323   9.52379   9.52426   9.52417   9.52417   9.52411   9.52451   9.52436   9.52433   9.52486   9.78835   9.78793   1.29433
   9.52321   10.1287   10.1288   10.1289    10.129   9.78912   9.78917   9.78933   9.78914   9.78891   9.78895   9.78899   9.78893   9.78889   9.78879   9.78854   9.78846   9.78832   9.78808   9.78813    9.5229    9.5228   9.52277   9.52283   9.52273   9.52268   9.52266   9.52264    9.5232   9.52366   9.52357   9.52358   9.52351   9.52392   9.52377   9.52373   9.52427   9.78881   9.78839   2.45787    2.0965
   9.52348   10.1288    10.129    10.129   10.1292   9.78891   9.78896   9.78913   9.78893   9.78871   9.78875   9.78878   9.78873   9.78868   9.78859   9.78833   9.78825   9.78811   9.78787   9.78792   9.52317   9.52307   9.52304    9.5231     9.523   9.52294   9.52292   9.52291   9.52346   9.52393   9.52384   9.52384   9.52378   9.52418   9.52403     9.524   9.52454    9.7886   9.78818   2.08863   1.50078    1.2984
   9.52313   10.1286   10.1288   10.1288    10.129   9.78918   9.78923    9.7894    9.7892   9.78898   9.78902   9.78905     9.789   9.78895   9.78886    9.7886   9.78852   9.78838   9.78814   9.78819   9.52282   9.52271   9.52269   9.52274   9.52264   9.52259   9.52257   9.52255   9.52311   9.52358   9.52349   9.52349   9.52343   9.52383   9.52368   9.52365   9.52419   9.78887   9.78845   2.56075   2.23329  0.500855   1.58427
   9.52288   10.1285   10.1286   10.1287   10.1289   9.78937   9.78942   9.78959   9.78939   9.78917   9.78921   9.78924   9.78919   9.78914   9.78905   9.78879   9.78871   9.78857   9.78833   9.78838   9.52257   9.52247   9.52244    9.5225    9.5224   9.52234   9.52232   9.52231   9.52286   9.52333   9.52324   9.52324   9.52318   9.52358   9.52343    9.5234   9.52394   9.78906   9.78864   2.79861   2.54892   1.60424   2.12368   1.25034
   9.52297   10.1286   10.1287   10.1287   10.1289    9.7893   9.78935   9.78952   9.78932    9.7891   9.78914   9.78917   9.78912   9.78907   9.78898   9.78872   9.78864    9.7885   9.78826   9.78832   9.52266   9.52256   9.52253   9.52259   9.52249   9.52243   9.52241    9.5224   9.52295   9.52342   9.52333   9.52333   9.52327   9.52367   9.52352   9.52349   9.52403     9.789   9.78857   2.71146   2.43906   1.22973   1.94333  0.783054  0.536149
   9.52303   10.1286   10.1287   10.1288   10.1289   9.78926   9.78931   9.78947   9.78928   9.78905   9.78909   9.78913   9.78907   9.78903   9.78894   9.78868    9.7886   9.78846   9.78822   9.78827   9.52272   9.52262   9.52259   9.52265   9.52255   9.52249   9.52247   9.52246   9.52301   9.52348   9.52339   9.52339   9.52333   9.52373   9.52358   9.52355   9.52409   9.78895   9.78853   2.65502   2.36453  0.955729   1.81764  0.348341  0.885581 -0.190484

________________________________________________________________

Minimum distance between pairs in regression: 0.001
Maximum distance between pairs in regression: 100000

Fitting '^a' statistic to a + b ln(distance)
a = 0.066853, b = -0.000345116

 ABC bootstrap results for SLOPE:
 Point estimate and 95% confidence interval:
-0.000345116 [ -0.00112778 , 0.000501065 ]

Unidirectional P-value for [ slope=0 ] : 0.791129

Mantel test, 1000 permutations

Test of isolation by distance (One tailed Pvalue):
 Pr(correlation > observed correlation) =0.786 under null hypothesis

Other one tailed Pvalue:
 Pr(correlation < observed correlation) =0.214 under null hypothesis

 ABC bootstrap results for INTERCEPT:
 Point estimate and 95% confidence interval:
0.066853 [ 0.0396689 , 0.0956055 ]
