11378																																													
11381.3	17.2909																																												
11382.2	19.5738	2.33868																																											
11386.7	21.0008	5.81251	4.43994																																										
31512	42890	42893.3	42894.2	42898.7																																									
31512.9	42890.9	42894.2	42895.1	42899.6	1.5342																																								
31515.9	42893.8	42897.1	42898.1	42902.5	4.11416	2.94826																																							
31512.4	42890.4	42893.6	42894.6	42899	1.59217	0.616516	3.4739																																						
31508.4	42886.4	42889.6	42890.6	42895	3.67181	4.81742	7.70913	4.43537																																					
31509.1	42887.1	42890.4	42891.3	42895.8	2.94225	3.93565	6.86321	3.5141	0.968591																																				
31509.7	42887.7	42891	42891.9	42896.4	2.44341	3.22786	6.17423	2.76316	1.77276	0.804379																																			
31508.7	42886.7	42890	42890.9	42895.4	3.49938	4.21332	7.15905	3.70113	1.4878	0.90092	1.05685																																		
31507.9	42885.9	42889.2	42890.2	42894.6	4.30836	4.98251	7.91981	4.44915	1.75084	1.57196	1.86577	0.809028																																	
31506.3	42884.2	42887.5	42888.5	42892.9	5.79184	6.88571	9.80496	6.4574	2.12039	2.95061	3.70003	2.9263	2.49585																																
31501.6	42879.6	42882.9	42883.9	42888.3	10.4666	11.2802	14.219	10.7471	6.9241	7.52525	8.09607	7.07119	6.29929	4.94339																															
31500.2	42878.2	42881.5	42882.4	42886.9	11.9282	12.7151	15.6471	12.1733	8.39387	8.98838	9.54647	8.514	7.7328	6.40349	1.46977																														
31497.8	42875.8	42879	42880	42884.4	14.3181	15.1437	18.0806	14.6076	10.7344	11.3759	11.9592	10.9355	10.1618	8.68384	3.86435	2.44503																													
31493.5	42871.5	42874.8	42875.7	42880.2	18.5432	19.5014	22.4497	18.996	14.8828	15.6276	16.2787	15.2954	14.5571	12.7676	8.3241	7.02183	4.64845																												
31494.4	42872.4	42875.7	42876.6	42881.1	17.6461	18.5256	21.4688	17.9994	14.0183	14.7094	15.3223	14.3125	13.5503	11.9263	7.2559	5.86848	3.4274	1.51454																											
16.0756	11382.2	11385.5	11386.5	11390.9	31507.8	31508.7	31511.6	31508.1	31504.1	31504.9	31505.5	31504.5	31503.7	31502	31497.4	31496	31493.5	31489.2	31490.2																										
16.7578	11383.6	11386.9	11387.9	11392.3	31506.4	31507.3	31510.2	31506.7	31502.7	31503.5	31504.1	31503.1	31502.3	31500.6	31496	31494.6	31492.1	31487.9	31488.8	1.41982																									
16.5264	11384	11387.3	11388.2	11392.7	31506	31506.9	31509.8	31506.4	31502.4	31503.1	31503.7	31502.7	31501.9	31500.2	31495.6	31494.2	31491.8	31487.5	31488.4	1.77384	0.541458																								
17.3652	11383.2	11386.5	11387.4	11391.9	31506.8	31507.7	31510.6	31507.1	31503.1	31503.9	31504.5	31503.5	31502.7	31501	31496.4	31495	31492.5	31488.3	31489.2	1.44086	0.881207	1.40901																							
16.3397	11384.6	11387.9	11388.8	11393.3	31505.4	31506.3	31509.2	31505.8	31501.8	31502.5	31503.1	31502.1	31501.3	31499.7	31495	31493.6	31491.2	31486.9	31487.8	2.41969	1.27269	0.734645	2.1182																						
16.8914	11385.3	11388.6	11389.5	11394	31504.7	31505.6	31508.5	31505.1	31501.1	31501.8	31502.4	31501.4	31500.6	31498.9	31494.3	31492.9	31490.5	31486.2	31487.1	3.08586	1.77023	1.31365	2.48223	0.769726																					
17.3994	11385.6	11388.8	11389.8	11394.2	31504.5	31505.3	31508.3	31504.8	31500.8	31501.5	31502.1	31501.1	31500.4	31498.7	31494.1	31492.6	31490.2	31485.9	31486.8	3.33338	1.94036	1.58271	2.51354	1.20997	0.509538																				
16.683	11385.8	11389.1	11390	11394.5	31504.2	31505.1	31508	31504.6	31500.5	31501.3	31501.9	31500.9	31500.1	31498.4	31493.8	31492.4	31489.9	31485.7	31486.6	3.66002	2.42278	1.92379	3.17415	1.24183	0.702924	0.961773																			
12.69	11378.2	11381.5	11382.4	11386.9	31511.8	31512.7	31515.6	31512.1	31508.1	31508.9	31509.5	31508.5	31507.7	31506	31501.4	31500	31497.5	31493.3	31494.2	4.90832	6.23365	6.39041	6.32456	6.76272	7.5322	7.92879	7.8685																		
13.1633	11371.8	11375.1	11376.1	11380.5	31518.2	31519.1	31522	31518.5	31514.5	31515.3	31515.9	31514.9	31514.1	31512.4	31507.8	31506.4	31503.9	31499.7	31500.6	11.1096	12.5132	12.7501	12.4141	13.1905	13.9556	14.3214	14.3304	6.47934																	
12.7659	11373.1	11376.3	11377.3	11381.7	31517	31517.9	31520.8	31517.3	31513.3	31514	31514.7	31513.6	31512.9	31511.2	31506.6	31505.1	31502.7	31498.4	31499.3	9.91479	11.3121	11.5383	11.2375	11.9687	12.7349	13.106	13.1026	5.24618	1.23499																
12.3335	11373	11376.3	11377.2	11381.7	31517	31517.9	31520.9	31517.4	31513.4	31514.1	31514.7	31513.7	31512.9	31511.3	31506.6	31505.2	31502.8	31498.5	31499.4	10.1707	11.5566	11.7637	11.5151	12.171	12.9394	13.3224	13.2855	5.41702	1.21672	0.502338															
13.7732	11373.9	11377.1	11378.1	11382.5	31516.2	31517	31520	31516.5	31512.5	31513.2	31513.8	31512.8	31512.1	31510.4	31505.8	31504.3	31501.9	31497.6	31498.5	8.69758	10.1135	10.3875	9.95681	10.8758	11.6312	11.9687	12.0541	4.3742	2.54019	1.59361	2.06405														
14.2178	11368.4	11371.6	11372.6	11377	31521.7	31522.6	31525.5	31522	31518	31518.7	31519.4	31518.3	31517.6	31515.9	31511.3	31509.8	31507.4	31503.1	31504	14.7741	16.1787	16.4147	16.0704	16.8486	17.6149	17.9846	17.9789	10.114	3.66571	4.88	4.70697	6.13381													
12.4482	11370.4	11373.7	11374.6	11379.1	31519.6	31520.5	31523.4	31520	31516	31516.7	31517.3	31516.3	31515.5	31513.8	31509.2	31507.8	31505.3	31501.1	31502	13.0945	14.4748	14.67	14.4437	15.0573	15.8268	16.2203	16.1493	8.2946	2.25081	3.24825	2.92909	4.75197	2.1395												
13.6223	11370.9	11374.2	11375.1	11379.6	31519.1	31520	31523	31519.5	31515.5	31516.2	31516.8	31515.8	31515	31513.4	31508.7	31507.3	31504.9	31500.6	31501.5	11.9951	13.4035	13.6507	13.2824	14.1016	14.8653	15.2252	15.2486	7.40704	0.937801	2.16967	2.13004	3.3438	2.79113	1.80998											
16.8973	11363.5	11366.8	11367.7	11372.2	31526.5	31527.4	31530.3	31526.9	31522.9	31523.6	31524.2	31523.2	31522.4	31520.7	31516.1	31514.7	31512.3	31508	31508.9	19.9253	21.3297	21.5626	21.2179	21.9883	22.7557	23.1303	23.1076	15.2392	8.81645	10.0245	9.82213	11.2688	5.15115	7.00445	7.93552										
31506.5	42884.5	42887.8	42888.7	42893.2	19.0058	20.4676	21.813	20.5939	17.9244	18.6497	19.2523	19.4025	19.5729	17.6699	20.0131	20.7272	21.3632	21.9511	22.4402	31502.3	31500.9	31500.5	31501.3	31499.9	31499.2	31498.9	31498.7	31506.3	31512.7	31511.4	31511.5	31510.6	31516.1	31514.1	31513.6	31521									
31499	42877	42880.3	42881.2	42885.7	22.9939	24.528	26.5133	24.4785	20.8187	21.7212	22.466	22.2655	22.1628	19.809	20.3463	20.5452	20.298	19.2488	20.1904	31494.8	31493.4	31493	31493.8	31492.4	31491.7	31491.4	31491.2	31498.8	31505.2	31503.9	31504	31503.1	31508.6	31506.6	31506.1	31513.5	7.53914								
13685.1	25063.1	25066.4	25067.3	25071.8	17826.9	17827.8	17830.7	17827.2	17823.2	17824	17824.6	17823.6	17822.8	17821.1	17816.5	17815.1	17812.6	17808.4	17809.3	13680.9	13679.5	13679.1	13679.9	13678.5	13677.8	13677.6	13677.3	13684.9	13691.3	13690.1	13690.1	13689.3	13694.8	13692.7	13692.2	13699.6	17821.4	17813.9							
13681.6	25059.6	25062.8	25063.8	25068.3	17830.4	17831.3	17834.3	17830.8	17826.8	17827.5	17828.1	17827.1	17826.3	17824.7	17820	17818.6	17816.2	17811.9	17812.8	13677.3	13676	13675.6	13676.4	13675	13674.3	13674	13673.8	13681.4	13687.8	13686.5	13686.6	13685.7	13691.2	13689.2	13688.7	13696.1	17824.9	17817.4	3.64856						
13673.5	25051.4	25054.7	25055.7	25060.1	17838.6	17839.5	17842.4	17838.9	17834.9	17835.6	17836.3	17835.2	17834.5	17832.8	17828.2	17826.7	17824.3	17820	17820.9	13669.2	13667.8	13667.4	13668.2	13666.9	13666.1	13665.9	13665.6	13673.2	13679.6	13678.4	13678.5	13677.6	13683.1	13681	13680.6	13687.9	17833.1	17825.6	11.6799	8.13765					
13677.1	25055.1	25058.4	25059.3	25063.8	17834.9	17835.8	17838.7	17835.3	17831.3	17832	17832.6	17831.6	17830.8	17829.2	17824.5	17823.1	17820.7	17816.4	17817.3	13672.9	13671.5	13671.1	13671.9	13670.5	13669.8	13669.5	13669.3	13676.9	13683.3	13682	13682.1	13681.2	13686.7	13684.7	13684.2	13691.6	17829.4	17821.9	8.07387	4.48516	3.66345				
13672.3	25050.3	25053.6	25054.5	25059	17839.7	17840.6	17843.6	17840.1	17836.1	17836.8	17837.4	17836.4	17835.6	17834	17829.3	17827.9	17825.5	17821.2	17822.1	13668.1	13666.7	13666.3	13667.1	13665.7	13665	13664.7	13664.5	13672.1	13678.5	13677.2	13677.3	13676.4	13681.9	13679.9	13679.4	13686.8	17834.2	17826.7	12.9455	9.33049	1.65013	4.87574			
13668.9	25046.9	25050.2	25051.1	25055.6	17843.1	17844	17846.9	17843.5	17839.5	17840.2	17840.8	17839.8	17839	17837.4	17832.7	17831.3	17828.9	17824.6	17825.5	13664.7	13663.3	13662.9	13663.7	13662.3	13661.6	13661.3	13661.1	13668.7	13675.1	13673.8	13673.9	13673	13678.5	13676.5	13676	13683.4	17837.6	17830.1	16.4218	12.7933	4.97406	8.36185	3.49152		
13670.1	25048.1	25051.4	25052.4	25056.8	17841.9	17842.8	17845.7	17842.2	17838.2	17839	17839.6	17838.6	17837.8	17836.1	17831.5	17830.1	17827.6	17823.4	17824.3	13665.9	13664.5	13664.1	13664.9	13663.5	13662.8	13662.6	13662.3	13669.9	13676.3	13675.1	13675.1	13674.3	13679.8	13677.7	13677.2	13684.6	17836.4	17828.9	15.0512	11.4623	3.42032	6.98195	2.18814	1.70941	
13671	25048.9	25052.2	25053.2	25057.6	17841.1	17842	17844.9	17841.4	17837.4	17838.1	17838.8	17837.7	17837	17835.3	17830.7	17829.2	17826.8	17822.5	17823.4	13666.7	13665.3	13664.9	13665.7	13664.4	13663.6	13663.4	13663.1	13670.7	13677.1	13675.9	13676	13675.1	13680.6	13678.5	13678.1	13685.4	17835.6	17828.1	14.2252	10.6391	2.60056	6.1573	1.41672	2.42439	0.826559