47 populations (../data/AL2_all.genepop.txt.MIG)

genetic estimates ('^a' statistic):
  0.115848
  0.078661  0.107818
  0.099848  0.099386  0.072747
  0.027045  0.047627  0.033487  0.065126
  0.146793  0.086278  0.077592  0.063902  0.014035
  0.094422  0.078026  0.100838  0.098393  0.049397   0.09287
  0.118515  0.124374  0.035823  0.039894  0.044314  0.056999   0.04628
  0.040678  0.086223  0.082814  0.093719  0.033597  0.073646  0.006693  0.102708
  0.098171  0.071008  0.074072  0.065277 -0.033693  0.054734   0.10393  0.052923   0.08387
  0.160286  0.114318  0.026242  0.084197  0.007949  0.088478  0.134609  0.086578  0.050682  0.059191
  0.092449  0.106488  0.028105  0.005521  0.049522  0.094319  0.083603  0.073272  0.031736  0.024206  0.020292
  0.004462  0.039378  0.021769  0.041268  0.002133  0.079485  0.031129 -0.003733  0.051784  0.022765  0.061326   0.06844
  0.082828  0.026006  0.018242  0.023284 -0.047485  0.039944  0.053025  0.056216  0.072734  0.026571  0.004609 -0.032102  0.003438
  0.037896   0.05156  0.075442  0.066533 -0.012393  0.041827  0.091934  0.043429  0.093719  0.042427  0.055804  0.082932  0.004455 -0.004575
  0.102801  0.059033  0.054606  0.033235 -0.030212  0.080767   0.08045   0.01013 -0.013679  0.054925  0.066281  0.001224  0.034373 -0.001692  0.012092
  0.090824   0.03072  0.022719  0.040089  0.051088  0.051774  0.002385  0.036473  0.013769  0.035255  0.061609  0.018111  -0.00738  0.008054  0.071452  0.065671
  0.058126  0.077829  0.042778  0.018608  0.007397   0.11665    0.0951  0.064022  0.061641  0.036766  0.087874  0.071566  0.054984  0.116277  0.039838 -0.016331  0.038091
  0.116625  0.132357  0.108982  0.117246  0.096664  0.150059  0.110527  0.131206  0.051293   0.06277   0.15366  0.161605  0.057315  0.071499  0.078509  0.019188  0.078764  0.065021
  0.080992   0.09665  0.093529  0.109976  0.027394  0.101132  0.111314 -0.014667  0.107667   0.12555  0.129125  0.098474 -0.008764  0.029451  0.051045  0.003259  0.030483  0.049612  0.076744
  0.097484  0.053621  0.140418  0.051272   0.00765  0.084836  0.123157  0.033745 -0.016493  0.024546  0.023172  0.012199  0.031917 -0.027193  0.009395  0.017776  0.042645  0.024572  0.035977  0.085127
  0.110349   0.04372  0.098369  0.058237  0.050651  0.013139  0.012751   0.07423  0.011967  0.095346  0.072889  0.080946  0.012166  0.058221  0.089886  0.077492 -0.037454  0.039775   0.08342  0.082035  0.020388
  0.115398  0.134346  0.057615  0.050837  0.086698  0.094605  0.126208  0.068545  0.098076  0.108495  0.055436  0.020684    0.0609 -0.003763  0.070796   0.00672  0.028918  0.080703  0.104502  0.119616   0.00708  0.066899
  0.065693  0.009294 -0.010753  0.065271 -0.039774  0.008364  0.091181  0.045792 -0.001352  0.027168  0.060642 -0.022566 -0.024231  0.004862  0.034255 -0.035719  0.027463  0.027959  0.068215  0.059597   0.00945  0.019071 -0.012261
  0.008271  0.050618  0.050113  0.082899  0.051479  0.070335  0.001757  0.053443  0.026744  0.042538  0.053313  0.049466 -0.003922  0.004383  0.067024  0.017084   0.00927 -0.021159  0.036159  0.068617   0.01484  0.025425  0.052085  0.017272
   0.11324  0.088821  0.082657  0.105449  0.091861  0.095921  0.086026  0.145741  0.028038  0.112928  0.136142   0.03943 -0.023153   0.04767  0.070933  0.016637  0.045969  0.054817  0.028112  0.057187  0.135863  0.117499  0.134042   0.09773  0.067959
  0.101209  0.174479  0.140732  0.150557  0.094564  0.136971  0.166058  0.174269  0.122728  0.109092  0.205188  0.119711  0.149447  0.129578  0.093244  0.057216  0.162292  0.109651  0.163486  0.114292  0.155701  0.157964  0.203551  0.118565  0.115316  0.146394
  0.112697  0.067956  0.079809  0.088228  0.022747  0.052585  0.115552  0.002086  0.069195  0.037747  0.111833  0.092505  0.076804  0.060951  0.054377  0.018482  0.052679  0.056927  0.104308  0.062669  0.081651  0.096919   0.07279  0.033851  0.104896  0.054259  0.159093
  0.132547  0.093601  0.083959  0.038149  0.029487  0.122895  0.119906  0.074945  0.097544 -0.003838  0.103064  0.019188  0.032735  0.027171  0.069543  0.006606  0.077953  0.027705  0.125805  0.127157  0.048575   0.07964  0.021431  0.015624  0.074747  0.092881  0.128884  0.053669
  0.135353   0.10749  0.070909  0.040411  0.042354  0.105478  0.058268  0.012391  0.064608  0.065699   0.09222  0.086025  0.060999  0.049218  0.054539  0.041314  0.068945  0.040022  0.086522  0.050553  0.010318  0.061764  0.065812  0.049412  0.023584  0.111144  0.184386  0.058641  0.083177
  0.050174  0.123896   0.07501   0.11998 -0.016184  0.097721  0.096893   0.03662  0.076465  0.079243  0.101564  0.028233  0.048133  0.051323  0.024777  0.001345   0.05821  0.005677  0.090957  0.058036  0.057269  0.107839  0.095265  0.040776  0.039949  0.054111  0.125596  0.040363  0.065777  0.057657
  0.114162  0.141419  0.023201  0.034264   0.04578  0.034056  0.074577   0.04581  0.068872   0.04527 -0.014116  0.029634 -0.040266   0.02557  0.004039  0.053084  0.051279  0.040083  0.080113  0.088798  0.016957  0.114076 -0.012663  0.075934  0.035018  0.041256   0.12106  0.054622    0.0249  0.019496 -0.006089
  0.095997  0.058854  0.055709  0.086033 -0.014502  0.050173  0.030396 -0.023499  0.060118  0.031596    0.0544  0.052683  0.034082  0.027311  0.042892  0.040609 -0.001665  0.037369  0.060953  0.049738 -0.019332 -0.002929  0.032607  0.044537  0.040908  0.084232  0.169781  0.031647  0.073898  0.005151  0.079792 -0.000829
  0.097504  0.086082  0.082912  0.032167 -0.005584  0.061799  0.090802  0.090704  0.077254  0.024948  0.070043  0.100358  0.008106  0.016188  0.055166  0.020236   0.04777   0.02934  0.113347  0.028165  0.079498  0.061022  0.148776  0.012329  0.031521  0.066337  0.085836  0.086543  0.087349  0.140181  0.104309  0.056496   0.04817
  0.197451  0.048884  0.082566  0.046671  0.023102  0.063605  0.096288  0.045292  0.078276  0.095317  0.092023  0.029689  0.064318   0.08803  0.093905  0.051937  0.089118  0.037766  0.117826  0.109359  0.098527  0.058976  0.125907  0.052108  0.074222  0.076157  0.224463  0.092492  0.091907  0.154823  0.075907  0.043836  0.083286  0.082438
  0.071099  0.047847  0.116536 -0.008934 -0.010193  0.111042  0.078188   0.00937  0.030795  0.043825   0.06323  0.029048  0.028479  0.050102  0.069257  0.021602  0.039465   0.02424  0.069137  0.055661  0.041799  0.014388  0.056526  0.025291  0.042493  0.117584   0.13669   0.06117   0.04702  0.063878  0.073505  0.032184  0.025648 -0.008687  0.034465
  0.070563  0.119992  0.112521  0.046172  0.014814  0.052246  0.124845   0.04642  0.075518  0.078685  0.144949  0.068873  0.081055   0.00716  0.041788  0.080673  0.038096  0.045355  0.071063  0.102737  0.045023  0.051809  0.086956    0.0375  0.036064  0.077386  0.139582  0.078042  0.080027    0.1021  0.016734   0.04493   0.09542  0.084169   0.02975  0.045791
  0.075938  0.056317   0.06311   0.11272 -0.018889  0.062746  0.053099  0.097898  0.071897  0.000245  0.046723  0.081013 -0.020767  0.035976   0.02988  0.014289   0.07024  0.058797  0.135311  0.132193  0.072542  0.037836  0.108642 -0.023491  0.047871  0.081661  0.122055  0.019656  0.041906  0.055153  0.076981  0.032764  0.028341   0.05345  0.075228  0.060108  0.041659
  0.066014   0.05438  0.074286   0.01937  0.009789  0.069632  0.036175   0.00757  0.006375  0.070721  0.049559  0.051128  0.012595  0.021529  0.042296 -0.016997  0.023445 -0.001151  0.082041  0.017169  0.068089  0.047684   0.06063  0.007399  0.014521  0.041913  0.123307 -0.020083  0.061593  0.067955 -0.001753 -0.018779  0.052468  0.031319  0.008167 -0.006363  -0.05066  0.052465
  0.105317  0.089435  0.135805  0.092433  0.055923  0.071223  0.158371  0.076777   0.06891  0.100837  0.078569  0.102395  0.066716  0.143311  0.112708  0.050426  0.088386  0.107253  0.082779  0.040761  0.091654  0.059166   0.07905  0.012525  0.075239  0.107373  0.170071  0.070509  0.069371  0.107095  0.066885  0.071426  0.003349  0.074493  0.107158 -0.010195  0.104807  0.079228 -0.018502
  0.108418  0.081813  0.054733   0.00747  0.030455  0.051861  0.094241  0.068858  -0.01432  0.092051  0.063347  0.020183   0.05308  0.017059  0.033981  0.086472  0.050822  0.059633  0.108134  0.097099  0.009821   0.03899  0.098132  0.038393  0.060302  0.059979  0.154872   0.11135   0.06026  0.065114  0.087509  0.096849  0.049022  0.061182  0.011334  0.072966  0.048774  0.089653  0.063826  0.154985
  0.134797  0.090077  0.129356  0.114149  0.091619  0.098368  0.109789  0.067204  0.104264   0.06147  0.142475  0.101263  0.014897  0.040735  0.096851  0.078859  0.092176  0.112893  0.217373  0.141031  0.104178  0.107893  0.140331  0.033225   0.03983  0.134299  0.123677  0.079164  0.097189  0.115335  0.084664  0.103588  0.098218    0.0508  0.134926  0.134863   0.13061  0.153504  0.105072  0.144661  0.163284
  0.094873  0.065742  0.109299  0.041936  0.056096  0.016921  0.075204  0.041061 -0.014282   0.02489  0.102729  0.062293 -0.001101  0.003735  0.049072  0.054583  0.008677   0.08765  0.080587  0.075267  0.032271  0.067894  0.126501  0.009681  0.004991  0.053889   0.13186  0.072522  0.075065  0.083011  0.046069    0.0285   0.04484  0.039096  0.046323  0.026358  0.043179  0.082097 -0.006685  0.135488  0.086146   0.07011
  0.074947  0.048278  0.120739  0.026454  -0.02533  0.104588  0.044706  0.002327  0.042292  0.052435  0.121257  0.089069  0.006759  0.031048  0.038848  0.030204  0.078154  0.025352  0.069322  0.080208  0.022702  0.037894  0.094539  0.064857  0.018117  0.050858  0.125057  0.036741  0.022066  0.077879   0.03768  0.045981  0.002113  0.040134  0.091267 -0.013328   0.06436  0.059303  0.054501  0.042121  0.099337  0.069014  0.078088
  0.059492   0.07605  0.039586   0.04749  0.020547   0.04508  0.063422  0.085828  0.006081  0.013102  0.039003  0.081752  0.028095  0.010424  0.036586  0.041096  0.039736  0.035383  0.108943  0.084672  0.004496 -0.020476  0.082245  0.057283  0.082103  0.108711  0.118762  0.099237 -0.000877  0.082614   0.12807  0.054867  0.058434  0.076257  0.061702  0.048559  0.038526  0.058458  0.038119  0.076464  0.061673  0.145433  0.035853  0.017653
  0.166296  0.095954  0.140375  0.124305  0.097982  0.124809  0.157231  0.105244  0.061262   0.15849  0.121023  0.118699  0.072353  0.139145  0.086989  0.120344  0.152253  0.098029  0.153676  0.124297  0.083571  0.054017  0.124301  0.123291  0.104306  0.170896  0.244848  0.149863  0.102418  0.169572  0.129345  0.035518  0.023655  0.125928  0.093442  0.070699   0.17678   0.15273  0.083833  0.065609  0.085518  0.188242  0.145948  0.074662  0.160461
  0.084626  0.080648  0.052534  0.064656  0.030298   0.01652  0.060193  0.095417   0.00166   0.08418  0.040979  0.004179  0.036937  0.017555  0.032015  0.040735  0.050374  0.082837  0.049712  0.081385  0.028368  0.008286  0.020606  0.026365  0.004484  0.051608  0.078967  0.017968  0.068855  0.054915  0.144342   0.02408  0.015327  0.024914  0.052658 -0.030095    0.0918  0.038526  0.068136  0.084908  0.052345  0.089035  0.026957  0.006893  0.064053  0.086025

distance:
     11378
   11381.3   17.2909
   11382.2   19.5738   2.33868
   11386.7   21.0008   5.81251   4.43994
     31512     42890   42893.3   42894.2   42898.7
   31512.9   42890.9   42894.2   42895.1   42899.6    1.5342
   31515.9   42893.8   42897.1   42898.1   42902.5   4.11416   2.94826
   31512.4   42890.4   42893.6   42894.6     42899   1.59217  0.616516    3.4739
   31508.4   42886.4   42889.6   42890.6     42895   3.67181   4.81742   7.70913   4.43537
   31509.1   42887.1   42890.4   42891.3   42895.8   2.94225   3.93565   6.86321    3.5141  0.968591
   31509.7   42887.7     42891   42891.9   42896.4   2.44341   3.22786   6.17423   2.76316   1.77276  0.804379
   31508.7   42886.7     42890   42890.9   42895.4   3.49938   4.21332   7.15905   3.70113    1.4878   0.90092   1.05685
   31507.9   42885.9   42889.2   42890.2   42894.6   4.30836   4.98251   7.91981   4.44915   1.75084   1.57196   1.86577  0.809028
   31506.3   42884.2   42887.5   42888.5   42892.9   5.79184   6.88571   9.80496    6.4574   2.12039   2.95061   3.70003    2.9263   2.49585
   31501.6   42879.6   42882.9   42883.9   42888.3   10.4666   11.2802    14.219   10.7471    6.9241   7.52525   8.09607   7.07119   6.29929   4.94339
   31500.2   42878.2   42881.5   42882.4   42886.9   11.9282   12.7151   15.6471   12.1733   8.39387   8.98838   9.54647     8.514    7.7328   6.40349   1.46977
   31497.8   42875.8     42879     42880   42884.4   14.3181   15.1437   18.0806   14.6076   10.7344   11.3759   11.9592   10.9355   10.1618   8.68384   3.86435   2.44503
   31493.5   42871.5   42874.8   42875.7   42880.2   18.5432   19.5014   22.4497    18.996   14.8828   15.6276   16.2787   15.2954   14.5571   12.7676    8.3241   7.02183   4.64845
   31494.4   42872.4   42875.7   42876.6   42881.1   17.6461   18.5256   21.4688   17.9994   14.0183   14.7094   15.3223   14.3125   13.5503   11.9263    7.2559   5.86848    3.4274   1.51454
   16.0756   11382.2   11385.5   11386.5   11390.9   31507.8   31508.7   31511.6   31508.1   31504.1   31504.9   31505.5   31504.5   31503.7     31502   31497.4     31496   31493.5   31489.2   31490.2
   16.7578   11383.6   11386.9   11387.9   11392.3   31506.4   31507.3   31510.2   31506.7   31502.7   31503.5   31504.1   31503.1   31502.3   31500.6     31496   31494.6   31492.1   31487.9   31488.8   1.41982
   16.5264     11384   11387.3   11388.2   11392.7     31506   31506.9   31509.8   31506.4   31502.4   31503.1   31503.7   31502.7   31501.9   31500.2   31495.6   31494.2   31491.8   31487.5   31488.4   1.77384  0.541458
   17.3652   11383.2   11386.5   11387.4   11391.9   31506.8   31507.7   31510.6   31507.1   31503.1   31503.9   31504.5   31503.5   31502.7     31501   31496.4     31495   31492.5   31488.3   31489.2   1.44086  0.881207   1.40901
   16.3397   11384.6   11387.9   11388.8   11393.3   31505.4   31506.3   31509.2   31505.8   31501.8   31502.5   31503.1   31502.1   31501.3   31499.7     31495   31493.6   31491.2   31486.9   31487.8   2.41969   1.27269  0.734645    2.1182
   16.8914   11385.3   11388.6   11389.5     11394   31504.7   31505.6   31508.5   31505.1   31501.1   31501.8   31502.4   31501.4   31500.6   31498.9   31494.3   31492.9   31490.5   31486.2   31487.1   3.08586   1.77023   1.31365   2.48223  0.769726
   17.3994   11385.6   11388.8   11389.8   11394.2   31504.5   31505.3   31508.3   31504.8   31500.8   31501.5   31502.1   31501.1   31500.4   31498.7   31494.1   31492.6   31490.2   31485.9   31486.8   3.33338   1.94036   1.58271   2.51354   1.20997  0.509538
    16.683   11385.8   11389.1     11390   11394.5   31504.2   31505.1     31508   31504.6   31500.5   31501.3   31501.9   31500.9   31500.1   31498.4   31493.8   31492.4   31489.9   31485.7   31486.6   3.66002   2.42278   1.92379   3.17415   1.24183  0.702924  0.961773
     12.69   11378.2   11381.5   11382.4   11386.9   31511.8   31512.7   31515.6   31512.1   31508.1   31508.9   31509.5   31508.5   31507.7     31506   31501.4     31500   31497.5   31493.3   31494.2   4.90832   6.23365   6.39041   6.32456   6.76272    7.5322   7.92879    7.8685
   13.1633   11371.8   11375.1   11376.1   11380.5   31518.2   31519.1     31522   31518.5   31514.5   31515.3   31515.9   31514.9   31514.1   31512.4   31507.8   31506.4   31503.9   31499.7   31500.6   11.1096   12.5132   12.7501   12.4141   13.1905   13.9556   14.3214   14.3304   6.47934
   12.7659   11373.1   11376.3   11377.3   11381.7     31517   31517.9   31520.8   31517.3   31513.3     31514   31514.7   31513.6   31512.9   31511.2   31506.6   31505.1   31502.7   31498.4   31499.3   9.91479   11.3121   11.5383   11.2375   11.9687   12.7349    13.106   13.1026   5.24618   1.23499
   12.3335     11373   11376.3   11377.2   11381.7     31517   31517.9   31520.9   31517.4   31513.4   31514.1   31514.7   31513.7   31512.9   31511.3   31506.6   31505.2   31502.8   31498.5   31499.4   10.1707   11.5566   11.7637   11.5151    12.171   12.9394   13.3224   13.2855   5.41702   1.21672  0.502338
   13.7732   11373.9   11377.1   11378.1   11382.5   31516.2     31517     31520   31516.5   31512.5   31513.2   31513.8   31512.8   31512.1   31510.4   31505.8   31504.3   31501.9   31497.6   31498.5   8.69758   10.1135   10.3875   9.95681   10.8758   11.6312   11.9687   12.0541    4.3742   2.54019   1.59361   2.06405
   14.2178   11368.4   11371.6   11372.6     11377   31521.7   31522.6   31525.5     31522     31518   31518.7   31519.4   31518.3   31517.6   31515.9   31511.3   31509.8   31507.4   31503.1     31504   14.7741   16.1787   16.4147   16.0704   16.8486   17.6149   17.9846   17.9789    10.114   3.66571      4.88   4.70697   6.13381
   12.4482   11370.4   11373.7   11374.6   11379.1   31519.6   31520.5   31523.4     31520     31516   31516.7   31517.3   31516.3   31515.5   31513.8   31509.2   31507.8   31505.3   31501.1     31502   13.0945   14.4748     14.67   14.4437   15.0573   15.8268   16.2203   16.1493    8.2946   2.25081   3.24825   2.92909   4.75197    2.1395
   13.6223   11370.9   11374.2   11375.1   11379.6   31519.1     31520     31523   31519.5   31515.5   31516.2   31516.8   31515.8     31515   31513.4   31508.7   31507.3   31504.9   31500.6   31501.5   11.9951   13.4035   13.6507   13.2824   14.1016   14.8653   15.2252   15.2486   7.40704  0.937801   2.16967   2.13004    3.3438   2.79113   1.80998
   16.8973   11363.5   11366.8   11367.7   11372.2   31526.5   31527.4   31530.3   31526.9   31522.9   31523.6   31524.2   31523.2   31522.4   31520.7   31516.1   31514.7   31512.3     31508   31508.9   19.9253   21.3297   21.5626   21.2179   21.9883   22.7557   23.1303   23.1076   15.2392   8.81645   10.0245   9.82213   11.2688   5.15115   7.00445   7.93552
   31506.5   42884.5   42887.8   42888.7   42893.2   19.0058   20.4676    21.813   20.5939   17.9244   18.6497   19.2523   19.4025   19.5729   17.6699   20.0131   20.7272   21.3632   21.9511   22.4402   31502.3   31500.9   31500.5   31501.3   31499.9   31499.2   31498.9   31498.7   31506.3   31512.7   31511.4   31511.5   31510.6   31516.1   31514.1   31513.6     31521
     31499     42877   42880.3   42881.2   42885.7   22.9939    24.528   26.5133   24.4785   20.8187   21.7212    22.466   22.2655   22.1628    19.809   20.3463   20.5452    20.298   19.2488   20.1904   31494.8   31493.4     31493   31493.8   31492.4   31491.7   31491.4   31491.2   31498.8   31505.2   31503.9     31504   31503.1   31508.6   31506.6   31506.1   31513.5   7.53914
   13685.1   25063.1   25066.4   25067.3   25071.8   17826.9   17827.8   17830.7   17827.2   17823.2     17824   17824.6   17823.6   17822.8   17821.1   17816.5   17815.1   17812.6   17808.4   17809.3   13680.9   13679.5   13679.1   13679.9   13678.5   13677.8   13677.6   13677.3   13684.9   13691.3   13690.1   13690.1   13689.3   13694.8   13692.7   13692.2   13699.6   17821.4   17813.9
   13681.6   25059.6   25062.8   25063.8   25068.3   17830.4   17831.3   17834.3   17830.8   17826.8   17827.5   17828.1   17827.1   17826.3   17824.7     17820   17818.6   17816.2   17811.9   17812.8   13677.3     13676   13675.6   13676.4     13675   13674.3     13674   13673.8   13681.4   13687.8   13686.5   13686.6   13685.7   13691.2   13689.2   13688.7   13696.1   17824.9   17817.4   3.64856
   13673.5   25051.4   25054.7   25055.7   25060.1   17838.6   17839.5   17842.4   17838.9   17834.9   17835.6   17836.3   17835.2   17834.5   17832.8   17828.2   17826.7   17824.3     17820   17820.9   13669.2   13667.8   13667.4   13668.2   13666.9   13666.1   13665.9   13665.6   13673.2   13679.6   13678.4   13678.5   13677.6   13683.1     13681   13680.6   13687.9   17833.1   17825.6   11.6799   8.13765
   13677.1   25055.1   25058.4   25059.3   25063.8   17834.9   17835.8   17838.7   17835.3   17831.3     17832   17832.6   17831.6   17830.8   17829.2   17824.5   17823.1   17820.7   17816.4   17817.3   13672.9   13671.5   13671.1   13671.9   13670.5   13669.8   13669.5   13669.3   13676.9   13683.3     13682   13682.1   13681.2   13686.7   13684.7   13684.2   13691.6   17829.4   17821.9   8.07387   4.48516   3.66345
   13672.3   25050.3   25053.6   25054.5     25059   17839.7   17840.6   17843.6   17840.1   17836.1   17836.8   17837.4   17836.4   17835.6     17834   17829.3   17827.9   17825.5   17821.2   17822.1   13668.1   13666.7   13666.3   13667.1   13665.7     13665   13664.7   13664.5   13672.1   13678.5   13677.2   13677.3   13676.4   13681.9   13679.9   13679.4   13686.8   17834.2   17826.7   12.9455   9.33049   1.65013   4.87574
   13668.9   25046.9   25050.2   25051.1   25055.6   17843.1     17844   17846.9   17843.5   17839.5   17840.2   17840.8   17839.8     17839   17837.4   17832.7   17831.3   17828.9   17824.6   17825.5   13664.7   13663.3   13662.9   13663.7   13662.3   13661.6   13661.3   13661.1   13668.7   13675.1   13673.8   13673.9     13673   13678.5   13676.5     13676   13683.4   17837.6   17830.1   16.4218   12.7933   4.97406   8.36185   3.49152
   13670.1   25048.1   25051.4   25052.4   25056.8   17841.9   17842.8   17845.7   17842.2   17838.2     17839   17839.6   17838.6   17837.8   17836.1   17831.5   17830.1   17827.6   17823.4   17824.3   13665.9   13664.5   13664.1   13664.9   13663.5   13662.8   13662.6   13662.3   13669.9   13676.3   13675.1   13675.1   13674.3   13679.8   13677.7   13677.2   13684.6   17836.4   17828.9   15.0512   11.4623   3.42032   6.98195   2.18814   1.70941
     13671   25048.9   25052.2   25053.2   25057.6   17841.1     17842   17844.9   17841.4   17837.4   17838.1   17838.8   17837.7     17837   17835.3   17830.7   17829.2   17826.8   17822.5   17823.4   13666.7   13665.3   13664.9   13665.7   13664.4   13663.6   13663.4   13663.1   13670.7   13677.1   13675.9     13676   13675.1   13680.6   13678.5   13678.1   13685.4   17835.6   17828.1   14.2252   10.6391   2.60056    6.1573   1.41672   2.42439  0.826559

________________________________________________________________

Minimum distance between pairs in regression: 100
Maximum distance between pairs in regression: 100000

Fitting '^a' statistic to a + b (distance)
a = 0.07915, b = -6.37024e-07

 ABC bootstrap results for SLOPE:
 Point estimate and 95% confidence interval:
-6.37024e-07 [ -1.27201e-06 , -2.65774e-08 ]

Unidirectional P-value for [ slope=0 ] : 0.97966

Mantel test, 1000 permutations
NOTE: Mantel procedure not meaningful on minDist/maxDist selection.
      Using all distances, not directly comparable to regression estimates.

Test of isolation by distance (One tailed Pvalue):
 Pr(correlation > observed correlation) =0.996 under null hypothesis

Other one tailed Pvalue:
 Pr(correlation < observed correlation) =0.004 under null hypothesis

 ABC bootstrap results for INTERCEPT:
 Point estimate and 95% confidence interval:
0.07915 [ 0.0471676 , 0.112844 ]
