20 populations (../data/AL1_all.genepop.txt.MIG)

genetic estimates ('^a' statistic):
  0.068679
  0.110564  0.059748
  0.129142  0.102708  0.123486
  0.129298  0.150497  0.080078  0.135092
  0.100569  0.080093  0.075395  0.058869  0.100069
  0.052931  0.011387  -0.00956  0.100253  0.090196  0.028287
  0.094506  0.049805  0.035891   0.08135  0.072457  0.121862  0.094607
  0.049342  0.114667  0.028303  0.134665  0.048633  0.136897  0.042072  0.051087
   0.08943  0.116313  0.136159  0.138643  0.098153   0.12428  0.014525  0.041619  0.064276
  0.082577  0.065907  0.073375  0.119788  0.107351  0.070408  0.014824 -0.001157  0.027145  0.121267
  0.014857  0.046037  0.017829   0.01625  0.044563  0.096889 -0.015216  0.018913 -0.007366  0.014715  0.031973
  0.103048  0.057018  0.067934  0.047468  0.116715  0.090498  0.045867  0.092652 -0.005003  0.071866  0.077757 -0.081461
  0.071281  0.076812   0.09859  0.130609  0.098939  0.075706  0.001592  0.131094  0.062038  0.065704  0.055288  0.005587  0.090358
  0.138032  0.077326  0.082998  0.164858  0.170872  0.137169  0.115179  0.136904   0.17272  0.150752   0.12919  0.049146  0.065206  0.140261
  0.017366  0.040195  -0.04428  0.106422  0.129228  0.045787  0.051842  0.029547  0.059876  0.067536  0.013861 -0.060377  0.042779   0.10467  0.044037
  0.089525    0.0869  0.036157  0.148014  0.122878   0.09753  0.052482  0.110931  0.097348  0.171724   0.02391  0.091445  0.100383   0.13494  0.052534  0.038072
  0.102087   0.02361  0.066454  0.130165  0.095087  0.078909 -0.016005   0.05151  0.025179  0.059971  0.031701  0.045565  0.048385 -0.002138  0.144467  0.074374   0.05725
  0.107413   0.10655  0.087462  0.107353  0.079051  0.052587  0.030287   0.01202   0.12048  0.044028  0.061767  0.051943 -0.001514  0.137636  0.121993  0.091746  0.047253  0.091949
  0.054248  0.090831  0.069871  0.143389  0.101208  0.125005  0.127948  0.074261  0.038532  0.126163  0.046159   0.03475  0.064496  0.151546  0.118357  0.035624  0.136855  0.101808  0.093259

distance:
  0.572297
   42900.1   42900.1
   42896.1   42896.1   4.42793
   42897.2   42897.2    2.9613   2.73293
   42891.8   42891.8   8.29403   4.34309   5.56179
   42892.4   42892.4   7.62021   4.05172   4.76932   1.07201
   42889.2   42889.2   10.9075   7.26535    8.0051   2.97423   3.31223
   42889.3   42889.3   10.7928   7.06178     7.914   2.73728   3.17487  0.357627
     42882     42882   18.0869   14.1751   15.2117   9.86727   10.4669   7.21446   7.29911
   11395.1     11395     31505     31501   31502.1   31496.8   31497.4   31494.1   31494.2   31486.9
   11390.4   11390.4   31509.7   31505.7   31506.8   31501.5   31502.1   31498.8   31498.9   31491.6   4.74177
   11390.7   11390.7   31509.3   31505.3   31506.4   31501.1   31501.7   31498.4   31498.5   31491.3   4.39657  0.355627
   11382.9   11382.9   31517.2   31513.2   31514.3   31508.9   31509.5   31506.3   31506.4   31499.1   12.9179   8.32249   8.62853
   11376.1   11376.1   31523.9     31520     31521   31515.7   31516.3     31513   31513.2   31505.9   19.4669   14.7477   15.0828   6.79343
   25055.2   25055.2   17844.8   17840.8   17841.9   17836.6   17837.2   17833.9     17834   17826.8   13660.2   13664.9   13664.5   13672.3   13679.1
   25073.9   25073.9   17826.2   17822.2   17823.3   17817.9   17818.5   17815.3   17815.4   17808.1   13678.8   13683.5   13683.2     13691   13697.8   24.6194
   25072.1   25072.1   17827.9   17823.9     17825   17819.7   17820.3     17817   17817.1   17809.8   13677.1   13681.8   13681.4   13689.2     13696   23.3082   1.74331
   25069.4   25069.4   17830.7   17826.7   17827.8   17822.4   17823.1   17819.8   17819.9   17812.6   13674.3     13679   13678.7   13686.5   13693.3   20.5706   4.65078   2.97998
   25066.6   25066.6   17833.4   17829.4   17830.5   17825.2   17825.8   17822.5   17822.6   17815.3   13671.6   13676.3   13675.9   13683.7   13690.5   18.5787   7.39396     5.685   2.76273

________________________________________________________________

Minimum distance between pairs in regression: 100
Maximum distance between pairs in regression: 100000

Fitting '^a' statistic to a + b (distance)
a = 0.0630822, b = 5.22465e-07

 ABC bootstrap results for SLOPE:
 Point estimate and 95% confidence interval:
5.22465e-07 [ -5.92639e-07 , 1.64003e-06 ]

Unidirectional P-value for [ slope=0 ] : 0.179273

Mantel test, 1000 permutations
NOTE: Mantel procedure not meaningful on minDist/maxDist selection.
      Using all distances, not directly comparable to regression estimates.

Test of isolation by distance (One tailed Pvalue):
 Pr(correlation > observed correlation) =0.23 under null hypothesis

Other one tailed Pvalue:
 Pr(correlation < observed correlation) =0.77 under null hypothesis

 ABC bootstrap results for INTERCEPT:
 Point estimate and 95% confidence interval:
0.0630822 [ 0.0191985 , 0.112278 ]
