20 populations (data/AL1_all.genepop.txt.MIG)

genetic estimates ('^a' statistic):
  0.068679
  0.110564  0.059748
  0.129142  0.102708  0.123486
  0.129298  0.150497  0.080078  0.135092
  0.100569  0.080093  0.075395  0.058869  0.100069
  0.052931  0.011387  -0.00956  0.100253  0.090196  0.028287
  0.094506  0.049805  0.035891   0.08135  0.072457  0.121862  0.094607
  0.049342  0.114667  0.028303  0.134665  0.048633  0.136897  0.042072  0.051087
   0.08943  0.116313  0.136159  0.138643  0.098153   0.12428  0.014525  0.041619  0.064276
  0.082577  0.065907  0.073375  0.119788  0.107351  0.070408  0.014824 -0.001157  0.027145  0.121267
  0.014857  0.046037  0.017829   0.01625  0.044563  0.096889 -0.015216  0.018913 -0.007366  0.014715  0.031973
  0.103048  0.057018  0.067934  0.047468  0.116715  0.090498  0.045867  0.092652 -0.005003  0.071866  0.077757 -0.081461
  0.071281  0.076812   0.09859  0.130609  0.098939  0.075706  0.001592  0.131094  0.062038  0.065704  0.055288  0.005587  0.090358
  0.138032  0.077326  0.082998  0.164858  0.170872  0.137169  0.115179  0.136904   0.17272  0.150752   0.12919  0.049146  0.065206  0.140261
  0.017366  0.040195  -0.04428  0.106422  0.129228  0.045787  0.051842  0.029547  0.059876  0.067536  0.013861 -0.060377  0.042779   0.10467  0.044037
  0.089525    0.0869  0.036157  0.148014  0.122878   0.09753  0.052482  0.110931  0.097348  0.171724   0.02391  0.091445  0.100383   0.13494  0.052534  0.038072
  0.102087   0.02361  0.066454  0.130165  0.095087  0.078909 -0.016005   0.05151  0.025179  0.059971  0.031701  0.045565  0.048385 -0.002138  0.144467  0.074374   0.05725
  0.107413   0.10655  0.087462  0.107353  0.079051  0.052587  0.030287   0.01202   0.12048  0.044028  0.061767  0.051943 -0.001514  0.137636  0.121993  0.091746  0.047253  0.091949
  0.054248  0.090831  0.069871  0.143389  0.101208  0.125005  0.127948  0.074261  0.038532  0.126163  0.046159   0.03475  0.064496  0.151546  0.118357  0.035624  0.136855  0.101808  0.093259

Ln(distance):
 -0.558097
   10.6666   10.6666
   10.6665   10.6665   1.48793
   10.6666   10.6666   1.08563   1.00537
   10.6664   10.6664   2.11554   1.46859   1.71592
   10.6665   10.6665    2.0308   1.39914    1.5622 0.0695375
   10.6664   10.6664   2.38945   1.98312   2.08008   1.08998   1.19762
   10.6664   10.6664   2.37888    1.9547   2.06863   1.00697   1.15527  -1.02827
   10.6662   10.6662   2.89519   2.65149   2.72207   2.28922   2.34822   1.97609   1.98775
   9.34093   9.34093   10.3579   10.3578   10.3578   10.3576   10.3577   10.3576   10.3576   10.3573
   9.34052   9.34052   10.3581   10.3579    10.358   10.3578   10.3578   10.3577   10.3577   10.3575   1.55641
   9.34055   9.34055    10.358   10.3579   10.3579   10.3578   10.3578   10.3577   10.3577   10.3575   1.48082  -1.03387
   9.33987   9.33987   10.3583   10.3582   10.3582    10.358    10.358   10.3579   10.3579   10.3577   2.55862   2.11896   2.15507
   9.33927   9.33927   10.3585   10.3584   10.3584   10.3582   10.3583   10.3582   10.3582   10.3579   2.96872   2.69109   2.71355   1.91596
   10.1288   10.1288   9.78947   9.78925   9.78931   9.78901   9.78904   9.78886   9.78886   9.78846   9.52224   9.52258   9.52256   9.52313   9.52363
   10.1296   10.1296   9.78842    9.7882   9.78826   9.78796     9.788   9.78781   9.78782   9.78741   9.52361   9.52395   9.52392   9.52449   9.52499   3.20354
   10.1295   10.1295   9.78852    9.7883   9.78836   9.78806   9.78809   9.78791   9.78791   9.78751   9.52348   9.52382   9.52379   9.52437   9.52486   3.14881  0.555785
   10.1294   10.1294   9.78868   9.78845   9.78851   9.78821   9.78825   9.78806   9.78807   9.78766   9.52328   9.52362   9.52359   9.52416   9.52466   3.02386   1.53703   1.09192
   10.1293   10.1293   9.78883   9.78861   9.78867   9.78837    9.7884   9.78822   9.78822   9.78782   9.52307   9.52342   9.52339   9.52396   9.52446   2.92202   2.00066   1.73783   1.01622

________________________________________________________________

Minimum distance between pairs in regression: 0.001
Maximum distance between pairs in regression: 100

Fitting '^a' statistic to a + b ln(distance)
a = 0.0564656, b = 0.0102574

 ABC bootstrap results for SLOPE:
 Point estimate and 95% confidence interval:
0.0102574 [ -0.00288171 , 0.0237759 ]

Unidirectional P-value for [ slope=0 ] : 0.0635031

Mantel test, 1000 permutations
NOTE: Mantel procedure not meaningful on minDist/maxDist selection.
      Using all distances, not directly comparable to regression estimates.

Test of isolation by distance (One tailed Pvalue):
 Pr(correlation > observed correlation) =0.331 under null hypothesis

Other one tailed Pvalue:
 Pr(correlation < observed correlation) =0.669 under null hypothesis

 ABC bootstrap results for INTERCEPT:
 Point estimate and 95% confidence interval:
0.0564656 [ 0.0157819 , 0.100146 ]
