V1
0.641914076960318
18.664031562174
2.59920901509038
3.25993207985649
2.20985908183557
0.948441476135044
58.4045533142535
15.6154871400007
2.42256449050094
0.464116243350917
0.726368133843343
3.61212381283675
0.842885152643868
2.43678477524109
1.59415807185147
2.98407009730977
4.51909434061041
5.38392181645614
18.4201837267095
2.66813807563718
31.4911086020243
23.432473918789
74.3332241557498
0.791504350403448
3.86134076610347
19.837808659033
2.08354553085129
4.58702458084775
33.3256693523957
2.5011378180032
4.26193074624694
3.53413122151753
1.84627349658673
249.399246276607
1.74675411589392
4.06268095402796
0.878092903288441
1.88823491836434
2.25228392329004
12.0594668356523
5.84477240679092
3.05538443090627
82.3484171620198
4.48286124121841
2.77111244343398
19.1819548842096
15.6958216883303
9.88301641635073
3.43430448368286
1.7858220142938
2.60873506976603
1.67507428399686
0.888015005831718
3.44250963999931
1.80672097547029
9.13482097466467
4.98421857049877
1.71918517980731
6.67408943423161
12.0556418461994
1.03468893238843
1.18586200432851
2.26153405354065
4.7858798923907
5.89812235380378
3.76835039548864
5.74403849798098
6.46852883846741
4.39922068956225
27.2665693644735
2.24819955836316
13.5196571379385
4.31661074288329
7.1393677113367
1.23044833171271
0.916736168052622
2.14158666200288
5.46585541482901
2.15187680538301
1.47626008659273
10.843340776501
2.45219014984883
25.4170090280871
2.80316790324428
3.8659851137289
16.8745674003801
14.6152668922769
8.61136037595633
16.7610511738403
4.22803178577438
8.45002156270792
106.248655538892
1.03752619676005
5.70980596143441
5.98416487848853
6.08984481882578
15.3081603541753
24.8976931007562
2.07818230717702
3.56866298042997
0.561790650382121
2.51087309881089
12.9855305969937
1.09994885986487
0.885631450428931
0.906275520059741
0.914768975843874
36.4670470294206
12.9387429281436
2.89106658391623
2.85167073377753
1.74548077213792
1.84319797173507
2.47151502168103
6.79812688940806
11.2221209646499
4.55892947099813
10.9611215266257
2.68610373531497
1.52747893115381
11.3023316968721
0.29197409029983
1.25103499119437
42.2875154029304
2.0840384970888
21.4641073845678
9.50162610342609
0.78668669602975
89.6932793415959
5.18100323051425
5.63264340927184
1.84647468657953
1.81849378690676
0.722406673880595
2.01013328796423
2.68126669034598
1.4617630825497
3.23802041847038
4.14982359666025
3.45463534195902
0.560152810331852
0.935093821757086
9.51283330334306
16.613012421056
2.88491977375795
6.24972708571278
1000.68692299173
6.1975862294865
62.8375547249147
6.57495768865003
745.894898672482
3.28926299022134
6.99988186615068
11.8827909547378
2.86859869749877
15.2140581145364
0.891158758855284
1.37577951791271
6.04059418945355
6.19649508702483
1.32380300851097
0.483563537794145
2.948542735158
1.28380928039557
36.1565353965171
8.07138380093602
2.24004002478679
2.80139290431895
4.66263541129325
1.95670749846341
125.831263823099
26.6026288750381
0.937649302629407
3.81822840313626
7.7525935222715
17.64110518741
4.64624479152694
11.4087726882977
8.15056226753597
10.7698890994465
9.94472799173333
16.1434297437572
80.4936888160541
1.68385818707264
7.89083102799067
3.48650895097794
4.59279619249606
4.05515281028305
13.0132038973884
22.199676669627
8.56216983135853
10.6679500144199
4.49246758722037
2.74572110776953
1.67781016017754
327.309605163804
47.836469353589
18.3399258355249
4.48994730559035
5.97745309677276
71.071623029344
2.65936513644234
2.53514935783534
3.25590539687781
2.42947861660255
4.72656264555595
1.95473841919323
2.20365771805112
3.98413137278387
1.96377317987001
1.96193200763951
4.75013595293299
101.363344401629
2.33287549840222
1.51689843073246
3.20489958410866
5.40306240111348
0.928489531744194
5.86389472765662
5.63405931138485
3.19128275414422
2.08633287612818
1.7151234684782
0.89165492351961
2.47383750947474
1.50915845387107
1.87361548419966
0.90840240441578
16.7147320118829
9.04333095579022
7.88784669611657
2.0813754649909
19.5469429702299
16.4709190185915
4.02916095326267
5.37420226803014
17.0103183244214
5.26579180177449
2.88014707809118
15.6886360208952
1.60238494043929
10.9845871995856
6.95019385697915
3.1592505366264
1.40419435177034
4.10903955575181
1.56851344905119
1.48052099104293
0.879248639240236
1.88191332909841
3.42031881434598
1.25367068520202
2.34964598934899
0.878583218286172
213.928459380526
6.86853990069129
6.34490644815275
31.4952621775813
1.09039768505487
15.2893091368723
1.66589157002998
0.762567352444605
1.978873158331
1.77742543993351
0.99830444192376
3.90603560169835
1.38116550206396
1.1705713477356
8.42868529553658
1.95398614453127
8.8501042985485
37.5088495743901
1.82485859825665
4.84878397146855
0.978624641180784
3.40846348951513
8.50380332783685
3.73764440535923
85.3784239023139
2.88454707290173
1.5575227974832
1.23392928237883
9.66609817843212
1.346830191979
0.360920281656969
1.3308250483656
2.16037755482661
3.17364009613192
2.00755320337938
8.28683780685966
6.80212416308858
3.75402168970564
11.8331874819557
12.1065579527927
3.50212660014919
0.757905314816084
38.2821043453867
1.46394081192147
1.31018316881432
111.532475424821
2.02395386506552
3.73206521646364
0.938623021809464
13.3220644968995
3.93894654512019
3.00318492823745
3.72515267520423
1.12719321842578
3.83361853704429
0.602760854193149
3.14712082904459
17.0164318167834
3.9307664390155
1.37900862785803
4.33593090880413
10.2983318967308
2.89527994943319
1.87261854854854
0.928105954959014
1.48507301611237
2.28035405841809
37.7001790428875
2.78578672704073
39.5938286119237
1.2858589297405
38.4025816630968
6.82387823229812
11.0981495624679
4.08513438208796
3.36191171683048
13.7577492381516
186.751622331636
54.0428192361929
56.3184891049834
534.765539196379
7.23144531555914
45.2413574303487
0.931293329287454
1.53671181678675
1.0353888860519
19.8734148984332
13.4589751395453
3.25327047297644
82.1843610107447
7.68482587762952
1.92652235427914
5.13133710017335
1.07710993059028
1.40053458184602
43.3391267156143
52.4602719797728
4.11172745310244
17.5920209222051
0.969926494257355
2.2339593449022
2.37516209196256
6.67733905424097
1.02709611733968
11.6834800917762
4.46869239584375
24.4395149177815
1.00365912613804
1.49999837935543
0.425262526143644
22.5821042161092
0.7210599230296
1.52357235398012
96.8682657398813
0.688536416448744
1.45025019376717
2.11489252132179
2.65121100778656
10.0263481455844
2.29355401010166
7.9491439978591
83.3883493659685
4.29682139864313
949.338696516663
10.1519193711401
8.97561830581899
19.3964336827099
1.00408286562308
22.7013563038601
1.99786521380787
3.09134951065164
1.51916223494194
25.3757597933726
2.51023288880153
12.9742336596425
483.434506320738
0.66173928487443
4.84243287769332
11.3730636986404
2.57006869379506
1.95600966802254
2.88321892939422
5.97573821705762
1.51931161656725
3.82912027777414
2.25646798116717
5.40085675959945
1.91138622805845
15.6486975342557
0.760339739105625
2.48812262208019
4.63182764193124
1.74984112803503
1.94297389479504
115.036460973436
2.35218072016591
2.87216824725696
44.9856662098596
79.6990789541425
6.76704511407836
60.233141735699
11.5481355931798
5.50843238559886
4.83721957549767
1.43812962286927
1.16751146602178
2.62225806321115
3.29703594091313
0.908586987645256
10.7610257042379
2196.32905799299
15.475332064426
60.7404431982203
5.98912507086831
5.35251510148759
2.12642526355397
1.51752799205952
3.59681907572787
8.49395506508508
1.60116838601947
2.03737763977168
5.93072194752546
5.33182051053613
2.62203427644567
2.35602837136884
2.51330145397071
16.2731657206761
22.2702796525733
7.21797972217154
2.84222039903775
7.07299723489067
2.74221239437437
17.1506592751627
6.96475349291194
26.6688924610586
11.4149630011256
2.0179336485751
1.44711967534569
2.53371146706288
27.2485767583713
7.11740233383093
1.54120147271174
1.62367830978566
36.534941168707
4.91485443007589
19.4184032572529
2.05565219103904
9.7959036497846
1.58814715366541
2.60644837196313
6.23345583046105
1.29275729639658
9.56808598429377
2.81758815865358
3.69139503201877
1.18666875902906
70.3253724146996
1.0556893770576
3.35261329427026
1.53392554239113
4.52811245041567
2.94851575515366
2.8770000775015
6.25719528651611
27.0938039333732
3.45096001456307
2.64721378168101
4.37766182802769
29.2754072544897
2.88290045280651
3.16045056928448
5.15544396896787
1.21577946634963
0.798996488259585
8.96586877504089
1.40870747011158
0.725437887088283
1.01718127232403
18.7679126551934
12.7171328271396
16.0339651392344
4.16844084659378
0.620860530527837
1.61044960802516
1.10491026523704
17.7996601186241
2.21580974585097
0.939196569233671
1.63541157030872
0.831036140211961
0.924082355114054
0.52776548416918
7.39163837528421
1.34938568382069
1.31756196320199
1.21121108209718
1.61070361867494
4.86834036049629
1.36398755994622
1.49841970090469
4.5402518539728
4.35096337432438
5484.25006343493
4.00586289252577
10.7759641538356
26.2634235615941
0.712482012930928
412.4952333935
16.2438699450258
2.55320218655741
6.01459448824519
0.789033125786872
9.02889101891387
1.03024374531413
3.78169575320234
2.5424277055692
18.015116845923
0.870608223779877
11.1811019952488
3.92395142391303
1.94356487268586
2.28320968454391
290.584566168834
1.34579248656765
2.66604062719944
24.8678538682101
1.21515965021944
10.0382522506849
75.4493941580784
1.95182936876412
1.20577861435408
4.11038424456124
2.40431056127328
1.00794432323423
1.93682464554507
21.7196088381389
1.53843725447112
3.44917100334965
14.1644825611905
36.507251267342
1.6298007541599
74.1366529590011
8.92887340032598
0.803777265450981
1.12090882699808
0.821074167980086
3.90160803467193
7.23140761542357
12.3634981179119
0.996630645119369
0.95926935224155
1.15296541320955
0.886176548215963
27.3461068843072
1.30017066544384
0.841107957500081
1.03304554691422
4.41656957246012
3.14894747801364
5.10491388257292
1.10542084388481
8.4826934718388
3.52187805550057
3.55953545359691
2.67358289310765
3.1421145964471
13.3601508652312
1.67019692305184
2.03384336991401
2.52869413966027
7.31873709104252
4.78888957352611
2.91262901378055
9.61840374732639
1.11579731973174
0.931816376586675
20.6802178072948
1.08331248620709
3.92012784789082
3.07799920560737
3.1864346211947
1.60037481448231
1.50533999828595
5.99305260907886
6.77846632004317
4.25462564492097
2.74954860989708
10.8119580175211
1.21385883814816
3.12944723320251
6.2806394524894
8.52820006990792
2.58950848709695
1.13061637000247
28.1241996392426
3.47392210166722
7.99477476252065
1.24832944087075
1.4551273345488
44.4410921467479
8.37270523768221
5.22427522136967
2.63795139476999
1.92598366386415
1.51383448455863
1.42083326952993
1.81424039651873
1.18736642982948
2.49987592916423
3.29585358928784
3.89701171584059
2.6790206205371
0.956067871784494
2.00663257105947
1.71642708244365
19.9716586443048
1.63892581828064
5.0133638203421
6.33641744750245
1.80695641537352
15.4806801854684
1.4215662688134
1.4416976426361
2.94233538393281
28.6408092221603
5.12599488275087
1.93952749674597
1.00090941328175
3.68023225539281
5.52124705169421
9.03212743342745
3.31204035917994
2.60842054764697
1.51743041998372
6.39232225073058
2.13812304866337
8.62532353822396
1.62482824458684
15.9958810844995
1.18028389004276
2.83795643151155
250.251785538103
0.909713667223532
2.18074645104478
1.47617935464749
2.23007166352192
3.66793303693373
3.50175785992186
3.1241898157254
160.189820460651
3.31840169863066
130.049021735263
2.41297632661099
4.18301791293212
2.09204497456527
6.31946458471876
9.64131956169868
3.03050035447899
5.53446178553698
4.57910013913623
3.07085603285327
186.197312617833
1.61160153506188
136.178053855926
4.39370656363989
3.29928340497505
2.44682618515758
5.2524766652649
1.74708995721282
4.36015022220584
3.08761146688657
4.98108132855183
0.636169755690694
2.12104667110523
2.90878159343149
3.0201187090229
19.8639166293439
15.5787427667258
14.0443069942419
1.36342856355195
15.2651809341903
1.58412557338607
4.44299542478909
8.87571789429334
1.28332182599997
106.725679825677
21.0702906527253
0.731061944188402
1.42572559154813
1.19958085836584
1.5652338845883
5.44246876539042
82.1270601035937
12.6307511490233
2.18056276728154
4.37271340643753
3.12282009532671
24.049252288553
16.9461417742119
1.01451014668432
1.51244691114132
5.33111379905633
39.463766652375
4.80130882821878
5.39239055070046
14.8755855010949
4.23308785798835
0.574521290417626
2.31165497120977
2.07408010120231
9.4164541504346
6.1441222793957
0.864331957685954
9.32817519400095
13.8561777197486
2.73635574873426
3.86928055960455
3.3295266642797
2.63825616434983
1.06481284603042
10.0075793992187
8.75925780993593
6.32626803919967
0.99726139520302
1.85620187523102
11.1828473009558
10.2948819903639
3.634293471702
5.82830959198414
2.44629994437799
1.25878430298979
3.27202955395576
22.4397325639852
5.90880589211921
1.10838160350919
2.12987726793884
2.8945471572429
10.0654039189806
3.28305102377942
3.30698894540464
12.4323390004425
25.5904129974268
2.78837032222697
2.64309329857244
0.798584488406966
5.91762319430686
2.72207070825484
6.72247126725151
3.1536789118885
51.1396255246515
0.6986969167577
43.1006231707484
1.18206265765585
1.02866711586958
3.57956004705092
62.264725517482
10.4813003710955
2.15830167895128
0.93093343509184
1.57631781134141
2.02194586993649
0.743075490876297
63.443076283444
7.77585839024053
19.6902316987369
14.0623747568567
3.29725637716445
1.14313582403415
15.1208691357721
2.23081024359615
12.1382964004305
1.42551381784899
1.68674818167861
1.03249167021497
3.4840295021087
1.30204408978972
46.9883627042075
2.10005112335179
4.42060570122283
5.09026766276617
5.70082456364453
1.71908701896971
3.80714571620132
4.21422036976556
2.18718263134586
1.66735054517547
11.0514072105951
10.9895760777859
1.58229502631915
9.8226577059955
1.68548158576172
1.291025864206
19.1105153000712
2.20845183702413
240.425376529241
8.83476154627402
8.28328317725388
0.96929441577282
36.6703465699007
2.47899510138391
5.46880215977038
2.9319067387767
5.94419182792314
6.06925865766062
8.08578924959551
1.50695891340918
1.92736894890491
25.8812589626976
9.69751356362003
3.65567010913683
2.48186014123354
1.49159974379662
8.96647025289726
2.4371748268957
2.25103296715024
26.7038508283188
1.7624304114937
0.832648295424444
1.87079345921257
2.15096689255334
1.35941484761876
24.8009194701385
2.61025813490772
2.5434052414479
10.2041292187377
1.82586668054892
39.3438225553203
0.703095488778452
0.970160955266857
2.11343064913546
1984.24514298158
12.3772543666097
5.87186957758303
20.5422653035302
2.16351696090592
1.62220313644273
3.95338661093123
383.003573181634
4.22382633893935
3.877048434744
3.70802121293744
21.8949424581532
1.1329563026076
5.37333447068575
3.71424570856931
3.76908989676866
3.92427347262211
158.782303382614
9.73282925017368
0.8165315456039
1.31463099042063
14.9278682476437
1.33330676505083
14.0080702423414
33.1995970857301
1.30645917226098
12.0924922757602
6.007191038037
2.83990094058371
2.0623653925998
2.27061206732667
2.38590890791029
0.897516789816269
0.78199633604748
5.34460271168439
2.16275849965665
1.6475308808432
1.33028427778216
1.23297036441626
3.10320877563697
9.89899401394121
1.02500905195773
1.83675075143038
3.2253182528812
3.58284368897144
4.26538726686379
1.35401065572953
4.94268066772153
9.65844092872028
2.80476430298096
2.24657230023969
4.88465469554028
6.09660246762023
4.05384398544696
5.80565443493948
9.93005043163003
6.00112863371156
0.560303345878058
1.78378556616399
35.7143173694805
1.82363222381454
19.5329167164491
13.4665572556274
16.0968399997949
2.00277941590818
7.89018894195132
2.57113265820389
1.6073990473729
4.43602229128034
3.39260288820133
4.42074912701099
1.71695410548501
454.397327330747
17.9237127608614
125.84233323132
1.27673998460219
10.3703331532328
1.56396516822988
1.20329970913351
1.60719088792207
0.546668263984717
4.21417084849919
2.86363031031172
1.62556538548402
11.9787554553831
0.869770219653375
2.09985984207809
28.7222809866806
4.60671980306229
4.44004002856745
1.3094661216204
15.114003909042
0.455641594908174
1.46034326511388
220.793115917584
1.80987519380187
0.850723541195807
0.795217890681854
5.93700430332654
5.48285327592755
2.13974213417901
2.8328643908755
1.92183630817899
0.496353179775668
0.615505679613915
1.79826309479464
2.70025824203506
4.55529090811992
2.32762259505754
2.81416691727858
9.55407536834001
25.2602816652529
11.8913759866688
1.25505932033308
1.84719744086468
2.72999424584238
1.75698180807919
0.855414324841247
1.78241169117306
48.1582027219464
0.68589355693454
1.44325789692462
1.68192813182171
2.13925647581889
15.5279930436874
10.9139709626317
3.87238071345977
3.02436346093646
1.40114027157121
36.0773265648043
1.71622382504959
0.898671221897212
4.28420627501151
54.3816299758014
2.61228307996546
9.23417855037024
3.15396668330713
2.10884376730096
12.9124363320441
1.92542488234334
3.75712887043076
1.30552386517314
4.5300173283108
38.538079788769
15.818851554788
0.759302728682271
0.759939172625583
1.56634337694391
0.97631971684061
9.57146938746053
1.35399808708889
91.9040495961098
37.5665467996828
2.48200818118954
6.43273814227843
11.311655907019
2.26770575762938
3.57256700371325
2.04014667987115
0.71049909088009
1.698635116271
6.40492113332965
0.70886308282575
1.31656297511851
9.31958882865585
1.07229569490525
0.569791692836574
1.25429435786903
2.96784197582509
35.719765405517
6.24251519563302
2.86650599992901
0.90553357846997
2.12502481912891
18.0735083087486
1.79469060890854
7.15109019861729
25.2121888161961
2.65337959004269
1.31385057237127
4.01778635781974
10.5737057909489
2.88816242776083
1.12352336224906
1.16492541555864
9.12841981180924
1.31658320595829
2.42177577041361
3.51181333158702
4.14635906283296
4.19162262415523
36.1110449319276
2.62777012824177
146.925013527345
5.09669280780669
24.238810237438
1.52896576250293
11.7757756540877
67.6838300984048
10.1502065402351
1194.21558576308
3.2772257280583
1.20253127182148
3.55162372335092
1.89709799751198
0.921723090623878
21.3877822714106
234.645486284856
11.974082103897
2.96452666620341
1.54229285973697
16.2251461838318
3.40590415077578
3.66315226374639
3.6394025067765
1.17351347970548
2.55588568228736
1.99239449030338
33.0254187304395
1.22283291743872
2.05388418522192
5.06190198643374
2.06969396624318
6.09830449792773
2.99742616827511
14.2206168598977
2.14192952604065
2.55985257781467
6.76007362681304
15.0231720969375
2.51592346217253
13.0418012408156
1.55780198907318
1.79330651197901
4.96780562490722
1.83383183588492
7.1593273524336
5.22836236344105
1.15411199625196
2.168303420008
65.8167867963528
2.48214611358383
0.778068542017669
1.40414158967263
1.71154368142903
1.03486833658539
3.16632017503252
0.707602577382487
1.20261299124785
2.05802224540253
43.4994020144765
3.49527375235907
2.66768075816824
1485.15720700404
4.54499104716273
1.75493058118355
718.965198952298
2.17514682748098
2.94962411580166
1.74796919634728
1.43225871052089
3.76045983930733
2.76408213328975
1.77125675544293
3.6028282356996
3.16668639143725
2.06121160898622
13.4914588058356
1.10333131429159
3.60337619674548
4.11266806501559
375.810078263885
0.613220607085412
1.34061411953969
40.1064141536104
15.7664365686413
0.702777174817318
0.885835213463516
1.26582387942174
2.44783341098148
9.60219602892747
1.06468542128862
3.03853222828436
1.85278950515194
1.33230853518149
16.6352507124058
2.20456783770767
2.22343431126816
21.7855220544539
1.44438768267682
1.13122668135156
2.44190621006588
390.655474998383
2.44044929564825
8.37426512126915
0.869808526773267
1.73194735698534
1.95506314300228
1.37855328971786
12.1870199342631
1.70800689193383
342.004586590252
21.3491096324331
1.46547336466716
18.477106943334
6.40575779878887
12.1151436608694
3.82380792430441
2.58323638266597
6.99064598261775
1.0181470067102
33.3401970806056
3.78705534753193
1.18468145690054
7.04417236339091
2.42169663973799
0.753381649475233
1.26180373500464
2.83019105640592
2.62157103269489
1.62395013181808
1.25648646727515
1.43324643879354
12.8660455257355
10.2915043869675
0.566177497440289
11.9827454015204
8.65850066631117
2.26227316963505
2.65722398025483
0.63799158806402
4.94657026577801
1.98994570813786
4.4037661614686
36.6227175533918
6.70169228133325
0.751581009609074
0.746160078642584
30.1540133353342
3.99066073777618
8.57500522528455
15.0555122737295
4.69223265779008
4.27889625772294
2.69195742423319
2745.83120934516
1212.61394098156
16.9146773294119
3.77298460489209
0.811658309873972
5.29906785956828
0.849478085579088
17.7187147369058
4.03450384755451
24.5375519748216
4.99627621005411
1.38435539167809
1.20881893790219
43.5202573188549
2.63254955208515
1.34266906695489
1.15913223274126
2.59104472510674
3.75124278600023
20.4539306316654
25.7949352190748
3.37070708251918
3.01604040498112
2.41014843423908
1.61086535510295
21.3222277447842
170.083514788966
28.7526576237808
12.2034225679791
4.06416916122147
5.38213397866503
5.05579155907263
1.38600873336288
9.59332813385439
1.90816332472297
12.0120619331188
6.05144455029813
1.77740080968604
3.24314966576521
0.942664949619798
2.26035650786441
1.91610927085172
3.71837676114135
5.34939611517385
14.9938361519349
0.340369035597006
4.19281212099589
0.924371161415851
2.45386329714911
20.9253087198499
2.59764141764849
8.18852100423888
1.63280684771344
8.59580911546673
2.9636779531751
1.01579679619806
2.98224384049786
13.6838480851028
1.29325736900902
41.8829057140185
1.70484919813421
1.29493409066815
3.40184524854372
1.46900547961463
11.1832773866681
2.6488940642399
2.84615204450681
1.08963347697959
1.98949228604641
1.45476267074669
4.38565472840326
4.80472173645955
7.72782331626637
13.5108297336261
9.22002678250643
10.5615549844445
2.84158721717452
21.7129557710459
2.12454034268706
0.955619167818279
3.37620804523086
1.65028277227997
1.0932534360909
2.5473840921442
1.76355253922694
8.28235277598973
19.0067622955996
0.922927460021653
2.04859383848074
72.8319592447652
5.27752279834739
10.8632160680403
3.02757872375636
2.35575782502777
3.63179606832836
3.50761417296909
4.18766386275127
1.37096027151638
4.30841346315992
0.850293123912351
4.38822298628374
0.628008548601512
2.25406393037296
5986.53385955697
11.7402730661633
2.48997039549156
5.4430465987878
7.52125613140074
1.9805890632297
6.07427524274168
5.31334768972589
2.53965514079464
2.89927462339102
4.44067490674552
1.41114384281719
5.94855848526462
17.3237506187956
1.68952677775508
15.3478965972038
7.65085436805605
4.35603963726852
24.8188488919294
1.33085469658093
6.07852012828728
1.54911739866548
0.694098888101792
1.53717542213751
6.54850569650388
2.65274743056428
11.2843085287013
1.40781434848548
3.71926503045852
8.48534167640239
14.0564053756991
3.53440547081855
8.01925892080216
1.55582024625424
1.30586262174119
6.32215327436258
1.40306992151113
1.55489533253568
17.4251516374241
1.14054342325306
2.0933750978506
9.19393476588427
8.38574097418807
9.08757042991735
5.97903242440135
10.1196818542594
0.863434129913878
1.49506964544483
2.29586382516995
1.14170313915341
9.69102106033792
3.70410595874832
1.34329307751108
1.13627891140771
193.193558329156
2.97064577885794
46.0182124166824
2.1181292575215
1.17465048574182
2.35395994095728
0.845924551010663
0.872355489161236
33.9119305914319
2.69756738149544
56.0118915302459
1.65462904768458
1.59295369129496
34.7466922051219
1.72805021607664
8.00991578577491
0.727386208232887
42.3433120278016
2.56172093217815
3.7448941961135
3.41140082980706
3.17185223072408
2.17197984316466
0.641937721734471
0.838853607960588
19.923472644644
2.06622877205658
4.23896681545876
5.24118535732042
8.02451263566291
2.64096321167579
22.3445622486793
7.54498132105593
50.7944371955374
1.56062229624385
2.04636870988186
5.11240264341418
1.12778110402278
1.46718312713866
1.33537693709864
48.1037144382451
3.63892175077705
2.60261114611487
1.00646800700367
2.72756302427653
3.27479914293685
2.01835473974586
16.5143161203304
10.2237741757593
78.6005214892168
1.8063228041444
26.5308659107319
20.4645551611079
1.05863085919423
8.2183923182228
3.70798963431444
5.21177277897965
11.4290260088935
2.92753915370374
1.30227817414144
11.0168130286489
4.44129790161131
1.97351335470193
10.7526565459053
1.68317790530247
2.84475576830259
6.57633944441879
2.12728587587025
1.78148300042135
825.755359050384
12.804604859518
2.59650509409536
4.44178505667386
2.24003883711095
2.54202205189333
5.36968851121259
135.501039909051
0.676897234812433
5.23682092080718
3.65926046928675
3.73701628469313
7.58576539912311
3.35720583585799
5.85458181288367
1.38475088652154
10.116355606835
0.902245130548987
73.5416125935198
7.50819206859226
0.940926920076661
0.76936604996762
3.78503808774727
17.2346377069214
4.02865541849486
1.33633592501424
0.775681528629454
5.06375190045116
5.11224703667007
1.92247860598553
31.6294924916211
3.22082870878477
2.88167828743504
121.341025335615
1.22672149949783
6.53284143402177
5.74339806727557
0.947620189301689
2.80833582313012
6797.22037563539
1.33398219334355
1.51325818897809
1.01515081899407
5.28307969417228
17.0435907051649
2.32041750550375
1.25878367446099
1.03704824086438
1.08289794611322
1.3367464762236
6.77577840736933
14.8356091804528
8.96998846739497
9.91403286024839
1.41287555715591
13.9346653469915
1.33040900018714
30.5635414538985
1.99222703562355
1.92591848588517
1.98691874243664
2.30278604647599
2.94809019482913
15.3993255737083
0.688617200683593
2.85029630723275
8.28416500525302
0.743723835275046
5.32619752088614
1.48097287514237
0.903920087777244
11.6937366990037
106.044389168228
1.40112228272857
1.19636699491423
1.44336021578827
1.0147768017661
1.76311607634683
2.67296019601128
1.3450783118668
8.87004483002658
30.5355084869663
6.30396924883603
50.4832051553564
6.0616958079133
158.249620248766
0.904064253441124
1.32039225888086
2.50737868178699
7.60358526889712
2.38103103050282
6.17601710067118
4.72825421262952
0.597677768072872
1.88219067588858
7.82500588637659
8.91818355093838
6.22367918473579
3.76500464649098
2.04368066560387
11.1169411874319
14.3460004860169
1.85082396465922
6.99473698244535
2.72701861865481
2.2506181487667
2.84449939749054
3.04144227421753
0.892229520090213
101.032595773892
4.66972070999541
3.42765062481529
1.53547085800925
1.14631803145569
1.25560578314835
6.8029656507023
2.1183666996025
2.83137149398057
3.22696536052261
2.07364870217273
15.9132050402772
3.33841456290604
12.8727673521615
14.6886652516565
25.8969718991853
19.4349322690946
2.41065551793499
1.75423383898848
1.57034116751216
1.88433334701385
7.40411986423968
0.953708612082623
3.30710269148069
6.25318617689088
3.43565062678679
5.38607352749087
1.76996417309021
2.73503168257434
8.81570309297241
1.0520051498555
1.15036530822555
2.86481018686281
10.3830136401542
2.21580501065186
2.44929502322631
1.35546984138723
1.70112183108313
1.46862008049922
0.906305197673866
128.668653425067
14.8165022028448
1.71063048586551
2.92788988121987
254.121767191627
1.87846541649976
20.2401641405751
1.04447003541621
17.0249610754216
1.66301180610216
1.62112968480463
10.7256444051939
25.058609223145
1.46050636604408
2.05697547892392
69.5287930930067
102.163454283809
7.33785795512516
11.3177279698311
2.20794334318229
9.86967355891406
120.761912482346
2.80986952121632
5.55227742299444
0.957539277434384
4.45633505218331
1214.81551599151
3.85164155147108
1.60917776781
1.07574241664163
1.98461801456334
4.05581431168809
2.23210098570318
1.31739596421146
9.51825066271293
2.04046994695607
1.6908742986009
4.26713223232133
1.47814362902954
1.45891779485508
35.8931366409934
2.35108371450259
40.2969168744614
2.36772945803042
14.1360609944253
83.9571470709018
0.945752649376847
8.68651849012389
17.394300341175
0.515830467937837
39.8507499952035
8.52933863568918
1.67506487817994
2.34974083668862
4.33141537437822
12.5518810433114
0.615813617479869
0.770106643760358
2.43688890132138
1.23228019925085
1.41254836443128
7.96673998317371
22.0386853824355
24.5357506028858
5.51465595679507
3.84883814652459
3.11638075374991
13.6847046216199
3.50562094641068
158.746191090853
4.42230505575127
27.3449794752025
0.946881288102869
2.09489988626107
5.72842568498788
159.305074882659
12.4775348633559
8.87731676953021
2.58842430585055
1.24886020656407
1.55419346373086
2.96577908827235
7.51537990421293
1.92066159166119
1.22471817038157
30.3925161001474
8.16851455529531
2.78687415366754
4.13997473337298
2.52658793843835
1.57196634043169
79.9083459850326
0.601915462655357
1.34687823884015
13.8599114578428
3.02613101786988
0.702529746562916
0.975086761372503
67.0617859073685
51.0464209878628
3.25265634010476
29.5480253118441
0.615929283697009
0.824890280992633
0.334518445443153
2.35728296573068
29.5849922995326
2.36906382391282
89.0069006654694
5.33508970839936
0.766048013902274
1.95868875616253
4.08415169939941
10.6454392374844
1.5629804354107
16.7461326413591
1.20766179761023
1.68391076269944
1.68251128909116
4.69686665207814
6.53276869577557
37.8686778673476
12.1578563475089
9.73496224438033
2.34849473642428
2.04231579193494
10.536194146595
1.5882295482002
122.858252380232
4.90986513998334
1.5150199259664
1.78045990348646
3.29571172596784
145.716586691634
3.23397128391789
38.1969165439667
28.1966497989002
0.924735787433196
3.37371778952127
2.33891910711303
3.00612552974257
3.99715591223245
1.97001056141832
4.78031239808083
4.52912335138408
1.13587730563563
2.00697781243103
4.75701172992417
5.18731552742913
1.85111823661872
27.7522249274287
3.89275047905407
4.23147615143493
2.37486259561027
8.41229541871184
21.8052793103268
0.862678167773791
1.50013610266222
0.428103277648593
2.49140599976082
1.33283126236983
2.15432774426691
2.96789249684567
1.03092866924411
4.09026418970976
1.49724270414445
2.02547219664076
1.20672958161062
0.818203119009786
9.98285187214143
1.88273420724942
1.1613808389941
2.52220137596258
2.38204708005859
6.25249946338077
3.25308974600602
16.5506620034463
2.70635560291514
2.48051400473916
13.9508767511875
0.822290288879194
0.566896450308132
1.02243268000187
2.61493412387159
1.07348566090562
0.680879569630731
9.526651630031
16.2937137801404
1.73860316740213
24.5641147007946
122.158874755739
2.12496019371384
1.94293994827604
10.0270160390031
1.06800951460994
1.17350699576336
1.5542109403409
10.4966511086417
3.0738793951772
0.921385835728441
4.48603169230374
3.8826795888943
2.52899934917797
8.36313995122096
1.37218448677307
1.58403269278859
1.22525909946045
2.11945053193023
0.75222558248944
2.04227382868584
2.66705197867266
3.12096503556409
2.6025146636661
1.53762276120237
4.42440387204435
1.84091833480579
0.742659649507095
13.1290659820129
7.25178295207287
3.99090241570427
6.70816203007769
8.8920197265765
3.30933852934761
2.49685382352639
1.88646255959097
2706.77236271026
3.54075958081188
1.03018317772093
1.12420958720828
14.0184791462501
3.62056611854753
2.69995415852642
5.97349468080769
2.7274062997335
2.85192996532506
4.48577643958884
3.34112553489191
3.05980699177057
34.2183585175546
1.32462966231435
8.3118959470131
231.920008766614
0.953232280688539
2.94135612757169
1.9308299682729
1.12124733456856
12.3786525404609
1.21423569641479
1.05126904868219
2.54167054501548
2.19109862645888
2.80106937232121
7.48751438026876
4.05323617845377
1.79930105850597
9.15559274425932
10.2848712953801
1.78866242712819
1.41072691334086
18.6047484987433
11.2805107872628
3.06645870083862
1.3654631500897
3.32371132554473
2.62411674589628
1.489499040737
1.68592039340809
20.4343301666517
1.44539996848526
1.5830945066383
1.7754075160827
2.90647014842155
2.43559557073221
1.48931319935803
3.27467464208489
1.45980548964229
1.72438226200923
2.03417869196238
0.690183375442576
0.52183417369622
3.70587004627728
1.7856970750072
8.50275427093622
12.6041211440434
4.55070209203591
3.85959736046786
3.92883194555413
6.43254074998616
25.3699896875257
2.37175164435332
2.5756581648786
11.0018434989373
143.299859431315
2.44426146315454
1.81553280324183
2.09828925123527
13.3532618999374
1.7483149779282
48.8879768233346
8.63139777814693
0.648505300204207
47.2113134830413
1.98697155480693
3.07888719873929
2.55811557879601
7.69450213637284
0.770645969322144
1.71041637540626
2.1038580238053
1.65532165764191
10.5672774567592
1.28782265336412
1.5552223157619
2.37787653068046
2.5717891794402
1.67434323366353
14.5785543962305
1.69375998875426
1.8226632647352
2.79887083218132
1.97696532197839
0.724417725936803
1.0427222217441
3.05549563027453
1.16423685415816
58.5056333583461
1.49148045312043
2.59662964425223
71.2816689854615
40.9384588859125
7.81696287164166
46.2506398748307
1.33244872326346
11.7906483841361
2.81969127297853
1.70091466068488
3.12026038929564
1.42726439325149
0.754077084289334
2.03469456277728
3.42227745560115
2.19348276623064
13.869107954224
26.7840163076555
1.35849780577213
2.05610259855624
10.0403711818594
2.00471741579472
3.04906632960067
2.22100283947284
3.84751884417552
9.68340063765502
1.2295244556383
1.74531114435069
1.61964329040912
1.50468718407934
0.566352465088907
226.280887791961
28.9533894634256
3.06031677202206
5.19369195421017
1.24837073465655
2.22863632449058
1.38161512253312
1.70181369248475
1.73129267007028
4.19493677980074
3.20105077912868
1.92139922688634
2.23898182123772
96.4008008065047
3.59873527342337
3.23003916119666
6.97095946639429
28.0956034164241
5.7077515080989
177.021791024417
8.89935387130713
1.17983130356859
7.59199225301799
0.736280311983696
1.49278796910441
31.0063099656384
133.359063366419
2.70137508657984
13.641614032233
3.45635607526464
1409.08791489801
7.34228576538088
1.74776906965547
2.06002475218769
1.18483361054632
1.40893021981763
21.2669282072426
3.75335837071519
0.865501151930231
1.1519813694299
18.5474869528799
1.82343597528503
7.82166807901358
5.39722770804461
1.3877924361349
1.68994825871659
2.84123697499402
1.48024728038791
5.17603886707771
7.66819638953675
3.75825463709195
0.718821974762681
23.2142208874497
1.96030531256843
3.43102767630732
1.75303115764771
1.70292053396992
0.775982828261634
5.49664181867151
3.48840480959028
1.26707421730751
33.9519485627654
1.41937080644655
11.438943116411
37.020637421058
6.04724711469783
556.107105953197
1.18311464607028
2078.99879715023
1.86217052332154
78.0436189189366
98.7373203870648
3.60960405221755
3.90963560042773
5.6770276661408
17.9041701615111
8.49863537174201
4.35329011475977
3.30977121889777
