x
1.20396546567843
52.5750574478493
5.41066087716168
4.76034269495441
4.44340112029374
1.04556991878221
94.6442577676558
16.6895225103251
3.60456409105763
0.932249696079941
1.15145483920168
4.81012176444594
1.82264992389277
3.11697061671639
1.60044514132645
3.27469859165154
7.08663388550448
10.3663747930768
20.670872057293
3.66432230965863
30.126698331004
25.1560977700488
90.3681992374184
0.85066902535277
5.51614686941325
24.0133944294841
3.51913140129075
9.06488079394668
28.6013306358757
7.66444385671906
9.38774955154985
9.40831159534677
4.81427026270766
365.036268375056
4.09762829854933
3.86624231293209
2.91863063955558
5.57722218264698
8.67210972167081
43.4513026397526
8.75352416626149
7.937485746971
181.185189129135
7.38016901038903
2.85729239374216
23.2940701641643
28.313669429386
13.5291547647318
4.36081876963268
4.05489780175252
5.05393080309957
5.35701281183824
1.27381619173245
9.57567448314124
3.42147248879017
12.7239981942996
8.28240130583432
1.86401557088977
5.53343411476276
12.7356394548521
3.20339352075595
1.70034125087019
2.89761399131691
9.68655538074928
8.21453327426296
7.6090662856788
7.13133657016737
8.3005916703362
7.1896572088206
72.2256077516584
2.94004120441937
46.267694182548
6.3179820479553
11.1541806921186
1.99601640674038
1.21630477632417
2.30437029989637
6.73247589637446
2.33521463891238
1.5504058340595
19.2247610826835
3.53939653104189
21.419536858362
2.57936058112926
4.31255196654429
16.4216993163853
16.7569829331387
5.2290880388441
27.3266222266007
9.94641774778847
14.4779275023644
175.892826696645
2.20377439218844
7.99601278325833
8.01598156573685
5.76030148047328
17.5194415476205
25.6999233830133
2.46447645550534
9.12507395019599
1.95639268808705
4.27472996677989
30.653953950469
3.19135209438152
2.32020209705353
1.46490893776305
1.64825641549953
72.5460926051702
23.4996986571807
4.29100391935751
7.94899532036544
1.80138483795258
2.54869472657733
3.17452552496307
15.8416768382273
14.168974158685
9.24509764744943
37.9187257865947
5.64569328066436
4.10997758608035
24.1774996536507
0.99109389953618
3.41064347153303
38.8946025739405
4.09599778674417
26.4947048530046
23.1752927854019
1.15290605379045
125.930568175595
7.15154779788927
6.33485677103957
1.74941759287507
2.79801702072531
1.23577515291842
2.9733496455101
3.5240910152456
2.16620929569702
2.49588141576504
5.97641122203803
5.81258417246699
1.13295027427093
1.46140006978016
12.6341695646031
18.2775850362191
2.55729575128518
7.56058120689845
1421.3955880896
8.8645087657554
60.5136418257366
6.7364140392704
689.002051992044
7.16290105987734
13.2012682170619
14.036592736632
3.90980091289968
23.5200230048467
2.49187571986238
1.99706237665709
6.93765763995666
6.7170392880844
6.56196169763861
1.81066236270496
9.50870202747791
2.77946165276049
71.0639742514523
8.66212374848778
4.43046971245817
4.85183512291149
6.37518417628107
2.74620420539072
164.246409945227
27.5790149847085
1.41148947539408
5.13332512982853
10.0205086459585
31.083376019857
6.52667050822242
14.8864953432736
10.830297070353
13.8550555295827
13.0401233372349
35.4175708345694
92.1317705103363
2.30734057970632
16.6112019079166
9.85036561560524
6.12696093490552
5.25877479833475
22.5612709421559
27.3495826625962
18.0858928750287
15.8809230863397
6.69400092311013
9.33217045798181
3.32770163070787
338.456969305294
67.6385901021507
34.3632420716116
5.15914088140572
11.8233651193404
85.50435664696
3.71134411940812
4.00748399697713
3.14021388445982
2.46122032902176
6.75024893589747
3.22978684014766
4.56496030176121
4.31718086975662
3.63672364151761
3.42907649354448
6.11366613897502
146.819365229543
3.30040814807797
2.10938993092185
4.22115958751269
10.0732801729644
2.63513515128856
5.64637660569775
7.39202823917051
4.92732450244742
3.5453696916033
4.26704947315468
1.72537958427506
6.34679209776196
4.08202387184341
2.20397085485494
1.35004961944934
19.9941619692166
13.6561395576676
11.2131445413747
1.70525352327066
43.5917643798335
21.9236833026344
4.57157595629787
11.8515152348755
19.0185384214163
7.27229455199887
3.85337755423288
23.6424146758028
2.57869095685135
16.4613488940884
10.3159371781305
4.45924884966115
4.88663407372552
6.02962647950118
4.83976289761108
2.38933614847782
1.40695096358886
4.31245367518172
5.67284025108625
2.43454236910851
2.75325911775832
2.2547504624995
625.596081268922
11.8526539533516
14.7627285531779
47.1665966080058
1.84877465568411
20.0038819640022
2.14560985304911
1.83884816370517
2.98421118958011
2.83635414508578
1.79302798520023
4.72198328988171
1.93635302180063
3.74169607027923
16.7780977945282
3.30958151247542
12.4653819544732
81.8480909500165
3.82669734339598
7.48026976273009
1.72652113870916
6.19466243807897
15.3418588512468
7.36027221106147
158.90624353145
6.57325983452634
2.89100653734069
2.3570935054737
30.7160546408882
1.97662979303574
0.918860812408509
2.76453920786193
5.01346048023517
8.66320911786672
3.74869745424765
10.2297188217178
8.80255233544707
4.16462442467352
19.6145241431684
13.5507065403072
3.92932486109329
1.01058388024691
68.5323563501681
2.41021238683251
1.76024897722102
206.040180341134
6.19495091047153
5.5068484437019
1.82821429942951
21.0525019379946
5.72488284759635
3.69931960618486
7.12910030606899
3.85055077503633
9.18631062767085
2.07392421665975
3.40704049364447
20.419198720929
5.02864168884618
1.86930232512662
11.7798785277673
26.738669940805
8.99149155708889
3.86630746787007
1.94353508156758
2.37659005355263
4.42954292348417
44.6345452897741
5.32561953049236
61.5124682601273
2.04641416562904
64.5955491757028
10.5724402262652
25.9878297235155
6.39219000790736
6.69193904693546
19.4927698479572
250.416681562488
67.7609430373506
62.9961149874201
783.074972587147
9.3433236526849
83.3970440422534
1.69143112322787
2.15244546461633
0.959542826168499
18.8923048495098
28.281003044635
3.93919310268639
122.146849519111
11.1672623652201
3.66039402689395
7.03507734345409
1.56966097284196
2.02077811276579
144.875437506552
44.5890066096116
5.33031345052811
60.6277522705838
2.4650983809531
4.48402575379071
4.60691905398379
12.130745379826
1.6397868065676
16.7398767057681
5.79584996755904
39.6730203307796
2.7579091440714
4.87355458983932
1.83239988929441
98.0236739412082
2.58600032543269
4.07570315039008
127.161667901598
0.909479664765124
3.02540442297271
2.67893671518527
3.66294994333033
11.1793141471131
3.15974147974034
16.2862576231411
81.829185063233
3.36110993762729
1238.90302326733
12.3348118972542
16.019976388526
18.9670728259279
1.32262926317466
28.9134548826516
4.27837306819644
4.3005131405983
1.82504169928362
46.2557140626865
3.67358357244685
11.141564966327
908.762320440587
1.29208051759382
8.27160985588936
15.091265516901
3.02637878452834
2.70671116882729
6.24503033391623
6.82174133778624
2.55845435029179
4.68754455918791
4.43683721007167
7.8021239456725
3.53714426417875
27.9760017395017
1.90180556601388
3.48898282774657
9.7804124386136
3.75346766481641
3.06933828160577
162.582417451536
2.85947641052634
3.53292078707868
59.5098801657751
134.502739729782
11.3664166745592
113.736350347459
12.9110873428736
7.86846624877502
5.83545279315199
1.60229638471296
1.3631392338608
2.24294749541308
7.05079828453432
1.52151611050857
14.5163001300807
2143.64504023859
29.6550789958334
104.542914691519
8.29577626067387
8.35861958657176
2.6136412557058
3.30125842128112
4.98668490938992
10.9816489650103
2.08662455695683
2.57331408727899
8.47466796673028
6.9848878250971
3.76817203335767
3.36009060260463
3.42261300155877
26.7048717021033
33.9122672585722
7.6548872962308
3.90199619203855
12.3758435831055
4.9065582918551
30.7186084351611
8.30972262299003
38.1193988180191
20.4401930771146
2.32398853061103
1.93721488281399
3.09609339457768
25.2931877303719
12.7958530002825
2.00102107583963
2.58979115686457
38.5298563179974
5.1456955731183
18.5489018295553
1.66534365035264
18.7818407380832
1.92357802635182
2.9741764470773
6.06766408599625
2.40563770565723
15.738468679226
5.53186436835453
6.48069395114997
2.80752762192199
106.125887758092
1.02804798461539
6.27280642642671
1.35555305444045
6.82242041987668
3.37900204956894
3.20988519263911
9.36526293543494
37.8272970395584
4.81689462617486
3.84457134406382
4.13766944753036
69.1624392406941
3.08337554143126
3.72672003229725
6.4415362231945
2.67377691639177
1.51104832057308
14.2028513725589
2.65448923871675
0.933879506433509
2.24294773953495
88.5466360766437
25.5149682447167
39.3241726038765
4.43872011726939
1.44521518158153
4.46891744908961
2.49675270269627
64.3781560081038
3.19093984552633
1.48057901773589
3.96798844455607
2.24499877880294
1.39202457441952
1.11998053312931
16.9494156519765
3.12053861182666
3.41985109146648
3.04498679142052
3.83356871070226
7.95011549200872
2.22397298884707
2.58184052535871
10.0981070385614
5.24018140986542
5651.29867328995
6.17416254406175
13.5994117612655
27.5261714824011
1.38273279648727
775.105027807504
37.9015197850384
6.01973687977876
7.56279355784536
1.37203986639684
21.7748353282414
1.2460186943577
5.43369472851158
3.67712239359279
31.8816457089723
1.08931604393408
21.0647743460377
4.9232242232027
2.44852181196564
4.77166031420783
382.596231455878
1.75435645502288
2.5991543885301
33.9028557367356
3.25204271236119
13.9955834202779
131.928916690434
3.7021182617029
2.32201808041846
7.32431045199603
3.14409354302156
1.90348868777051
4.43454338633626
44.6393769217275
2.69404117729761
3.81446775374531
19.1883824720152
64.468673395878
2.32122085484761
136.549907570716
24.8620880818162
3.35854813491834
4.5902174507609
3.19509478761504
8.50489334834167
7.59683214971326
21.9736761009691
3.19081102026987
3.31724939810613
3.79066943077512
1.62284001698642
44.8931218896312
1.22920702318817
1.44939615134629
1.45103957193889
8.26352921496038
2.93883500946225
6.818883221645
1.99675659680139
12.6114408890576
9.52272561534563
10.1341259604252
5.3984077243683
7.47915715031657
16.9452798877149
2.14920519433393
2.54242747722676
4.73863783778634
12.1817149488613
8.48862758320819
5.21379300609751
13.0781017222594
2.16573971441599
2.39059744550806
59.1001845535129
1.65227890589515
4.8010713556241
4.88696775379962
4.4926436201566
2.0963498137084
3.6993709093297
6.48997339754749
9.51939462959835
10.246866679881
5.34772353110226
19.876754745036
3.07039448786328
4.66584955086223
10.0628719892344
12.3808957385305
5.94317651096372
1.98122975392578
34.0986587153186
3.13126830285448
8.37903244652906
1.90631283349876
2.24702944201601
59.6398035542743
13.8141321680861
9.78702840146821
2.77178503071033
2.42876048875267
3.53180047761608
3.91829742859781
4.03016922255325
2.70456268002695
4.35202125783346
5.96295808609399
9.91779892217963
2.56453779261636
1.51516783412931
2.97477922466928
2.1452113550265
20.5822772557594
1.52581408943285
5.20402100632808
6.70963349693844
1.92364960354713
20.9954751136416
1.87842315642509
1.8045390035008
4.37151840833311
24.9806986604575
8.50590853842038
2.10198053755245
2.0257234773873
4.78473985340149
5.64707229732372
15.7402576317807
5.58762417685517
4.92830765886171
2.6385868615403
7.83194536775997
4.57173604345432
16.1421931739653
3.7245248350031
23.3080569873238
1.71209919706268
5.42203029368998
538.559781932583
2.9350281051296
4.99354481342627
3.72601492422715
5.88950320764282
10.3123185249396
8.59387720252947
5.37569893050542
173.313292550509
6.10575178394426
263.142138062295
4.58111319053579
6.19154744501735
6.80108244575622
21.4674855175454
31.4135800089261
6.02561558637409
7.18817256467132
5.41729102772918
2.6168279353097
186.505830268607
3.73307272306374
215.995708697918
7.6984097471502
6.27552128593286
3.70388448239895
5.9612582129415
3.18831641699824
7.47242880938404
5.69417074763169
8.04019929214912
0.921035225388794
2.6334907403001
3.58504017377005
5.89459107401005
37.0453476128073
22.1438666125968
31.0887985967425
2.29240632859025
32.0362408225116
3.09770971436032
10.7617718700331
17.7084535958576
2.9680337243615
363.699380218144
48.5613583956047
1.19859375706094
2.02331702309309
1.67816640005444
1.18260781536688
7.67851328135543
89.6530782088028
12.8525422039063
3.27496252522138
6.14229468726114
7.02055511861797
22.9422993754478
26.1037335760586
2.4533577011939
4.01063879318696
11.0779913094657
49.5117594119777
4.24680076706928
4.23780492302301
23.2655350714811
6.90997641762204
1.66089126534583
5.03235676850395
2.86776837531575
22.3257790314603
13.5416545327773
2.34925621226457
23.4399938431887
23.1929166181334
3.34474471151058
7.19414885173589
7.33597196530835
3.10633798674602
2.00659930172669
16.323473034801
31.9334341542307
13.6632614437578
2.47348693532374
3.18699217820444
22.9140423804022
13.9024820349709
4.30553694621962
9.1641646284695
3.39593113729173
1.8711535405692
2.8632337113606
69.5283526014652
19.1739306592257
1.33728419161996
4.00566252338887
3.6831643026105
12.173113413504
3.94383393104097
5.3486184872646
10.0808877214852
26.9167971650834
2.95227506861979
2.95426047255905
1.57016724920586
14.0685897109687
3.32747979954319
14.6369848803293
3.11741344027493
75.518659936051
0.909965812255097
87.8987593538127
3.9400927896787
1.86193670566055
6.698210169672
74.5286459201069
15.6005121524551
4.59879183808342
1.69865401893752
3.04556972603219
3.61112943940123
1.8443273935862
157.01533222444
22.0439762817688
45.381031581118
20.0388285159055
2.98335345121524
2.45980944547827
22.5896607567571
3.67404073948965
15.9893306918326
4.23454229145245
2.41197370599485
1.87194866660117
4.32480579839846
1.65366157172013
82.3582209589477
3.436817008748
9.66605795321273
6.1913843406419
5.0698808997686
1.82419198396482
3.94954228802098
3.08723703190087
1.93253953171891
2.2114580555452
16.2418125553887
16.9229394820411
1.78862137147255
25.1169057739675
2.16173999115862
3.35182234568349
17.2118236047927
4.25844799820173
496.852807762276
12.1615770316607
12.5979174136146
1.15652150822786
46.5771038807634
3.37601004133955
6.93541362612212
4.28251316070644
6.17872089333649
9.08196870721043
14.3983068039935
2.18926242450576
3.29577829316847
38.1348774974437
17.6962677354238
4.95941590118924
4.81131094878999
1.88756465654988
21.4971353913812
3.54187027748595
2.84118914072773
36.3153156629418
2.48887847950567
0.988816506395393
2.10032076485565
2.78881210472886
2.13463004165544
28.6240466146441
3.54529495792323
4.43694781626454
9.93790487357092
3.81986281342936
97.3443605137217
1.75405475234811
3.16370513489229
1.8885265861722
2542.46791765777
27.4934940663814
13.9811244591787
28.1152676143969
3.02710598501619
1.60674575294306
4.43677629898797
446.728705104377
4.63319742145147
3.40460721787186
4.11010430598502
23.383362368485
1.92034736423469
13.0738054041842
4.96213924804511
5.1290335127597
4.3899741439316
244.895405014946
16.0625199260731
1.70364462088523
3.1923829475236
15.0998408754903
1.54767207459512
20.3129661975145
72.1640445821401
2.43053808254448
22.6763472229848
7.18104486171593
3.12716567231668
2.58646148742021
4.84984507722494
3.16110683336516
1.90971807093252
1.4525249316958
11.9291206010569
3.74356836740531
4.73256827203235
3.31909144320234
2.64864937106801
6.86429822617812
14.682424249538
2.16568780539901
2.9587204413826
3.82725007567356
7.58510269481416
6.87913135197701
2.16658292725121
5.38457676390484
12.7550972338985
2.93416917987336
4.09825239638461
10.3785565456803
10.1739211812055
12.5488072588413
10.3100402332171
17.1187104281391
9.65576175774108
1.04362450410542
2.53191094746207
66.2192205376952
3.48891250346243
22.6470496331098
20.4252446495985
20.8749295380476
2.32839440092396
8.46186392794686
4.337211868275
2.18967022183333
5.13783576525793
4.73694750650098
6.86797757410116
2.2592276239814
455.655600876102
17.120861867494
273.299968911131
1.76833638925214
27.5261848643855
2.91167598122838
3.11005420254591
3.67002905352027
1.40335060908109
5.41523260335377
4.96654171490102
3.42125312194711
20.3779903114485
1.99111523130174
3.07521826523759
28.413747710262
9.89190025554503
11.4138257808102
6.38543998213832
44.7146683601266
1.32013756671196
2.37593921071062
349.284100254325
2.72825234594055
2.17633302795557
1.44611864113725
9.3710743257702
10.2438148743633
2.75456352070931
4.7837537855045
3.72187970267044
1.32746249465584
0.865417464362706
2.89556280451679
8.53809893172301
14.6693161315683
4.87206644409271
5.46362863356452
20.0013140043479
37.4753160022238
15.9414868407624
2.86915025930938
2.23003547844826
4.93820028348918
4.10166978861719
2.00734026512211
9.49216225275378
59.0465108643326
0.821987768632163
2.24019608331084
2.27878146691008
2.01000039657324
19.5652473424888
14.6882117074384
4.15126771029388
7.18603414014623
3.04329843259893
77.5023217290756
2.62720712131037
0.771664150484773
5.2650981154286
57.383228791769
3.88666593169
11.7378404333005
2.91647364914543
1.91091260592944
18.6560820121006
2.50636275221941
6.96232766407016
1.82381903892598
4.24534611881332
41.9033444547466
23.2135500668055
3.06958283494614
2.24319643437115
5.60012377361776
2.21762798407394
12.2967292427792
2.81066990531366
165.305748473426
66.7828015223344
8.93354097637658
9.87579083401029
13.8240575204616
3.83571773734597
4.41492201729547
7.51684975738083
2.12659924274064
4.24687174576404
6.6481122152466
1.69125205515361
2.10483793838605
16.0048417084922
1.21481362820622
0.966661131368477
2.042235906234
3.129871697121
59.5423594411115
9.68101508383661
2.88851712781351
1.1342467006518
2.48167774459242
16.9313594349572
2.95642187950282
7.39928311064893
37.1462085283266
3.18382565896084
1.42372526748673
4.00961543676191
13.3398840886714
3.13904334216212
1.10655660699397
1.69429367893493
13.2992481854674
2.24855022473077
3.89425373248961
2.8565345479707
7.04478936139035
7.1226526545152
58.9914933448345
3.25569490547142
138.625257964759
4.88745381475233
39.1281838020146
1.92511960142685
11.8001569965628
72.908768582906
13.6473629458202
1185.51546964329
5.29462225839703
1.889482857463
2.74733672978593
3.50318382168498
1.38558528392663
30.7062249827173
417.149241182485
25.5443787414092
2.98533197581535
2.18103063161174
21.9722833147221
4.38211878602113
6.63530879928784
3.34410341804036
3.05165695543698
5.46406138336247
1.77317215355784
87.1992098706931
3.63234962347182
7.32598483533507
9.44570790588802
3.35611779957037
9.69033105490693
5.09795618312372
21.5145473903125
2.82469708333276
2.70070295035609
10.6931964362224
27.9341324148076
6.2346162274658
29.6611585637706
1.34541256213954
2.23659787102647
7.69212329343151
3.86432258190643
10.9640875913751
11.0299791931691
2.91570401046653
2.42456352292885
73.4092133623319
8.78579223667108
1.24645286290092
1.77604962013001
3.20259891635084
1.46629869090638
7.05890181376681
1.31439862296321
1.63438866711425
5.24223887712982
71.4889918900185
6.16854799399737
3.95798005225753
2672.70589355678
12.963847524765
2.08063804502232
1041.63357395531
4.60660516871495
4.83484181418239
2.35580356087917
2.20246761197527
5.78420557991643
4.7287760482858
2.01440010664244
3.91256940105571
4.95390016737513
2.48861239189807
28.4857448112979
1.48166898528666
6.58390173358671
6.16426555061025
532.813162193532
1.45327661095514
3.31331754001214
68.3430490219882
22.5826248746966
2.36789717388505
1.73938248996439
1.5977713087099
2.72014146011642
16.4325344250427
2.008279598131
4.26070451707682
1.79450899203798
1.16362335524956
13.1465628401041
4.70509483722598
6.68552758628387
34.7666181549488
1.7541708092919
1.7684095491892
4.33652343820338
530.479300632912
4.14049923283863
11.7381036163372
1.47273944710842
3.8340366773649
4.1956059330314
2.98483852675627
12.8511589197077
2.32692682582658
906.48512918623
33.1558115258049
2.20875466455674
25.6265588895188
8.15237365961388
15.0722078897673
5.91897341007694
2.90537555359671
8.35952591479199
2.24144333862808
45.5012146938988
4.89910727919787
1.59153896406281
8.25524325492459
3.35994017873232
1.71265007001706
2.5084833815344
4.10259634369827
4.51737130812156
2.85553186125437
1.81943548965257
2.80345179801913
23.2077319780003
13.9608066719722
0.864137570099812
32.0807113683526
20.4748278395462
6.13046818168461
3.62929943591773
1.72182303415814
13.199240270143
2.83412064823854
6.49740934097056
47.5737178078056
15.5820102142455
2.40804678324226
2.65372982142165
78.4033878208538
9.2835906865496
9.97109702545438
30.199797143785
5.91261778109877
5.76616529701891
2.98683176583473
3029.21108883583
1496.76231098136
24.1713600345055
5.10216543099036
1.26164452833653
8.74123906658376
1.57124162981011
29.0104977359161
4.83817486100269
27.3644884627556
5.85139650417238
1.3605110606541
1.21034298484762
68.5600932351051
2.97600238367982
2.56928799779431
2.81103928333566
3.5312999747986
8.4141114961112
26.2285298954114
71.183824732812
7.11954304922259
5.70980512734437
7.48949899287016
2.55494818868501
48.4825801228838
401.513048180461
69.7950742679064
16.6671618439634
10.4733183565543
9.20460735694754
10.3592488848633
2.2838553026735
7.73202712631144
5.03957199905576
25.611876879583
11.7920125720653
3.52989840529641
5.30614311805945
1.71050443803484
7.63167357836853
6.14388112638252
5.74591534956841
9.83296894615753
54.4807021875099
1.31743547712321
4.68102978594149
1.90304595773116
5.35935136260646
67.1558013306375
4.51368244030297
13.1344443429643
2.15512849687179
10.3916360209588
3.97200291638099
1.17077312189281
5.19761797193222
15.0538937968432
1.7184763254064
66.744628455856
2.69819668507657
1.8940482772863
6.48196629052288
2.37902197776042
22.0324676224451
4.94623677669849
4.04903838894065
1.97758548511257
2.75894249063891
2.06102050083633
5.80749748883562
6.45961107634596
9.93648154721036
14.3961984845101
12.2062921604196
18.0652655327104
4.11969747033883
53.2558839385157
3.01286029296322
1.27100770996298
4.99307220720611
2.54984635765318
1.54484770619898
7.8151958052036
2.22912071061159
12.1548720804857
37.9453178601298
1.405858844669
3.33654715801489
134.146827466026
6.63281551479798
28.6189390370714
3.90628487348123
3.40918260361712
4.2961579199061
6.81182027963285
5.73158898718405
2.30601815746238
7.0924278721235
1.29494878319503
6.15109092609111
1.06617859442995
4.15432969223026
12098.2552493504
14.6322782724052
4.58592799842124
3.8247491069068
10.9219001856589
5.04307536561368
16.55159697543
8.46888890754998
4.29706132551473
2.59509502087949
6.36625796697653
2.03768990193857
8.25571462313691
28.683604418704
2.47025217057085
19.8700215990835
9.86810479591697
5.15379813646456
26.2526262376302
1.22976158126733
7.06534950295811
1.82722153378882
1.11671750092497
2.02112867025759
8.72145196980674
3.17442271275431
16.382498975181
1.73790587374847
5.4890818786562
10.6237967651445
16.5223684113655
3.25335740673846
11.0284170774281
2.59830415058676
2.19645433731666
14.7413677503822
2.78324025158102
2.43103210706471
36.4699540435871
1.42024227000081
3.52192029688937
22.4089627653054
7.65467380343335
11.6175845984155
8.13561825235136
11.3028038336767
1.42051791786169
2.486877703061
5.27513699093927
1.38567234438971
17.6752613528015
5.11844656165671
1.87908011253146
1.27219742270018
246.845114733287
4.4975572695742
58.8890704252513
3.46309868185084
1.36862447353471
2.47053787121731
0.748611599426163
1.093608155172
56.00040840217
2.03019557101069
84.6525170177577
2.56375804682293
2.69682481550246
35.2281013427125
3.04336068413998
11.6458218631666
1.44586840418539
56.4851264258254
3.544981353997
6.9595037013717
9.47036759924326
3.98063924167309
4.91552960111346
1.38692543586988
1.20724272905548
25.8250876843555
3.74774869600952
9.55499507614382
5.82639206808508
11.6120034671104
5.51565510715521
32.438494471497
14.7915333961214
88.0222721846773
2.99036260781622
5.17185074698551
9.7922022549816
2.35583463789154
2.02342994941815
2.48540664941029
80.4774400832817
9.01750375476081
3.97162323308659
1.46699918053503
5.20439135199282
8.1594420585176
3.22618252126983
27.9640242632042
19.9782744058276
88.2109578682419
2.96726835550001
21.520368200737
32.1790807045884
1.96898831866615
15.3172638034119
6.55856128403603
5.28220710405795
12.1051693597463
3.73211616868327
1.5880133145555
15.9337334082969
4.96820258437818
2.59652872059973
10.0106171963001
1.63109438820053
8.87788698353364
16.2227215407203
3.6942901009345
3.17705317567765
1222.54271452426
19.3324056990751
3.93987430401333
4.74156292941013
2.1902657262026
3.65837794835521
7.7505435541574
852.465505906383
1.8128241743881
9.16312464964067
5.99835173647301
5.11886769579453
10.4895224352749
4.02358956006556
5.42671557623451
1.13968823457088
13.9937249988619
1.33430774948988
99.4455174131542
13.3414817908813
1.73654782303446
1.54106035361365
5.88310277051373
24.3238856670408
5.14922727201972
1.6188127823895
1.22220872402387
10.8595503231418
14.1701326623381
4.53185601540075
66.2947183146152
7.04789006127509
5.62198406261016
242.659836828805
3.43630925380619
12.4947849840257
13.6417139946518
3.25293180316188
10.5536789689085
28107.7242628252
4.17044606418142
6.30733505632319
2.40265129281241
5.98079134410416
19.5858386962823
2.65588909657237
1.96933935760834
1.86179450788711
1.95721216493552
1.97736669674036
10.9309219838344
19.700485925124
10.5067663972862
13.8149482236814
3.10061149784466
17.915018552516
2.35747405325101
40.5944548340219
4.04080811212314
2.45502028259564
3.38406050518318
4.67706353831481
3.06742130562419
28.5602341633395
1.01477533093916
6.63739369164498
12.5638324170257
1.26117225461343
8.25870215121885
2.82741850160051
0.933736918043195
15.8380731127916
166.476345354685
2.21383133739525
2.97179006854464
3.54502846907239
3.8808272227438
3.80316063902576
5.78811628637643
3.340810063704
10.658471462793
38.500589636516
7.64603869368242
63.006685038637
8.66634335015328
286.77079802587
1.43019939264332
2.78334022568713
1.77268915803455
11.2253176962778
3.15726461232074
11.9297786410584
7.73021343979882
1.61695859826338
1.65747783917318
14.2237776474785
15.2844833384968
7.35946370454219
5.29511807019831
1.87694169476259
11.1797090543013
20.9897061617961
2.58881174546522
13.5316787082273
4.3124358753429
3.47672572561011
4.31187499169048
2.73141317602622
2.51550460863954
237.615070108668
6.15200949111802
4.83814022655375
2.34510656121613
1.9695180197738
2.20979269264904
8.4028706869109
2.33839525759332
4.16493422416377
6.05738012040142
3.97549548520575
34.0433028536817
5.79018683589507
23.8657395556668
17.7657951406706
48.3394030280508
44.633479782552
3.78052152819342
2.42556411885481
2.17749383063389
2.28959425111557
12.9383947872765
2.24024175649023
5.52440282866462
6.45524273734058
5.66005492031771
7.90255636368975
3.07317723443806
3.79568213877179
15.2230577337797
1.12768964915863
1.9361186475064
5.16820885724434
12.4594020448161
2.35125448640764
4.30091681541347
1.98189546232035
2.58248477209071
4.19271694030478
1.72540705467488
252.820643306427
22.0978008002654
2.72763629483358
3.44042648210803
409.109083411993
1.77026409533628
27.6766612066746
1.74244629710299
37.8704137800728
3.2077836581787
2.40929827228912
13.389968462527
38.5800252988873
3.35707853024693
1.97852179064007
75.5681338593297
111.862131527934
11.6053321193326
15.2239582341225
5.38215319646424
11.0992874327998
268.677764853879
4.55614697748967
6.56622036045913
1.16531335040354
5.31234941892081
1565.8279080073
4.46882523634781
2.08127744857476
1.31840190195412
3.07790680905935
6.59523365610082
3.16211966407447
2.60091368606948
13.7784394066729
3.30906725669676
2.35292702897616
9.01123727924057
1.91264674749051
2.2740337802573
39.8434651689631
3.19051719453472
77.8235762152418
3.9816898789427
13.3342735870134
78.845275645371
2.33133008337974
19.310994020662
25.094404141837
0.908283507376963
53.6512429757937
10.3546772418653
3.25634427978364
3.49306508027491
6.12750334675965
19.3987329327934
1.00805492738989
1.47667979637089
4.87914875488376
2.25504743093507
2.60989724794472
9.33829298404898
22.8088229035097
23.7929272043689
7.41997968044175
6.24545751268517
4.28252761989325
16.2450773799718
3.52865303884945
216.779413264638
4.08093083219569
47.3673667652608
2.50882909460378
3.44797712346271
7.75342023341933
168.476202440078
30.4931629657305
12.0785007740345
4.71376383101918
1.62748314138725
1.84962808553356
5.84231616872464
24.5184545412417
2.44283795314897
1.72309242955308
47.3135563676735
9.36574038050802
3.9143722730914
3.04034552218807
4.3726941051416
1.71741942904826
74.7786621074425
1.88259861187336
5.79999965527791
38.1955904143449
5.28882685016526
0.995600479297604
3.18415204033276
82.8741905823259
51.9714996569653
5.29691811146069
18.8138245782409
2.06277366018712
2.96737393945873
2.10340489115926
11.0196730071223
69.165126728215
11.4537673494829
187.749743690039
7.51235277303176
0.923339498747878
2.11454506148875
7.51064759098969
11.044466517933
2.58851118879538
16.578713918706
5.14138162311404
2.50058711373428
3.2006504475526
4.80484123138922
5.33652508714428
49.3857551861943
23.1277762058281
16.5877241151357
3.51455232855189
3.26795508920598
20.9395060645623
1.549946191062
217.765812383635
6.15575102417686
1.74562837569579
2.87405156136606
5.34799563460392
156.627833835396
5.77317197371733
48.8556609358348
34.9990914874454
0.964990599676158
4.99757419590417
5.86102625524295
5.66997146023056
5.08258575783122
2.50203513324761
8.83402307511339
6.47461200997428
2.13190367740811
4.51977875649598
10.3003997058288
7.74756500416815
2.20296071233388
46.8374036728885
8.17703435350935
5.11265580713099
4.50527022340464
11.5180882395272
40.4645513034154
1.78879076732043
3.2057440278921
1.57087333604778
4.98337556108506
4.18452512608583
5.64730294207162
4.02722573900778
1.78866620613744
8.99563862445062
4.28573318228199
3.06644139922827
2.04708192670019
2.22754535118125
19.1786886870482
2.35168470796742
3.15632768528677
4.41695864490703
3.32060357435994
9.77590841615098
4.72130161374476
18.2736336585206
4.04482441493825
4.29011938696774
42.7222422678136
1.35208637326711
1.25617247100113
3.0545107007176
8.24328856904619
2.6112165787868
1.41443329828891
18.7477142935211
29.8806050859857
2.67298814542484
27.8204071570481
99.7498902978271
7.02352062518367
2.24212498664174
9.42471161151007
1.70145878636716
2.55537628924821
2.23609734309988
16.5197685296024
4.58866517638601
2.14873730906539
13.549919572152
4.3177520469781
3.65599843668939
17.9453587719432
1.53125028339439
1.83843341907653
1.53620982392347
2.88420638432749
1.5085393169543
2.71518083542293
5.34578315179924
5.85868871184071
3.67767094463166
2.39684216816525
9.36381966132885
4.47897567556854
1.01957800340675
21.2940369243583
7.13024647411476
3.81638197451234
9.95367176523053
13.8543675823806
4.27281020713902
4.29793025824418
1.93144795334574
4000.27436594161
7.01218460485302
1.43112319879357
2.34442720108498
35.1271541214106
4.81495535912036
5.68697792949374
15.9009071299359
2.69556472344448
7.20098959748847
8.04515384354496
3.15811211870182
5.52047903130517
49.4196570944011
3.90616637530592
11.6708305377724
706.758473849902
2.53525887367159
6.59164261271506
5.6815051327049
2.33151001620157
16.1281157963923
1.88968621584033
1.94309310523888
3.75017839795013
4.610831545555
4.88525657403186
8.95039891531466
9.9173192877015
3.06380567677114
15.154940778983
14.1507607077012
2.77080872133046
4.00655988401271
30.1062723354428
15.251750885108
4.37355271461645
2.1678103057263
3.79561487692132
4.42889272512144
3.07909491496308
2.78206049935705
14.460984457525
6.06356344502206
8.42361947911404
5.47457929422725
4.05318643234044
2.57515682461482
2.33697455418615
5.32809345277412
1.80953619657083
2.81873500982798
3.72616513794612
1.21350879874237
0.808229150742041
5.42271255057515
2.64329375166061
9.5493203461574
16.3715685819108
4.03910503274204
4.32681896692551
4.90207443843624
15.447240390183
35.4069615649461
2.97140436108085
3.00376362647448
15.9548600376777
160.082600094604
3.52611755205708
3.6933681778374
2.96620949977325
45.083953419372
2.10245630772885
124.255671581584
19.8047609192406
1.59102308053195
116.944853174302
2.88080950101077
4.34668249755353
9.06612248185604
8.98500070705501
1.11187257607424
3.00020815913952
2.77726554400298
2.34951554356562
15.3677355393401
1.68459958318318
2.06716416333275
3.32942106605954
2.71667860737402
2.66744637220535
18.6813541284607
3.97718673274621
7.09900608114584
6.6578093836829
3.31455836451848
0.940817725697656
1.86074350818446
5.00153696461638
1.80214131285247
122.65172191475
2.43004969298136
4.34376930353205
124.683160101352
62.8164689311065
7.08305817375209
41.2462399935508
1.99811961206116
12.8306050048699
3.46602738266176
3.56218037023546
4.47427917007489
1.64072468318796
1.67696045110493
3.63566944467486
6.33728515534602
4.59482312473351
17.3644581581603
47.6199764687983
1.52889146523314
2.65351110092501
12.0337371296372
3.81026820701662
3.61478138192149
2.61822551304603
8.59944022374662
21.8046747570079
2.53376340652616
4.57643081374246
3.75952642072359
4.79643360129132
1.47682629254471
670.050113697772
39.5937016291865
4.55332161152027
19.7093502618486
2.37453044519636
5.29514258530984
2.05852849587204
2.35800169359826
2.92756661373377
4.42449934849947
3.27606555857351
2.11778604462628
2.73779693533791
131.731319180427
6.1062113286985
3.6034192398318
11.8836150258218
31.6188550715175
9.12289686846269
242.235025203921
12.3634739575192
1.2600784621946
14.1012232936189
1.25599934020952
2.07414165939387
48.1159882854077
128.862675333633
4.39239941290374
12.9582254835004
5.37361242658121
2190.20436868257
9.76919517004648
3.3421408368663
2.79261990782303
1.63668650429193
1.99986529968476
51.9268317251927
8.4345653789473
2.00781569503959
2.07092458180038
26.5804880609042
3.07905682750471
11.6083767851751
8.71917387434868
2.28563216348753
1.55887089038981
4.53073826439446
2.06631269634532
11.4384958849746
16.8170576565576
9.0251478088849
1.35414189211536
35.4206765943448
3.28702286844217
5.60821293331311
3.59069119736009
2.75663212737302
1.45580708936917
5.84828278174193
6.29852158647465
3.74156012157348
48.9686701058263
3.51755587265081
23.2588517875976
89.1854762292896
14.7179847994838
863.888056946577
1.34395829458743
2014.76839843195
1.88960229117618
103.652985213661
99.4844236557689
3.5615341301336
3.58086017533146
8.40544192366568
20.591299337103
10.0968638766081
5.55540911220187
3.47556526944838
