V1
0.5935917312614
1.80935518085324
131.128272402721
108.884449939241
1.99592253923303
0.916365892355716
25.7463401277488
39.6055057590174
3.12168056565228
6.69738483868488
17.995312115372
9.20338504366113
12.3611166727233
1.16929011913311
2.9226609001914
1.16112673584932
15.70609414394
1.01580326086439
1.51029884017382
0.60701682847594
4.62176706960298
1.78809064532457
35.2787721034261
1.64422562829976
8.37983039536206
6.01103089281902
1.99060535723485
32.3950787407601
4.84779439983143
1.13408162953741
1.92067805399911
2.55591624509858
0.725108859228378
0.926720937468075
1.74786524355531
8.78422807314278
5.97063119022186
1.05893608814325
1.24394900755512
0.588427941883184
1.35306358622236
0.622972144058183
1.23601125384985
2.30461172361257
3.36234952846281
1.55198676365634
1.7167808590019
2.52980870040785
56.5053847055529
7.23751594435763
0.942556740328068
9.67130753263537
6.62465973578153
52.2312575156046
6.29808076051972
1.14059896304874
2.53511457926782
3.6634969403539
3.62501862687828
6.51561007357592
0.559713013298301
2.87971062628149
3.41629949372366
4.85874278295994
1.92054492035107
2.1556524899781
6.83398294636655
1.04409533475412
1.00159579129152
1.3017396035597
1.54709103310494
0.74228772639887
2.47955197510349
2.67209472556798
9.94337426692022
5.6169745377239
2.03911698001534
2.63362559704665
10.1658242711104
2.32502814685536
12.4656489487563
9.2197027244831
2.87810579959998
2.84602789364876
2.97109415014283
3.28977918095259
7.1511634596425
3.08360583647881
3.89759097876801
4.61538263806751
1.65186762406489
21.2002038712846
4.18842026051448
1.31553491504227
147.794085612977
32.0214009203923
3.98021000361457
2.6475934397594
9.97114131086296
0.562398849028144
2.24995077304248
0.84018969836514
0.72471994426973
1.82088487668564
7.15578021563373
96.7446466608118
34.3956197931591
1.9325251169799
1.77230982102
117.015118056819
3.73786909384464
4.74779176205197
41.0334034163224
1.99873873045523
123.591845828968
1.58495364603789
4.14020126407642
7.02489094289084
1.14048884880943
0.710494823729716
2.28945174106724
16.4486389997824
1.2873561763427
3.03934056136022
0.73481066822822
4.12178471112657
23.0943020831246
0.606387384781524
2.58659219852754
3.06070054949565
4.58955871349904
13.8628722112377
3.65104727720479
3.40379310716063
9.68542089167163
2.56797703142031
26.8326892152535
7.91790032876662
6.3980794377602
1.14750725705104
1.48912863186995
1.59652228399416
94.0253756113628
2.46327706761167
3.56060020706292
2.97965129349579
0.940906318415853
1.31350773352358
5.42851681248389
1.35558730837141
2.82803145963562
2.74805910303559
2.47715887295517
91.4641953578951
7.69164827223264
1.03998354964925
0.745330813870795
23.6133612213382
34.8603426576797
18.9535769968388
3.93383226213902
2.21209260831869
2.17450078675232
4.21795986885418
0.763199662991146
6.91706946795804
3.2102745921888
3.48558932642047
60.2362848353246
24.566667402424
79.0990904866011
35.7399211371806
2.95865823461534
5.48069918238795
1.62743385763568
0.912865979253356
37.9531431745631
1.6275403794573
2.51302455731388
0.935059539924441
3.9885545622345
3.6318202320294
85925.1629183865
906.110913864839
1.06089069121814
1.15273209488155
59.7463414188837
1.78976931353942
1.96840963785323
3.33039527178644
2.25507976567523
1.77356789222252
1.22293704533346
11.9167327906712
3.62568906845226
5.65832088626011
2.5462987157018
12.2186206136449
15.0766414300716
1.60611351725454
2.67854057896494
18.7214846570814
8.4922090924725
7.28246797713492
2.18981537717499
3.5726715703697
1.83982770184371
1.10764596322571
7.70902243861426
5.7097698687206
4.21856594100178
2.1359852081825
8.24330339168516
1.60258474887545
0.80224935645392
32.0630457919057
5.09009339507412
1.06404392616359
1.65685255271054
1.57749791596132
1210.60572294088
1.77729379268136
0.853773743731654
4.87186413509618
3.17812713261107
2.70739248217901
1.99770338816705
91.2782930271129
548.307316942314
6.18240880200872
1.33305383715098
3.95177416068274
2.80257685415372
5.0405864335264
3.41914141846438
0.967230559781282
1.250837311785
0.862093732894529
36.0440360569033
3.48160680936037
7.20061941339164
4.00543954461615
5.99636069062542
5.76280692348208
0.789237878565591
0.900063345847166
0.567298375918222
7.58832880802012
0.540571100611966
3.80254581483808
1.41319397704678
21.2438376712855
1.37154780475749
11.8274917612835
1.79602644879778
5.16730977821892
3.59110929007802
2.16068600499129
9.71363518286659
2.12720132078753
3.97699777594018
3.50850006017478
3.4088299264688
1.43082961915623
1.02149161016742
2.74625150203658
33.8519134169419
4.20712588189837
1.11495114130547
1.78543050065044
5.89374919768611
2.29116012841132
164.474924768234
5.30875827220587
3.18809804764069
2.94469294131249
224.402902915412
3.85231245459103
1.57756126058477
1.99401708111151
1.53546916577581
1.60311975031766
225.444677266413
26.6003409087152
15.1534722385655
2.73870336986056
14.044103406563
1.88627049028978
1.49597508379715
16.5321901563736
1.46047603455066
3.67861832802308
2.89621017482902
9.35812537463391
7.34325768142086
1.27259640985388
20.0900587300434
6.82890451573974
2.65615061928879
8.41226441554919
0.845347562099772
1.87288073276377
2.76192849431871
2.72262577554536
1.24951275977069
8.02115361373573
24.8285783733645
0.927017321540306
0.59793392205463
1.80510826104025
2.60442125115169
6.77736994168274
6.27413612355342
1.73878217774372
0.831706796471296
2.05698931396287
1.51096949146893
1.13507873573273
0.582701804273794
1.20253144608009
1.17634179416062
38.3270666451576
1.09644312781109
20.0064184270149
3.45759789933287
3.18835218646849
2.13465405358527
13.3862588665787
1.69083247196277
811.049258861373
1.0366758496811
2.39042608460071
1.33811323071707
0.996616390423029
7.61060979957283
167.297753876831
4.51311599812164
0.480866394202389
0.979284235193904
10.3546871423881
0.781263279176651
6.1392941472676
1.52009224449005
15.326480225247
4.6700123185246
1.50426223167745
0.864428998227806
52.9017091738794
40.3847122680977
2.46673259002155
90.9156548863493
5.92203413081588
51.3658735066095
1.55995236112104
6275.82165961622
23.8873339652921
1.48117216743961
6.66236728372805
4.49176857299609
1.13325224588786
4.11893451527168
9.46240296577312
4.37946892105078
5.90984376585975
20.9388233288512
0.347468386997353
7.19684886980697
0.826241821640581
9.01051592291185
2.00279001107377
16.4954222350028
1.9382577939477
6.6157498342648
0.987474574255494
1.54725439890741
3.18760354311709
2.93747487479313
20.6569258346277
2.53171833189308
4.17882614586754
6.19551198065176
2.02920120339826
3.30764103989411
3.91216573263244
4.53051659257402
1.51587158897454
89.9985052333987
15.0145154014712
2.84196964564099
34.2806608231002
1.54518302103287
593.467989519573
2.32303581561095
17.6659530598564
18.4329987841176
0.961296201416557
0.882419102050401
1.87902661589902
4.59304526272033
4.60321000002
8.01360704110491
2.24816193466075
17763.5418687916
15.3450205775961
10.6127932304665
1.40056023798137
130.682277137932
10.0295378063792
11.3358897379741
159.485296278687
1.32460176051575
3.91617248166194
20.2464648919462
1.43714481373982
8.47543451061369
1.15409926640655
2.2060833142948
1.08758579015599
3.47194102847228
28.320463220983
5.67764936904836
7.66360357070048
1.61620797817708
4.54010700978873
11.5638603813527
0.87202010178879
2.18395661496525
3.52996008966318
0.602095799839011
1.5775019816102
1.15648555317094
1.61981272840285
1.6720736917915
1.20288340384085
10.9417192078309
1.61409212329009
2.7666000351344
2.17609713576395
6.27549750674377
25.7801003019634
32.9786199468748
87.0109444911084
8.62529862874176
57.9834799705797
11.5383616654956
9.92324319416835
12.1232940928436
9.80066981822683
2.10326730521822
1.02437075682281
1.48042178094194
0.758354773431825
16.4770960671977
2.15219300713283
7.77469195494436
3.23021687121922
1.28966937670047
30.966343733921
1.16957875316426
7.30742692117422
136.022109395459
65.8997324512526
2.52515024054384
6.79738649903054
33.0884213660208
3.42226176431904
2.88078852929722
1.86750154673664
0.877749233686023
0.591766090313727
29.6867708708736
1861.79582589324
0.769604562624372
7.13983161277059
4.46180350000338
0.819240284105808
27.3779746235265
19.3349146432694
26.7388336136272
6.17579369912998
0.736310556534623
1695.9513984492
11.2724619527589
220.398786620475
2.96881336134799
6.86548545218482
1.69945241958794
0.86825094867688
52.01718315221
1.55091941497059
13.1469826874551
0.62144543838462
0.426369947967366
14.1642206059162
2.10430653298812
4.80930536875679
12.3053791637823
3.32749206685607
6.22520474358062
1.05706780630178
11.9127337390081
6.07255438940851
0.67587826359858
2.22201495230023
0.945652450641104
2.18306125258892
1.6325320985352
20.4216302582767
1.43677948197856
3.6443333091509
60.3081751207852
25.9940769188861
23.9512232212317
5.49827200487394
2.12597955687241
15.900514088134
1.91324846744386
36.9569319094265
8.32316012257334
6.58951960395176
1.49880391667938
3.38553338860666
0.542951242058387
9.11985096495541
2.60827947153513
1.44726717720717
2.53082694852712
0.814542209578231
0.97752121742931
4.20329762627395
4.17457454380715
8.90113436924219
1.29424338444635
1.52051164422062
11.1162046849393
26.5122837292609
6.0001153706719
5.58934128050281
2.46953849218617
2.85535989622391
108.024846700797
2.34847421328468
3.62356726903014
10.5336554500714
1.15782941205103
1.1100599905672
7.66309872347602
1.18916691144899
0.916799213649437
1.03871435638966
6.96526376769609
3.04129645991725
4.7850441805239
5.9801810436134
21.8878859375427
3.25170077433281
0.727834813046511
1.55530222505377
0.385477387644193
4.37375903568937
64.5943828193829
25.5349795875374
1.45484169266829
444.09295557698
0.595922412356029
1.24331870645999
0.4852811769159
12.0417061443709
1.72136722952986
2.17407600367057
7.49850614580031
54.0230045182848
5.44614173204022
3.64177344429004
12.3169577691049
151.248171426853
4.07900744165646
1.19402745972819
1.08095813154041
3.40037552186203
3.42573715477576
27.8204174577521
16.564130180722
3.99643348420521
1.17560587524513
1.42540352170331
2.79717155854666
6771850.45052837
7.79199312319117
0.872316723609685
0.678911718731442
88.1517174500504
18.3805667637778
10.8518851741671
4.81907769436167
0.952372583790413
0.698982560533279
5.51957419907496
3.25030992141939
2.15957867085627
2.05679819368563
27.6105920330131
8.35695945624034
1.16974036530876
9.34430683885528
16.1961546146625
0.97537967905398
1.4032597434964
4.30051889508573
3.99624043066585
4.465330692136
57.2875729353947
3.97057735039106
4.40893870586734
0.894874561756931
6.25156109616421
4.58619322764343
125.853834809005
4.78561155594633
0.538541237754341
0.67221706770015
1.39050601375676
1.13045760838453
0.857270529022885
2.1239706766636
17.4013098199472
9.18188300920011
1.20654917883041
1460.28584669366
1.30551783333588
81.555873989736
556.447118076878
2.0734309718384
75.7517206284669
1.82228992751818
7.62341349119563
1.16561542242757
2.18512173606264
1.19952550102036
4.63927008908097
6.8701130554678
1.0571438874943
1.38658378028429
1.856901953684
1.73409926103694
0.965153925970416
0.848570054174557
106.685494252278
15.895472275202
4.26173473143205
5.49912492209924
135.464321904762
92.169961503447
3.10018283350667
3.25151035474426
2.27554588100403
1.45528245973212
37.1551819328427
37.3006642796404
2.91846226897976
41.6767843533308
1.74688937105093
40.2595836497883
11.6852230852859
1.62332410147627
8.54621948780813
4.32241611434565
43.101074130493
1.37645101981815
0.900093679420213
376.278272224741
2.00884567462591
12.8878316702453
5.57986195565603
1.53287197951595
0.864276476065775
1.24208295922315
2.76641221531465
0.801163521430715
8.80759844747961
4.17083382500033
9.16237195101527
1.47581503279196
1.16656905090865
2.58801038059574
16.2384324763805
8.09068995303658
10.4159802008708
1.72963502841828
0.536682531048856
1.30718251359258
1.91788316671763
13.1515284461119
0.692150234583177
1023.95892359094
47.6357106224167
1.71413275118371
317.922872915574
105.13252566094
1.619930917562
14.9856699352473
8.9819272729783
7.25730202134495
6.32137446372396
4.10747489179742
1.98147255338343
650.672775194618
25.9463341500501
7.86508659931512
11.9881096934575
1.86690982542386
11.3839084387011
105.845238322125
0.965502541112408
1.56789383858912
0.859984220135768
74.4074236014546
26.3682165562219
1.81608171340086
0.463864482396025
3.62694951040983
2.40201468903744
2.02472011772964
9.07901891773875
2.11726624957801
0.776742491308891
1.50504891823264
5.53352769207075
23.9304196423947
4.39039720079446
1.15034424539127
14.1711322634202
57.6428908526263
13.0945487756703
3.14159411406825
5.17721466852712
8.7878530712985
2.40859037656599
6.2351843015339
1.90273148425088
1.82126732456054
6.73114517317097
13.8342541492841
1.52519954432977
10.4299695176123
355.377793657696
2.76967032803305
9.13267286315483
1.39878404538161
3.30106042707328
1.57768173927454
33.8483274836341
8.79740570158741
8.14445008061523
1.90384946719817
121.857530813464
2.66414357425456
8.8926599807804
1.87349080787362
16.8666125581088
3.9255575337196
2.46500829232269
5.92580977137349
7.53922246393152
3.91839200106007
0.424077875454466
7.05719011304208
3.38562275692233
1.23705584816874
1.44225122798797
1.3629665432685
7.88125397767772
0.728370572818658
2.14185609905774
200.443985188838
1.38191770165519
0.676073305993639
0.582566998351959
2.34413793071409
0.955585252067563
3.60884730458153
1.38737635405475
1.46082428955876
1.58550974742419
3.47006136029406
3.07157503645372
4.53596321290429
4.53440491220317
84.2614159172924
1.36074181392234
7.76239010463764
2.8503813153787
5.3923125825475
60.6816091941445
5.17255827433681
6.96331434387721
12.0428429152533
3.49900124620436
0.902513292291078
0.571071197414825
75.8599701143043
4.82951999454534
17.7773776650849
26.3478689562707
2.97099374256292
10.4646065445758
54.1650722300083
61.0615492994913
1.60654083291984
5.36983196276425
18.6003208716252
29.8110590772123
3.19523839181277
1.28928734294874
28.2567953331894
101.310037257789
4.91963661617126
2.32576295551094
1.0494043302097
1.75392304962992
3.73408194275827
2.32874283871437
2.94129182061491
1.85752549682401
4.05452885191248
0.625424699153693
0.90188239666856
3.42056338324617
3.90648160987137
4.44470956295988
0.943828523463578
0.859295013681754
5.60652176730672
5.98827536086841
1.71922028939698
19.0736116728917
1.04464782393589
6.10776229413995
1.00603688730266
8.43703716207213
139.325449737572
92.7959073231559
4.2961974027668
112.74776778357
49.1468884810296
2.75029186291823
31.1116403483676
1.84818245421207
15.5682961340769
2.17868079214838
128.882299805448
10.1860018010035
3.23567007024075
3.45639908909706
5.03458488928417
88.6145794923256
0.915548544685615
3.59906004753594
2.91533571164818
1.00318711927173
6.92073512549011
1.08946872610731
1.52599871655858
5.02918860163247
16.5763931039295
24.0543545299188
1.71243843587224
0.834488575010632
40.7869152697064
6.79440266776257
2.85982693793456
10.859228487963
0.984854308686696
6.19794855568993
6.80654879683583
98.8358374538224
2.54735591664278
0.722984864052847
1.47910469416668
1.31359478316789
0.753391724561646
2.37509446820396
0.93010258737109
1.93979286043891
10.4155250556973
19.0622005276378
3.36187551975055
8.22587360283839
3.60669366553869
17.1520039947095
22.9046866442989
25.4506715477938
3.09207477123224
17.6712122381463
3.04700422975273
79.3526837378444
109.942916341115
0.754582284900403
2.45039013676014
24.2198313146995
244.440834393288
1.31652207157398
29.1463160022294
2.58871305191213
1.5570167033133
8.70085343458447
2.54793029325451
29.8670339970877
12.7745380479064
1.25841668457049
7.36052280211126
1.35268322718363
78.3870161794407
1.0323128098126
11.9470726623515
18.0292144373492
4.48254718026511
3.93600163382088
0.546010606056691
3.96789552487622
28.3215666307194
1.39754740367599
0.614915088195845
5.71044427515132
14.309896085114
7.31152440328808
2.56943248451891
1.88864558807716
16.3112534222349
0.922525560206327
2.57496233674949
320.076999291694
9.23789999008967
16.8532854497717
57.8084128419459
2.4360953876534
20.4973435147006
1.15705556161334
43.7877523115261
0.819505331432525
97.2935054089679
48.5649451869258
2.37273178467726
2.49169253621681
1.25755896197978
9.90334944772579
0.991668746957774
2.64301343281088
2.29190455902156
5.42862260470527
5.45946395091393
0.3837608769059
1.63270506849766
2.17494612889494
13.1610812708091
1.36266077264936
6.43848657245558
36.2986922283939
2.5649461262961
1.02191617701403
1.40176483690752
1.05887194991265
2.02538408572553
2.1668529498272
1.39130427109433
5.15352463757064
2.22236058779333
13.2458463153047
0.955342671349573
2.62716555194001
2.82172891221611
0.560594971501012
106.254026689717
18.3709652438166
3.75483654801982
2.3933852421843
4.97247849115265
8.8230791794281
4.79396104713767
3.35383426281603
8.18572428147084
138.866097398626
2.82003374089856
35.7858267150401
4.57966491378441
2.63474756508545
0.83202748076945
2.63954911832806
118.47138210503
173.276242263091
1.00811633241018
4.07436230668414
1.36443641310243
1.93348800680537
5.58466599359072
1.88351363962807
2.45618622901651
0.612950265620592
1.52899716504687
0.755128036572576
14.2966483701034
2.92362371187427
0.96176039029573
0.873305954762436
12.3161440173973
8.66392129666958
2.86914149508457
8.93971677266726
3.97537948818851
2.04698206246598
1.72256356673186
1.1482634651439
1.18092429713536
1.12141145825899
6.31123388972814
110.722417251349
1.7563684544243
9.7268760410765
30.420179951464
70.7001975896111
9.55679581316671
2.44724473087878
162.873338357927
56.7600428847423
6.79733081119285
3.38748859684474
46.9124198419035
16.3298152120986
2840.13073629735
1.29826062114607
10.0568195801334
0.56595430695971
2.34224291877846
11.958885160567
2.00801754004762
8.98472675471131
0.811274002416931
4.22303204714337
3.22118771179784
0.951091653116317
25.2957394811588
2.28186914322655
21.9130531399169
21.6690795122289
0.885168019774051
4.08978542828682
16.222723116972
2.24109422428049
1.32512204940945
1.48929289993247
1143.43864268164
1.34894560669551
1.52192249219672
5.72814157526675
3.07585921744592
2.60185617782376
1.21432129379015
20.9875431610019
3.60184431433966
9.87885635732895
3.60178694063851
8.47504326067621
1.18211384673064
2.90939940213795
2.32901705064706
747.586915453274
11.5268469207346
21.6569058018364
25.1043043759653
2.14333140017567
2.4678717872513
3.29661595278348
8.44240528913166
0.854133729405098
0.591843395487248
9.03873260575789
1.15752712366516
0.806529679588385
4.03925370901807
1.11960212212483
3.43237961843631
1.26770049174315
0.75568272499473
4.19456877945681
11.5222037381644
0.891235115838585
2.05042725041124
1.25543660212086
1.88079094751022
1.86730484137175
11.2175419787182
4.42053449863484
99.56576838933
2.09454390994989
57.3614145717537
1.60775629938937
173.741590633167
2.42929578557822
11.6357339883403
2.05303235762183
28.0492460633155
71.9462740959218
3.23267487975634
22946.3972292956
7.03750282756992
4.91172281441456
165.086195267883
52.6127797398613
11.9605273621825
3.50261840603193
8.07075901676171
1.41362017031708
1.75297504770309
1.48226614246801
28.8598770178283
105.84366662968
4.84933262644937
0.86240759855151
1.63262200713991
2.47285215496873
60.3892932696716
5.3360801110993
1.65073483990265
1.58392864085947
57.4755894918488
10.0903560747107
4.84294462359395
4.42905967580854
8.32089847512384
5.09451505785761
0.836577311759948
2.34867035727851
1125.81361598152
1.8647601069024
3.43397306483928
5.81741410326877
0.73157179305977
4.7301370724842
121.422758430898
17.0402871522334
1.3025347044238
1.68009341126619
17.8287540872323
15.8817042015354
17.4669750870677
22.4937291088474
20.6467464329685
12.2413821706703
10.1329570572862
9.52965847852946
1.20146976226563
1.74144145130943
41.3686652076521
9.16962729062131
2.46325194281558
4.85116825390171
285.046261293296
1.59637950663678
1.03341731969141
3.48987590837301
403.158650292637
2.17571272698874
703.916621724937
4.20569251221879
5.18748817480807
1.25059209290644
25.296106563644
6.06291319970943
742.973369797073
46.2398515356726
0.496250425877394
46.563888407898
6.03625249642431
16.8202330636619
1.98681133931703
5.4361962690397
1.75294913620603
3.28623987223329
45.2487512235327
12.3793570109272
2.50782046145396
77.7845461047498
3.37656267759331
5.26093325283043
1.99757860426604
2.23489255720111
15.1708849998844
1.80198408073026
7.56124084874847
22.9614269035724
2.40248466713607
2.6856928354936
19.5723316449581
2.68190584530407
2.24297932604216
34.1257481388153
1.71267684822454
2.08991566441905
8.06081985095368
5.64908577068419
30.6138019569411
7.22471161779969
21.9082208894123
6.18787017879668
1.17696140576043
50.2905123049409
2.85204416198944
31.8356540338776
15.6254027512452
2.12642360678771
1.33746363733653
1.60558504618495
211.016340887787
1.27216391725525
0.912774984048322
4.94284301866227
1.2171850703666
15.7825366160553
1.87717246724727
1.48468765606557
1.18290351576771
1.37717729258251
5.72556730896639
2.61893426204168
3.55635544958494
3.2938271485268
2.34024336396665
5.96242232967819
2.61857762032512
7.26169579249455
0.906619516586216
4.18578766318027
1.39584506342798
282.007239054899
12.9219639525813
4.2634754598546
0.861010540785358
1.50306569491902
2.6493351773578
14.7121431975981
6.00241980365753
2.07565347670794
4.71044657081922
3.42987561195527
11.8804205645605
26.1924193402634
19.1747467060015
3.98828445542339
2.53470885650364
2.24895694604024
1.93260401628883
1.17199353601896
2.03371609585517
2.43848765745976
41.7159564087258
3.15630278611566
6.48406720698
1.71339743975906
68.5013234877511
37.7188563707122
1.16717265920928
8.89407344263686
10.9712542437615
2.68362469984507
0.804280058327207
2.84654814501079
1.72233056884865
1.31347240708923
1.87606987567785
0.999822741246226
1.70569750725668
4.88216709512547
1.3140502706814
1.84391076238853
1.2885063550971
2.00094596254594
2.93299776368372
8.74568039923665
1.01497668286847
2.47118444881979
3.72244209260518
2.71821997050161
4.06782394486615
2.73290867328643
0.924057853091128
4.33372602314705
1.58099477807025
1.50500857627436
31.1970802422718
1.63044511106914
25.9828279369073
4.09083445041882
5.04242734983272
9.74262240785218
26.8534145348605
1.51081304306655
1.56145557648842
0.532054038616988
3.40400244473381
5.98749390969048
1.30501949806855
2.75641567346607
0.841976994553164
1.13688172015653
8.37259519389871
5.58504253962159
10.1838797781948
2.28749344512549
179.584075037593
2.94434712622378
1.64929324258733
20.5179809231049
4.60647010411649
13.0684377514016
1.9800886396803
56.420728219025
9.31907012461505
1.50442740477839
238.735289339963
3.80982765752979
11.1204818076243
15.9279306438057
14.5135092212262
2.13931038573079
3.80525309954418
1.85109809647362
19.6910720211015
13.4184105717124
0.720281053931392
3.14816465934024
1.47002176779498
1.84217933281411
2.65699508667684
18.0013451274772
11.575971292724
6.04527777876976
108.763055473438
7.86892070378481
2.3633969675706
144.104330245918
5.62175639776551
1.29145272453621
2.73968112650946
3.21919981371788
3.64622450596091
3.23556693331404
1.69106478300864
2.10052927661714
3.17738224232146
3.58954886196364
189.167263242563
2.05868945047539
12.101437238478
1.3434439941362
1.50864764764633
61.7928170475185
11.2780269381954
2.50068684307769
27.6197810183794
23.5782747117018
2.29345357192026
9.55078469430088
5.97017880784381
14.8040038811426
6.63995676978618
0.946175691145439
62.5729285167226
0.675405138783214
0.599415775132543
14.9383911549702
3.00500983844381
1.33143060572543
7.95228547062116
3.59988657574366
8.49228658613077
5.91514717178971
13.9961709904584
1.27814761027709
2.21749299563522
25.9047569200988
0.834089721068169
37.0083197914208
6.46689818608918
19.8903220863116
2.72992118111668
12.9475089499867
1.6659159470531
4.99956278818988
3.55764786326894
1.08402497806115
1.07295381595372
11.4837066711322
1.73894070188484
1.98822165616271
1.89696986588739
48.6052357417545
24.9197460361731
12.3908985818539
1.43787930361947
3.12028860760431
11.2565373746382
2.3708294402452
1.80520522688237
3.8273720575858
1.18480615186643
16.3085782325521
13.8937253074396
13.138316900849
2.19894300649865
15.6547099976006
1.89355552148713
0.61257097656186
5.78915241001051
1.08206299990035
7.21925622596287
46.6240039550255
1.22409294826985
1.31907647069594
15.8951157189906
18.3656067745828
25.1313969592839
1.52548799632482
0.466785498915824
11.6190223617392
9.56715869002525
1.49746781798449
523.913155011528
1.26391483511281
6.66537159860841
156.765859560956
7.35839074042017
11.040736561006
14.4708024454612
43.9281044205094
8.59016954618186
39.4831745081903
5.44095249327209
2.54512754562734
1.25262156672282
0.664317148418364
4.0558849130498
1.437883027844
4.87528318973511
2.53543538259982
2.3220826099558
10.1810023814649
19.2490678836245
2.33347145104257
298.079006143902
5.96608074914251
35.4741158959546
0.851262552026867
1.38174101857788
7.36993534500839
1.93209012795911
2.15362066285812
0.595183345668838
8.84325147120774
18.3355080200716
4.35884691177699
2.77893252080157
4.79204601204849
14181.3633902129
0.965760942944112
5.66265686843799
3335.43482141436
1.94459284045271
3.18182834993246
84.1597100195577
16.3026208299599
0.901766614884194
0.62235971605008
2.91452498928087
2.89597675461719
0.924821838019432
20.6135596872483
18.6131547928215
9.78445618303612
13.2994057517426
0.617312051215718
198.74885821759
4.57424862760469
1.1511905213896
0.706171923756643
4.10440052438477
3.17136358945076
3.488951266269
1.56082432568983
6.06895349671692
1.93543191892641
3.22606729200175
3.39861119101151
2.24319252216806
8.86940137934079
4.06202412714261
11.8978055077816
589.400558589116
5.09477333837682
11.0197293070951
2.25980439945351
3.03655181353099
2.4731675067751
1.1219206631448
24.5479507162764
1.78379375731142
1.99548972253778
0.705422170384065
1.37405615673224
1.21760769035718
44.3704015966293
2.13261771107106
4.65542832225304
77.6451834422266
4.62148170448235
4.30564823905451
34.0684889894216
52.6279047145712
2.4053551213513
4.30749756480719
2.93365784698248
13.7551195997961
0.93590314867787
0.728655059997271
18.8357363932282
4.19227437021017
633.546890503589
344.270271500243
5565.54050391558
21.8249746162439
59.354533551394
2.21124945859045
1.59779933622873
22.8645037346356
2.8660833735836
2.9533723352468
3.21239224678975
6.73820759603419
3.80591294946866
9.21660206517562
0.463614854437887
3.91218734120631
9.27468247454452
43.8401971366323
20.3866344504563
223.398547994668
22.5062596450779
3.80635846339364
1.21223506181637
25.445714263715
27.920966438066
6.20346338155414
5.95340941390576
13.1797676758628
128.598092257778
197.077067324201
16.8205393473632
23.1465942574474
5.04413389904856
1048.04408488762
108.435971294679
66.032222500056
1.05586123043353
26.826840088492
3.70410264262528
0.930034557215408
30.9510393772234
3.84172109066007
259.059450599733
0.511521127992718
1085.88260713607
2.80714284131654
1.7593552773874
3.70248587670295
0.930353304754442
9.30990277475999
10.7812137815594
1167.71060941528
2.49127064858058
20.373574579638
2.78130481632296
3.7194670454457
4.11573229462487
2.38290213448004
1.80339144266035
63.0043732223421
8.44276246182292
8.48711290639905
23253.1212702621
3.44095591680022
4.27745383861476
1.06345680595116
4.0467662204188
4.23697506151264
364.320948186405
23.9154859941179
8.00563395333523
7.18673783172412
2.08339475533084
1.24045323842272
5.44890399590747
1.61652718599219
1.36596791389884
21.9507107970719
1.3008718483697
527.068939961098
1.41029902338438
108.456580409701
0.535302329172206
4.00003441625076
2.1600321578992
4.14061955725667
0.592563640439252
1.30811113194613
3.85165675126362
2.95647597437658
595.226950177108
1.75655765263358
1.38715275326282
9897.87236575483
4.15210326880699
10.5465231706948
9.94889699382373
946.224244188272
0.511444248918527
3.53538024663487
17.7781179423589
32.1420774739011
6.01718748858164
2.09414673396553
60.492097737175
2.42824493316698
0.854462306450131
6.54366455638013
2.2791429589425
1.71935815752832
13.1484289553153
1.87223498666185
1.21983039017743
713.421627260197
3.67946407289299
3.1900823614321
10.8836616982309
2.77127824512777
4.25462520711872
6.20337162712079
1.91796030394372
54.1341178187486
2.29368521554275
8.93281960063348
4.39841546274107
8.34706218418383
9.76936650707998
1.63361911196973
0.77713534536059
23.1115845769299
2.01430683117652
0.625616676120554
3.21073842649123
4.51891611789483
10.9325666788958
13.4307882529589
0.812490760527858
5.46453312817693
11.3794228026154
56.0237224735908
10.0581083462553
4.10396060382547
2.01848740762671
0.821924159941372
12.5292766024425
16.4085040041718
2.28621937077635
2.00878927005193
499.25697492526
17.3192478325265
13.4132876664172
18.1480921875849
7.96403512847163
4.8928431009665
12.7170237180122
10.191039094591
1.63322140797538
1.86246581603424
2.1164647016306
2.26194270871284
1.39667132464816
3.10010086175406
8.56512439759142
124.862364868318
1.07651118459631
1.0534845725589
4.71683871611743
23.4622142609896
6.67245728393106
6.7494347466849
87.83816228492
2.71396325710713
12.9276239183308
19.0787884158156
3.27504937861997
11.6649095646017
4.59852861222237
6.80893712285842
24.8935223275791
1.39274636388019
1.81539447808918
30.1179012792175
26073.18465761
3.58473194019059
0.851619389094403
1.08388527250317
2.99918228249639
4.10995764893339
2.69408183135579
56.0824306984905
9.71047254906034
1.37023519724307
2.00255705894733
1.75214371837853
4.66821800479265
10.9064655022176
0.740408847781635
1.46289833885928
1.51174381648213
1.09359829157436
1.42817004568943
2.15556620216308
1.59680644431362
0.554066329026444
6.06130549002274
3.49246056675976
7.32312691204368
5.96146036786038
2.8657953936073
5.76961875444354
0.759759033939211
8.2076277653585
23.5709020123238
115.131509365578
34.7656953955701
8.99090686324057
1.73437225866021
1.01629560514104
0.710933382356688
2.00466324071694
1.24992170737647
1.37991790903569
2.97026119598553
4.55482483851814
0.93985279214872
4528.55612565574
12.2648010456072
14.2409443246015
1.70926876226781
0.74940676596896
2.65071765671055
4.50440243567356
113.074556156122
4.04776701912298
3.76693211063049
1.11717165668138
4.12285091970172
2.80499263981824
3.54396419365201
0.445798390252762
1.01838453341783
7.0027424667523
2.05991762524325
4.05643240696014
3.4070227212417
2.31824297732459
0.750755659913126
79.9561557068999
8.38694286416392
4.21709305972011
1.1968264492842
17.1904799711705
1.82109129712562
0.839948404511853
4.33133097811836
3.02672004807188
0.96583922596415
3.44299505247455
2.76236043273479
3.00496511620235
2.98171566807745
3.07046208445113
5.14094873067542
33.8790382169007
1.82222674939651
41.2639824846328
2.8433182769929
25.3582692728938
1.1554903728846
1.68236386363382
5.02658343154932
1.91437821195573
3.63582021048404
3.17998851622991
6.23109958869691
8.84369010218026
1.32235447069392
3.79680848532416
2.81947728011938
1.19527977473467
0.973127401533297
0.478435950094021
137.424550611548
0.989417052374302
1.92518185701454
1.18166083754943
5.58668397376812
28.303138701567
22.3221071822351
7.41953195553119
1.61713933475353
6.75038606719501
75.8490117560869
1.296997723176
9.20362339886252
62.3841119254368
3.44627656294022
1.36046331671273
1.24898006779428
10.9793664341742
31.211868725697
1.97915948219872
1.37993506915043
13.2794475508388
3.0835990945972
7.39608612750483
2.03437715780319
0.467902657284119
73.8146754839499
0.511238672776449
1.92294639560051
3.23860983706939
3.00337119997565
1.39111083899506
2.13556329364566
3.87344181445657
1.13310143826692
3.89999801581841
3.77932450275196
2.45346166801226
22.5228918207593
7.86352109395697
83.9108481039987
4.04802890891458
16071.9761876094
2.31869848524913
0.780149021559313
1.831501796153
78.1248331891141
1.34467058303808
0.937187501678252
2.7431152722499
151.774696752073
9.90501489127647
1.69519009421797
1.72652551430111
3.12943402289008
4.29300093413033
6.69637540609556
99.0670570229243
32.7151207771787
4.77331014546441
7.26733165589132
17.9840229260897
1.22181460602617
0.949100909147541
9.28687182742599
1.85768057648673
5.19379105866849
14.2894248161761
2.09596435548248
1.31597214929389
10.6312644155733
2.70138303517038
2.46465567791703
12.2099867620926
1.02349326698735
0.914703275390997
2.88779252219981
0.63643597896159
6.24151721147157
12.5620280876262
8.99967095867543
2.45830082523046
1.31265203853501
1.44977316948788
6.16272278021468
4.56357179428926
1.64394595215505
2.71986615351075
5.24011093715745
1.49893832312244
22.0459999424719
19.7457783611865
8.71123510063324
3.79215490696482
3.84590525697226
3.56541940569459
2.27746816013127
1.30619883083907
1.92998448612203
1.71670876006982
6.25426856767043
69.6492665199879
4.5201709297122
9.84747730040448
15.3648950894887
0.700037206223648
51253.7180236678
5.49414470294258
5.08334614888477
0.931128636098968
0.363581202880039
0.884563817692308
0.53457983055298
7.97814749722012
0.969149336148845
2.10222048820115
118.147658162171
1.60109400026658
2.68376253654319
5.43496507134367
1.72866917035152
2.04690577530807
4.29838158332554
0.839372848278122
5.99055865537544
1.93576864755079
15.1950627833567
27.7649582166131
16.3953906417471
1.86445203955771
19.4316442002319
6.53554431272522
452.043743027665
3.6252055517658
4.14939326680361
7.26408323858894
1.62487538526406
3.96744918842457
2.01528888083046
1.1812203340071
9.03922067694094
14.6868168619779
81.6771760231416
15.8351068946206
4.33771732996582
6.31455654533753
3.12973207492737
8.76722006114474
13.8361745178211
1.33905633352993
2.14743100006586
5.04336575716773
1.01445599807937
2.90197767072864
1.52998734679954
2.34256665518778
4.15365960095886
1.23414150471525
11.012995475091
2.7726802695962
1943.71676705067
62.1307430294414
17.474392820667
1.15660317755232
17.7164048301009
1.80846907195932
1.35592089895097
2.03847887325232
1.68003914878364
1.12374167494783
20.8831838585867
116.633648350549
2.26290070395733
10.7365278885215
2.69738852308554
1.87786744223306
133.121516236392
20.8903272813014
1.68072226263967
979.688217320632
1.35239856514819
3.79991198248652
2.48058975109513
20.6277751056912
1057.03428356404
3.92541102510125
4.13756301760189
11.1260691706884
33.6859447550905
9.89765282274504
6.3203165606633
0.893003683264881
7.09033171556743
