V1
2.81467334184784
16.6735445266485
78147.7302951594
47576.713210003
17.7443469808317
2.72139645312155
1859.62329953332
3045.25686466687
29.2590008074507
225.58781399899
1669.59576437894
171.005711886487
720.957964734102
5.85542103468791
14.1726377118367
2.3689716602618
862.62653476224
5.96643517546123
5.08502183890163
1.20896753485534
39.0525617566573
5.96984516097096
2296.46692057943
7.79142140350273
123.971239243006
93.5416483316094
13.9367861664875
4231.8193589042
36.2312470307559
15.8468955983499
31.7930210101323
60.0248583953207
3.55399839273445
2.72802704239759
23.2305822703847
185.601136747678
278.985147213832
12.7681447079559
27.1055973950382
4.61376690781951
7.50160453811248
5.90156340321967
8.69093192900929
46.3773722026198
16.2402744630286
5.85090314608949
10.3346893453154
16.1335607617303
5620.38880701624
294.167795875659
5.02059738642993
1245.73360753048
207.054546207582
15117.6843157855
223.396481908722
4.99362105135883
15.739475455421
14.5702317472627
14.9462898796803
49.9911476178424
6.61551098660374
27.2603665112318
29.7119742735409
107.19543701758
14.1832567084889
18.9723216455305
151.940586102653
3.99377081562624
4.18523680139412
6.56089679394022
4.30409578093366
13.6366301830801
22.0398025224344
19.9486138442875
282.694582203396
71.4123345981976
6.25679435069538
9.58047476513873
249.641855523453
12.1961281577544
616.90053382897
317.472066882297
14.7461050801179
14.2944714154987
16.0496143035485
10.3026911263862
83.3288124533156
8.22413828735697
62.7765487402224
145.053958335848
12.996568087279
2129.50714237527
85.6063549440435
5.61954652868329
55295.9103061847
2073.0229080033
31.8514660960691
15.5215041955549
190.513746264657
2.86965919955691
38.4186462677674
4.13106021408946
3.66015055542405
12.0297097774942
507.436789638045
35455.1658818131
2739.25892185958
17.341409325782
21.503368685204
25972.6808535612
96.1118505416494
64.5108535972778
3467.42371489328
9.58085599873049
45210.8955222295
4.27192510527963
130.259817139136
359.409579766165
9.43313241926165
4.19021067560627
49.0027292731227
4592.53171732051
23.3888760349454
13.1143282172652
4.3612356909847
36.7304734855292
1590.69466341947
1.54376115967525
22.6313646095703
30.9428483696039
57.1244376046534
430.665915746575
50.5024752721853
46.1374556010342
352.16779592791
24.5036265793397
1640.84401069676
86.4033430973483
174.29163543981
5.30828188786631
12.9002994347694
8.53409766718053
14075.3968117159
9.64335865794598
12.8745501129323
20.1932179523556
1.98381319277912
3.82136115583232
44.570229961081
2.53593864746774
11.4564855313481
28.9272486433425
17.0991511580543
17571.9546317382
122.126140297539
4.26611696545444
5.44370023322407
1216.72689268062
2555.01656538025
380.246449514444
195.334378016267
128.268425865085
79.9333751202311
127.058598108365
4.15982932640935
123.67641919657
54.0386861046994
38.3693327498698
11528.1144393558
1704.88907324789
12607.7502095069
1932.81129830446
29.63084797179
92.2027179211806
4.75360441539917
2.72989144702108
2892.65167777824
6.09551989565145
16.6777969057767
1.59224361729611
35.7061180230247
32.8911023144316
15361623297.4339
2034758.48054823
5.67192126064713
7.52661921745667
7663.3167252813
6.35039947153524
17.9149954994606
22.6275058971462
18.7397125386077
8.65243512742858
8.02513110951484
909.762253619054
105.209643373567
53.6069442701123
18.6039865497648
430.546952473282
629.859947326643
14.6114992631359
16.3307269004633
1050.59064073834
193.421661162484
127.124112392679
11.5060009637199
21.375203962842
17.3423433035905
4.75001732757523
89.8199421256452
95.248730542304
61.4033711730261
12.8716888799354
207.314417966191
8.17196860053893
2.54869801042638
3243.80576419523
207.79865482507
12.3626100036428
3.82708626357482
8.76953896660217
6055130.38741788
17.3938027574445
3.94852121241712
160.19783709072
64.8483449694894
60.8286091156014
8.13666732494488
18050.8897634309
542371.299967534
89.43393404443
4.36033593476894
30.8138268308216
24.551251855044
61.8751787216281
22.8758825449599
5.07594887998696
3.21645750416195
2.05988817268297
3360.84287256962
29.0884757985272
137.950972581939
39.1046307663916
81.405245685824
68.6378124792456
5.01814441692823
3.69900542421338
4.08193300521518
149.386516034149
1.46645076810655
103.169971239685
5.79658526121433
2263.17272799821
4.17796388991756
845.034547273903
27.8042431269799
85.3626497354568
52.5768834713042
19.8718822303707
393.446626891259
18.4563523246989
40.300692843813
51.6883011577075
47.273148610857
7.86885927225601
4.05220870189605
19.134405129012
3582.74768644796
169.903681880604
8.33814205155274
7.44984608871768
76.6123973927531
25.8518415464414
112406.888269703
92.0010664380326
27.938992068435
31.7627221108013
133543.222275419
55.1023000267458
9.25241449791176
39.160192073298
20.6717122262728
19.2554934953066
371275.568235701
2121.65624568337
2503.77191468973
24.2792825902655
891.173817319499
43.792559783847
10.3707640184332
790.213407279899
3.86696172316413
20.8346757426718
15.8167631917161
238.027027192162
95.6436577569233
5.26064008427636
1741.95696249883
190.201261462727
21.5487998831291
252.688025725827
8.61196406453718
16.5936772725112
50.3232188564879
23.3876427104843
6.50129646556349
112.356713745576
2731.79705613698
10.9310142283714
4.20563371937266
53.5922454823117
10.8866276076838
113.568078984446
115.264081767201
8.10226933812127
6.91862209270964
45.6831297815977
31.0598606500836
8.64422342226849
2.48202269381473
7.62121643009725
5.85832158752519
4159.11230385097
5.62795468766742
1904.93951006565
39.8045984837376
31.1265982140394
9.08308091144341
474.537997162913
8.3507907601853
1856311.15855093
3.73752204999441
18.848013113668
6.3052676371102
2.98346552624548
203.998134051419
78184.3369200831
57.1465999031155
1.00541723904742
2.99878604206311
222.590288290591
1.20502231507978
97.1342263347624
6.54660298803203
632.233241538829
64.1463804294965
10.9274435291179
2.88372260768973
7230.29808134091
3426.71328651578
36.4900317557845
9266.75609610976
36.339461085928
36791.689570302
19.7355546394236
146916306.837909
1491.54975832976
7.83469389116598
172.628862362813
50.3086624729167
5.72817758568926
59.2486669604167
1111.5416173079
214.456341010716
624.393037574035
13072.3457926677
2.53009807142999
476.022819625144
2.07869163655051
297.611489445088
17.3856764543068
760.632292487203
7.47357374284933
87.2162386402084
2.03298506170845
17.0451764293412
17.0795703879459
13.9675237023326
976.91100354798
13.6385556562026
43.5480535836925
78.2856689391287
13.4485149386856
21.4764022814399
37.783650397999
40.4600953808198
8.97179176132085
34736.9892328519
745.495501670183
15.5927949430488
7410.03905233404
18.9497923572604
785771.095552782
12.9058924992428
1167.42145310925
922.095860266923
4.54025353913971
3.1622314077363
12.6802037499315
56.1738174682716
95.6639968687851
121.801930010881
11.3601336231637
877731327.278744
2390.65652798463
356.058346048353
10.388764650295
132291.787153507
398.299122294496
293.40438123269
79419.3809675077
5.74389734152907
46.3093453946997
1256.98925084858
6.33367730980748
222.86096245258
3.28351539284155
13.3966090836041
2.51334612712616
17.4547509179842
1929.86146146672
57.5197780166057
306.648111420929
11.7369214119052
32.3493979866407
292.710406932705
2.74474628135764
13.1002410716614
38.3420565753945
1.45273331412663
6.23057977443684
7.13965651808904
6.72502291280663
8.87957257524969
3.66950681144586
404.228419851102
7.37487931969792
17.1942071121447
16.9973964471326
124.828373094081
1572.24533031548
2744.27770775903
32319.6946846208
205.019156035796
8575.03651841853
405.779053736265
474.930203145617
421.69475126768
267.919271998681
9.78018341041682
2.61876099582474
5.47032656399468
2.4055205353526
517.426168734423
7.87914108200872
454.394117483583
32.6404658550877
6.36424764892353
2762.67890126088
3.5041974972898
73.0041786892586
24397.333686919
21748.9119532835
17.8147251565195
122.332243034698
2135.27574949574
69.1070382187347
39.7205366576774
16.1028645656559
4.4921820920227
1.70848594698595
2278.76131102513
7390883.53808122
2.99210856576981
106.94798896282
71.924025460178
1.89477205751018
1636.47846640054
1122.14719556699
1438.2439213934
77.9586894552747
1.55914509044115
4214588.70470589
743.305966790216
78006.8085365973
14.2464664800708
74.8905525640565
25.9203255983394
4.85058471518318
8160.75905788689
10.279895545342
650.374795195975
5.67749958998139
3.90843669868695
1030.28162425153
30.0885348338744
38.8628805047012
644.985116477928
47.7568265595942
273.553143421956
21.2260023522905
469.796690254579
147.422545709778
4.55636721110298
47.8280882770626
5.47699676661375
21.6405856977438
18.1295777670998
2649.87444541662
16.8658610588732
129.620005219401
42842.9114959042
3324.44043759459
3425.71689083148
207.18662784017
38.0871355372754
746.262286990661
7.85428606504093
6148.97519162902
101.930199179162
83.0186385326936
15.3269550956463
75.1140919192756
1.75054423943132
333.856470558795
19.7957217728983
7.82448870049625
18.0570548690367
2.02655273161572
4.55907013000285
61.8216099950831
61.8894136623835
214.944896222378
5.51695886132264
7.58026393891859
348.543170419101
2096.40776745308
129.181919802422
92.5007848733504
10.7994674507219
28.1982532275462
56250.0254429754
10.1847951815257
74.0399783333276
735.941087442632
7.79448442402785
3.13287892391712
157.295643949668
4.46790769587549
4.45008263425299
5.69844170443381
163.397388639876
42.5232944354326
71.2606842970228
140.248511573707
1231.46636805653
35.0613924970784
7.8115462186188
50.139394394052
2.45374825915194
253.714040537378
18389.2062470977
1165.86988337967
5.23380439698343
1712317.11083682
3.62192497287493
19.2700159150467
1.47758592952932
484.800041005808
6.98686528701868
12.1490593097723
125.623820191116
7282.53414792161
45.3046232035426
38.881003634736
444.752627144094
62762.8276727237
99.5860023841053
9.8423181983032
7.31333109650963
77.4350091729944
41.0026869295831
1865.74297558413
610.289415803154
54.3986270687498
5.6186507408541
9.10436656268665
35.5273117195887
268398819827131
290.861036279235
4.74579914030596
3.25224944557425
27779.7614959611
628.409580210176
299.394431904552
88.0468771065856
3.79903217883483
1.84121425381197
65.9255243471153
23.7647870990416
11.5947282398431
22.619157958756
4177.63753947048
615.581017696424
2.44666989967933
206.280888038303
926.840913195213
3.99022375479404
6.65634199489988
38.5719614168651
21.8399814297567
36.5558342228596
8788.16925347577
47.8885900187522
68.6679284494623
2.93225220085115
149.491070636217
60.0042193682458
35277.3583895693
144.390133161351
1.75098385741655
1.92113527537599
9.39813895449582
9.66515620845059
3.81191911171312
23.2497375107681
663.617021189688
329.787614822964
3.76208370441021
5153203.96776381
2.58809940381488
8757.89587817481
432370.668184299
6.9154889136886
14225.431100452
9.26368642295296
134.079474201996
4.13097171439211
14.5604264261606
2.25704485763052
78.9834500847002
82.2501630461014
7.73096658864737
6.39368169095721
7.18419311900189
5.73323812174561
3.82990073000502
2.24327976608339
55405.6940034302
455.772079628855
114.836551912224
153.735131448349
98921.1991826611
25319.8210232786
48.5448165367589
70.4982208143557
28.2081851562857
13.9591369357259
10542.7820970972
11092.0234199762
79.6702277199969
16770.3836923652
33.2251345769491
3584.80874958645
207.367870003019
10.216112898746
507.846017748511
143.461012767395
4648.36156189439
19.0223607856874
9.36963724802538
1547954.83709119
17.3819928855048
429.963970917062
59.0693584775919
4.25349254273594
1.52792272241685
4.73382620938708
14.6946980233778
2.43367834409906
337.43870016834
62.4162834888622
323.676458026341
12.2308695942852
6.0195244327801
18.3597913790185
894.670829484297
220.111067491391
223.329133032301
10.1627094730042
1.34790582686446
4.37708239709793
10.1877739391796
484.147791282497
1.87404605092118
3024292.17157163
9502.96993254897
20.6600892478525
859694.074564164
50907.6076431037
33.9765491812186
1310.20784068458
479.528439011607
217.630902855322
61.4471571957713
21.243291751514
5.84849762023068
852618.924852767
1514.62765346693
149.78655908289
832.573783151758
20.8293151232573
258.58795370457
22976.7995319349
6.85944240635689
14.9735105449284
3.79074196781053
8381.27793341999
1096.97643643533
4.48234702177934
0.846426914605875
39.6257090645943
31.1893885042136
24.6349016092865
144.748321872728
28.7040937007698
4.08184646849661
14.6371826772057
102.200371140053
1175.02549356819
41.9120615240706
8.74567882458922
1313.78052815984
4962.36685240654
846.970856531492
61.0305737994909
271.043046847387
401.288699541871
28.9401987184705
138.338077026782
8.27827986557812
6.05285117027754
78.715085782595
751.168241286459
7.68964599078773
179.283963988585
176784.562493179
61.2872509234273
940.444901428531
5.91274911998251
36.4963320497308
4.9052069259145
2400.23859015952
287.48135033518
131.490906105394
5.89220323134247
26553.5681497471
15.1234956513188
203.441130370913
9.58693383620485
802.551803986646
33.7598093628814
32.59671739827
52.7154690524456
89.1796038799009
27.2620868974846
1.20962682480455
266.247463325339
55.6646322553188
9.47766263049301
7.24741416360215
6.52011138259485
253.202179444572
4.17458346127205
28.7519567333081
206740.137904155
13.9667372753231
7.61841018636123
4.2123377723261
38.0746107413782
2.38806079402379
30.0688898439136
9.0421967112333
4.49266453579626
10.9653047299646
27.3227257440497
63.0420642077934
115.57424758843
144.355492409257
13350.2764046133
4.15683618256139
282.851443973812
31.3288628170272
92.03628798596
6271.71796639302
31.8271290377494
60.6260923133088
196.194264944551
14.2091963612771
1.17860380969066
1.04815499479108
20418.8246556635
72.1681211011985
733.544093475041
6607.46957170585
26.1609339546419
460.181861671824
4715.43665624088
11463.6789920966
17.1223885673892
53.0867559144522
1097.58974128967
2361.50195275921
39.454087145754
5.29998231496177
2069.2307313841
29360.7852699005
48.5169676647724
12.7612153877332
3.11232378282278
8.32509369301368
48.3617023526863
9.70034432693366
21.1805224327455
17.019635294139
71.0279335371178
1.81616396324361
5.23425200618054
36.1850042536643
49.0455028460964
52.1744702874044
2.15050498337533
1.90535490311463
67.2862084914012
90.0019330891013
6.9212471876728
1362.21295745653
3.35366535331757
157.216712176166
2.95734445942696
436.396680172705
147216.02867728
45972.5298706971
113.910592001906
20123.038012779
4054.29188210001
46.334523121009
6860.79306198288
8.72829148863677
943.463182170971
9.28242986843231
31009.6403292328
265.759843640792
30.4716371934229
21.6148135009201
42.4601675552071
17427.715160104
4.47421297644335
56.808710843876
21.3923676641394
3.12426279361401
80.4678912952216
4.4077951009794
15.7393261473277
150.17669470841
1749.81685832335
1291.57325315194
5.21636567345446
1.85204751766468
4303.42673129456
134.078107137009
26.387132091501
186.769416225156
1.49109556686112
138.760713677304
153.262886774496
14254.0275302973
49.1610723804534
4.7902483757061
20.1549755541929
7.83968945764802
4.15058094484085
41.9118109951709
5.01257355648146
19.6223973502693
327.873945061545
1305.00080342328
43.5300830857285
166.168653114642
58.8091342990544
1392.0089668094
2595.33618981378
1267.55928324122
17.3742438686128
567.27717186048
53.3130970000115
36985.1878396785
49412.9010753699
3.26869019023995
31.1983356772867
2855.49302014927
288763.944989915
8.17341796767904
3347.60785014814
20.0192832010415
11.6283663531973
173.274402674044
15.9507684502572
1978.32322226999
221.89231498951
2.43501498235897
316.934514349125
9.62373687718502
11654.1877082602
3.45591656921341
621.394914334258
785.241394944818
35.9751042539235
33.1825798711848
1.61496210199451
38.4856700798088
7614.27778191208
12.0866064986111
4.46143592103763
280.573550093712
1763.18640877855
132.862907297857
28.2551106649622
13.9034102419458
840.372103556076
6.22223305978239
26.2607141005678
109110.610973056
574.111953943966
2041.35582651743
74124.2396771157
116.474371317965
4499.38874985596
5.05451137137308
6769.50027356431
2.81999608530184
34246.8108223548
11253.440728087
14.4387870871569
27.362916189146
5.33836415092635
372.173559370461
5.91989044711003
39.9712195147143
24.5726383349767
67.3669891413106
155.170802505858
2.32349838265646
18.6590937537925
12.4788104112759
864.081781539198
7.87239805740438
124.14264451139
5282.35697925607
16.8616058972823
5.55812703137611
9.83043640135249
4.92671547368129
33.5176094531924
11.8789267593473
5.06937487106585
80.049564527874
14.7296749724015
442.536205865243
2.39651087525403
20.447391169692
13.054120355927
2.0901859361446
64847.1121582543
2065.91629177661
42.5399552233925
11.0520044881259
55.0334432385588
160.831316443178
51.2388620350811
22.697907548588
110.74138726505
40163.1235306372
21.4075132410408
3423.3609224967
54.8381386147973
16.7426440450924
1.35585822348303
17.8980268529057
32961.8828383136
277153.405171301
10.175495126477
126.224332120554
9.26495650683305
12.444335075914
100.492540418422
11.996347476479
22.1995920833012
2.49323057387538
7.3344937632518
1.44915166772115
520.856466237687
12.9623880253187
21.92593930809
12.4761348217915
684.758412790678
130.862754493987
59.7646264950373
332.58054205837
46.2820719647728
12.4065844358539
11.9653084567051
3.77569997219672
3.85946709631262
4.34067771699988
110.803310507044
26737.8887945003
6.23351790597489
211.536975229255
1926.89783954784
13139.5360380785
173.333807201957
11.3661521718868
62514.881655008
7592.22110012287
96.9818901592319
25.8541695773985
4447.95250723762
506.492455945625
29900775.5148413
5.75773988504586
324.321784870213
1.53958265952121
6.00139662003
465.537805073516
9.08495838053629
259.108388861359
2.4351184450328
34.5736204398841
20.0244602594003
2.33400238529566
1225.17161882495
8.58231817453508
797.386283342128
954.585219715862
1.54233676877461
71.6683522738492
1452.21475727508
8.27561075773043
11.6626144879617
7.10754669252994
4153263.44751653
8.20399111651769
11.1083926066646
60.1226437446577
23.0188354188054
16.2672593127442
3.38510483563246
2054.2033854487
18.9652108817064
801.878219619193
63.8102245164081
86.3773736519539
10.3135308690346
79.077832161814
44.6869660009075
1470165.28864347
477.093222072714
1807.81281398507
2366.65510231644
17.1987540501651
14.2709579022949
20.9474557253278
136.645332708323
2.62707020745749
2.15887190590325
482.592290996075
1.6399342118745
2.09846281481069
65.6267997833979
7.75172961928143
32.2439948870811
8.91572429634854
4.43036030329119
34.1053863187439
254.084303208385
5.95538725869715
17.8520905588145
4.52927123559968
21.8092252573055
13.3711113038832
848.490466750601
65.6978026096871
26151.4803088408
27.0598721529103
11989.0374036013
5.60059843429919
74267.0318131646
22.1139156398171
620.103255641381
15.3614334214736
1960.30970707976
20741.7434758559
37.8035913851792
1234123312.28397
206.227728730793
48.5494936337509
85412.6686048819
3480.74750191725
311.751978111726
36.2640124364197
130.371662131099
7.02371351090734
11.2766361792482
11.3456502784405
4987.93777094632
23113.6948538133
124.599853718511
4.30376710932942
9.90231807260917
35.6695239424535
28711.2094289192
273.040433047517
12.9282435369145
3.98409717921971
11581.5072352966
473.24607397696
33.4148397447193
24.9413942891043
76.7593132645234
26.2433654214428
4.32801742275796
34.1487496609798
2483617.6420627
8.7353593217418
35.351473849179
106.408551900031
1.33815849356832
77.1230817460783
35918.2535987073
1201.01822017466
7.99810408719331
13.9410682528709
2098.24036531202
396.739455571993
846.320532005261
1586.40761147969
1134.13978683577
357.991281684615
221.692352246111
219.930592534491
5.95062029519705
8.93754218586995
3616.86055084535
107.237663870245
35.2201392524894
64.7707008052854
158594.708182539
4.50974567565754
3.10814610350763
39.9115839153669
965974.352166773
29.8455529795917
1819594.21455426
70.4872739593648
96.006265884453
6.5051779921606
4455.14654213475
92.1046166186536
1378621.51014855
10095.7343720684
3.08235655406225
9620.43609422339
239.982736744697
838.696808382942
60.1048940551956
187.37752820275
8.36656517933671
22.7160625905239
5400.64889978371
706.805062743834
52.247357463334
76751.030917184
75.1977802424352
183.167148908902
9.33990186645233
15.4005089120094
505.516413580715
7.72452936124869
137.170526019111
1255.83463803636
16.4375969260513
23.853756612716
532.886301432335
23.1728098737033
17.5742422888647
3307.07238269063
8.17016706035298
12.562192066371
165.64795553973
57.4423416102254
1849.39927698005
101.458402246043
792.092474628817
83.5776510933729
5.09997848836832
11730.54169938
34.0226412113033
5199.05918618908
1243.58944377681
38.8298106879451
14.2756640340263
15.7895867580687
367170.794120227
10.9655428890951
5.1379721274483
134.297783323804
8.03815029402753
764.576701696156
12.9077450513113
7.17916500695202
4.78333638931721
14.4027934226518
60.9130551834153
39.013087883219
54.3082846803387
47.3844709740142
26.0611082664096
155.365111699563
38.5600513589491
509.010177051691
10.4769323360139
84.2260319487112
4.54680264775791
900142.82935776
3094.97540376952
42.1600703805278
2.30503804720965
14.1031458861214
76.6251775267019
914.265205223231
112.208598321846
10.2328825272539
56.0329371210904
31.5322943633154
318.288331785185
2407.3559510238
876.811929748473
51.5342482784051
15.6057870288473
18.4257161435286
11.449555364932
8.49077770468275
15.8346988891915
26.2671817091579
5985.23961778684
26.9797591403841
116.481234724718
7.07693326758179
13238.3126644901
4322.78229528003
3.82543747911426
251.068182626926
295.627864970824
19.4456035954509
2.82282672757519
19.8874407224584
7.88727702519141
5.33838350372001
14.6112596600303
2.77352672980221
11.8111321756059
98.56267530048
7.28248828447586
9.11472928640734
5.37388770234035
13.6368317220764
32.1973548617329
332.824081498802
6.54556372536249
10.0466514129226
74.6908134839232
19.1124266588773
40.0312598580512
23.1035717588339
3.55389097126733
75.3285804917968
8.53327099533309
6.00139198836104
2897.90477619544
6.5655110581813
3441.15330987441
99.8234563904728
90.6303742346314
200.34981063397
1902.32141022263
3.60203922703953
8.62022462682118
1.87910915359516
91.3681641913276
121.087102028233
7.07834561634502
14.0534312122106
2.58480242053234
2.81618352857113
160.47241166727
105.641189307176
347.431095635288
11.9859790271833
78623.1302197731
19.2347483701873
5.97287247701495
831.53009098183
28.997452061891
483.636808445036
11.1030236198433
9715.1079376942
259.583896344649
3.20422090897901
138337.962139508
46.5898243040045
273.540988939437
559.566665044124
525.896286430639
10.9734783437298
33.4482430460245
11.8771015190872
1282.89550980086
1036.73395366315
3.1410705021008
28.9544387619651
9.49493657470037
12.9640848263623
41.7399991849472
1584.66010066778
293.188945341955
79.9586092682149
28257.0333338403
119.838628094839
26.5309029136436
122435.097549835
101.772764569722
3.79779145823733
31.8745319628353
24.7577827518352
31.5243022259862
22.4520645454753
5.75788952858487
15.9612346154099
34.8627726642315
38.708039047703
77479.4079174321
8.60775403908423
262.209210413053
4.45500048728584
7.00162000018898
4936.38472086955
427.518206107668
23.3960009857261
2154.87648667161
1119.96834102613
23.8943452376426
364.95749074529
276.984903030326
448.976074600169
107.63922788987
5.01526987073489
30593.8936006961
1.7444496548267
2.34593404139599
1879.09436800539
38.8553560036069
4.06902031674071
249.565893576853
35.0480130698706
165.331215594148
104.714437613748
1107.36857867021
7.3043345618781
29.2487781457307
2675.46233628205
3.38631612113783
9352.23601946689
226.459337729818
1278.03729802812
22.6633644928892
436.841779154796
6.32958344817507
75.4767890710887
30.9688999914223
3.74288287787757
6.2625665208758
732.777190257797
10.6491121086861
14.6974711024004
24.552111491453
5599.85934699975
2559.52059503994
220.47596408418
5.77115879576536
25.2471997083208
377.070573167406
21.2274251411879
5.77791456582961
23.4889732741103
2.55157955194019
482.271256994904
362.142901676393
433.416897770445
10.7918134586723
592.788637928048
6.54765406268762
4.06809292407182
241.839197343499
4.73216613938637
142.085375177422
6080.76188201203
6.0768379436902
7.4509977053947
637.60437942958
873.076939164725
1546.3152560609
5.3738949377052
6.7194234794923
1201.31308439938
374.87655103959
9.01108393137233
794935.389066032
7.4053379096381
211.36778195508
41857.6958631365
59.353836791812
365.694307567497
629.295057656311
5336.54042269493
310.756980588436
10146.3618891712
191.856657830224
23.8937227210049
6.73037904673708
1.45901715309227
39.9461393202946
9.96285893094428
97.3439548578879
48.4467854658479
53.9555287928127
1054.59616542687
1904.8975809456
31.9002979811134
455605.868951522
214.130081696889
4542.94540664781
3.83233736274102
19.2978727633621
857.157012706322
47.8852257095877
58.2799192542527
11.8769279820506
359.564469459139
724.196862229481
54.5026515174862
11.7247030084938
69.3911385108434
2052782723.10062
6.09535712321704
73.713107582528
24910772.7675145
6.74545863894103
22.1692504915059
15231.1332741254
1249.00062555885
3.91681639046557
1.98676201106468
23.5425153908252
21.2581243043765
2.71012812354335
937.233489875801
1342.54373387668
149.238290321914
1284.79307699669
1.20578763491501
141785.164425147
41.1292336071453
6.45933604258718
2.13319560794531
40.0037676330431
22.8286778623034
27.1899286778702
7.45691983481043
115.596608290414
19.7993731467973
67.2663374123948
93.9822558458551
20.3908121697929
363.853334260624
89.8338679339388
281.443633408731
671632.290525225
67.3393394292191
199.449032250019
10.7441429928136
41.6078747625547
26.0017459564958
4.84917426468789
835.325108628905
10.3780094148943
11.6890585467448
3.45517664292222
7.73479031350908
15.4226359201872
6054.81728617621
15.9852215445422
63.6285384015463
9639.58449173322
33.0749098651621
28.5734983298109
1897.17270705397
8418.33396173353
15.9245087219071
42.453038780613
20.1119538997632
439.930352960463
2.45984338672119
0.990618871540657
2192.0733757797
48.5833577211271
992698.50574244
379165.585872476
112244828.935799
2899.96261439016
11294.9528747508
9.98056488341871
6.36222896561168
1281.57561920984
34.4096513002063
23.8644430061301
47.0516560265775
132.017191860166
51.3408145108928
269.699157719641
1.36128756916442
102.674986333073
399.237306682131
5401.20051636125
1189.16097122806
144217.668064237
1206.71998410917
50.3093096944629
6.33693919739961
1808.87233006339
1998.25590312135
117.602434760819
112.440296089882
479.949097193631
53558.9502961072
101451.279857938
1059.74721971789
1789.51435822614
43.9686189980102
1740366.19583955
56507.4627177084
9009.27545875924
3.70101748991082
4222.49308639963
40.5731412593213
4.62945049056413
3294.29482056248
29.4000148877382
116275.702487557
2.01948690148097
2136780.98763708
24.6140794409102
7.25622043120407
70.1454646450902
3.28393537346873
209.074687218829
361.031263341833
3351253.39144023
19.0034398757919
716.652913472145
10.030641909961
36.3347661572927
43.3999287033599
20.449174299404
30.5764254186808
7140.60315595182
216.669547196357
242.434607852224
1037037105.71863
26.3915234753805
25.1699322405928
2.6083392774312
37.997122878393
49.8696907520494
312992.546716916
1526.81118141595
202.254200168766
141.783176749296
23.6375502863178
7.79995451562705
130.563959856041
8.58172136506302
10.52151060391
1085.05210739703
6.71446148893075
729830.036038557
4.03419895328712
38925.8592761112
2.27312847636468
24.3592140231203
7.9055138046303
166.892535164743
2.63855189894005
6.58663550319483
97.667026871793
22.164685226356
1087943.49504462
9.46155055650315
6.68496370864021
179521304.688241
83.3699791393294
535.949930585805
471.742661036554
4030267.94007917
1.01790934017924
57.813537818311
476.539678767956
1527.77275779178
90.1823884582616
10.643044859818
18525.6905875933
14.5421559797728
1.32865674874998
91.5915412971741
7.34766959590246
4.38327587225456
566.291411936043
17.9991231253333
5.71119278695576
1429148.57585106
17.018457074913
18.9842125844826
317.335547296855
30.9942466447978
34.366683679527
87.7077405438018
20.5757007907511
28630.1463064694
15.6991068782881
153.038332094066
46.1161380493442
134.244603128327
262.171139213395
3.3721144548421
1.28827322797802
606.777534743553
4.71799778092292
5.64985216405783
149.54646499053
107.06933157733
461.908331085584
791.075689440449
6.94274878039603
43.3970568405098
284.259530635114
10963.6954551961
96.6970085532221
327.216903251589
98.2604977717006
19.763996915449
3663.28774794981
2640.37893419902
139.603923320011
19.8486425959641
836855.030351962
759.667772292276
399.776608368665
598.343575585523
135.646988883521
57.0233788219985
251.584102991109
937.032414000265
10.0152909859836
21.9839113062015
5.52061050680598
6.7562793484297
6.95372722805834
20.9794532268719
300.946214135205
34700.8113045706
2.72670822169937
2.67155544725828
56.3685777024068
1489.56095368966
109.971434741875
125.341469302365
26655.1154288849
21.8784972346807
322.378741031322
1061.40478070996
18.7608103786036
210.402960678365
43.0734594670749
118.72220009594
2831.4082770103
7.93044734119332
7.5012511135585
1784.64302940483
2497333905.05206
39.1990159929155
2.07633244592063
4.66654219202309
40.8216919265901
64.6798486734878
19.9486037385485
11780.0113106884
365.415163580321
2.72931060268948
14.7829432610611
9.29906899743043
98.2051912067276
994.671771070395
5.34474454604317
36.6180215005249
11.3805061707566
10.3847785742959
13.6175325401235
9.54923553604269
16.8694715568822
2.26445362152453
222.372667195398
46.8512312709989
238.554803510495
217.956217491533
25.7363945075032
70.9004128234511
6.01796001411337
144.727421465701
2530.8746119837
53472.5820442495
5637.55375583858
209.675622782087
8.1180933840894
4.79767180937438
4.68743792447579
9.92062993495664
14.514397349715
21.9420627753055
93.0666622178116
140.744106970491
5.32854494146522
109261659.591224
793.294208292478
522.641982830276
6.5734943541518
1.34686210287461
62.3801478510722
34.4470968366972
21849.1877790282
80.3704039626064
60.8399143622922
4.30335356074392
63.4450411024278
22.9770542582903
73.2555567882407
1.71716265421036
2.85967908067936
171.427074321301
11.5359268036042
46.0142893642613
28.2929275142297
18.171844118686
1.82199887375098
17188.4187670373
153.872817077988
83.1602385473014
4.14768813437577
961.318450384465
7.39294463247228
4.3277882835831
102.254725296643
26.7365977367947
3.1480035688056
20.9677961018054
15.1062011836414
27.7902757305421
23.851377482696
25.8952713772553
50.6560934120215
2021.88840948344
7.56954326534955
5973.11769060088
19.6702590474409
2780.32750910292
6.91685983277155
6.78818756747959
70.1261159258817
29.5620664260225
24.2533245548327
31.1134256215269
135.455053850975
173.067672895111
4.62988450208778
59.2488239034294
68.315607828319
7.93851162697719
8.02643693163896
2.09617526480233
169167.619601327
17.9221711194486
17.4570070095921
5.17374151283902
70.2567265752693
2981.28489781185
2008.41137668462
208.178565587011
8.1521503419699
121.079050687302
21287.8890447289
5.79866980177052
300.479266646096
10147.7318832461
28.6574381049267
6.09125952284918
5.35654293368848
450.816197546504
3433.93154807861
13.1808991593715
5.73029573113448
458.820622562351
29.4940677805012
83.8421751399799
3.87355876163653
5.48199586207034
110826.188119417
6.01200192059652
17.2443995776852
25.934200938392
44.1985520335267
3.92363857981665
8.67083544231416
55.3364147308894
6.2285419246305
86.1936350581855
56.6110858068458
23.3541372608997
1419.28522256174
162.982561739345
18609.0640076399
22.8960497103629
331056328.87813
14.4536403189088
3.25813712643048
9.74200369668518
9972.43626535405
3.68913632995056
1.71062778773998
13.6572800631829
46171.5262889776
199.040160135174
11.6296051622605
26.1488517272804
38.6995733975858
185.890215580979
325.612179144569
122073.728846118
7045.85660334095
53.4717927789671
201.518789545958
3608.52270290411
4.06306867063304
2.55523434367283
244.036496465925
7.25935993940777
45.3324003775403
351.45571955294
11.525267138429
5.9274587866457
201.252937651044
14.6937465893578
15.2422087920027
250.31563332617
4.65679452989062
4.34991426621164
38.6960296280382
1.51722248230751
133.017518600874
660.522697089482
395.077236018443
31.9185398229376
7.0420078979858
9.30208404288971
88.9435257593424
75.5908661106626
4.64826061123334
13.5209399161997
41.4459258323743
9.29436583908935
1022.71547665733
684.339182962715
608.147477231585
24.7558819684916
25.0049116694832
74.773506538229
32.8060184113817
9.19157932141692
14.8410676048731
8.75821519425277
137.274510851422
9848.44235811042
50.9255043499824
255.978861413
741.321928458176
1.38065863874523
5613785630.2932
144.61688861983
109.05733116212
5.46674603198446
1.23471850933897
7.97673367132528
3.59717731510377
733.988477001258
12.4694146306817
20.4406092131651
37150.9496375335
24.5612878426136
43.5910009981088
206.150489749081
11.136165225364
12.8145698991692
46.6331377409041
1.61591877621322
101.362539693187
7.00233181443725
809.312695487013
1133.29398992987
759.442583002071
7.88883636463508
992.93977240875
113.102616588702
769897.101503075
38.2432176510655
50.1956561730975
102.92684030451
14.211727452128
87.4717583667035
16.4272139632117
2.50741017543671
158.450172013769
815.690346458326
14900.8486421283
667.068745927522
65.6534889988387
109.824024639231
35.1259105558568
217.338010494403
666.944781138154
7.74869561382147
28.5563616166907
106.892278384988
4.9618281905586
26.3711119562747
9.32326768827747
16.8248780248285
63.6420109238816
5.9159697283498
623.484067580772
16.428590898184
12425592.3624585
12208.4802720829
1716.08417316326
8.23798747063177
1550.83894879039
19.9464381494509
6.09906788880099
7.86774905532768
9.83953485340495
5.68307263858811
1812.84500653295
40596.2050770117
13.1038911733348
522.898694688844
36.7379922047847
9.71331703805699
67610.5274205347
2595.02059409998
20.6962905866072
10497734.1633903
5.51016026383498
30.1516622670941
12.48174174999
661.540492257208
1960890.15186166
24.1413557970857
26.2702780990257
233.339880274072
5353.4613314259
208.152196861303
71.0115711852897
1.70534101568286
107.167014279083
