x
0.180704176548775
0.0510765813736256
0.083463310397697
0.149759201331451
0.0876719997800613
0.21220667159678
0.0850137129661246
0.135246548427587
0.107923965892347
0.0991937475431268
0.16326851808707
0.0905980154245655
0.080299890468469
0.208292020883969
0.130998144069024
0.116109064627264
0.113161678047987
0.124116503679532
0.140872913959448
0.138430752449459
0.158963119906458
0.128921062922957
0.0993477630335382
0.198549764864978
0.0688406939199766
0.140597474568274
0.0981109451850757
0.0821669406953991
0.166559848777124
0.104414221044608
0.141352199909487
0.103173936307935
0.079110126202796
0.117993775497961
0.109959502990391
0.211354188327415
0.0563706947840119
0.103861500092852
0.0940244299621431
0.0816788895034977
0.145370815875188
0.179302259898119
0.0935140268655932
0.256376796829353
0.107521845891352
0.13107865934786
0.0857499026157621
0.107049022295228
0.0868797057141586
0.0866807607703577
0.119820711746918
0.103625753814299
0.182463009199955
0.0569935915985034
0.124970090254859
0.15743187087899
0.0705775899023434
0.0734871110794814
0.131673266483749
0.083967695423806
0.175316076980878
0.127239002258711
0.12340563082073
0.0882070863962532
0.157753473028514
0.0796880017138439
0.167961199741392
0.177045911263836
0.124296906203523
0.0439120482369362
0.0836764424333291
0.168162162176696
0.133162028375491
0.091084254973092
0.0864646521062729
0.102320431816246
0.103424755526108
0.0724495616822005
0.163231338379539
0.162776105548042
0.100503181096568
0.142663102561943
0.199472341303004
0.165864727139503
0.116271581485043
0.0799901340063218
0.0986401592177084
0.18666136754977
0.123715936537434
0.0979145861553946
0.129113358747209
0.137575085751973
0.0860715285639615
0.131759636887784
0.112269740907035
0.179819011209392
0.122155514823503
0.165377305411444
0.108428799677027
0.110425633298124
0.0497992857265565
0.160667898297723
0.0995164918301105
0.0342985573080406
0.114898016680725
0.115375876373864
0.0567531859202345
0.0933678532633703
0.165149373671473
0.0685206273145595
0.0704519753516673
0.21382413874257
0.0857097637769891
0.115678128722864
0.043374036684189
0.0848894481897106
0.147048444469243
0.0484287352662654
0.13063964203922
0.0912379899577327
0.162577613452438
0.117230706965259
0.151101339266115
0.133543610687605
0.1663952158418
0.112915496334117
0.0398944690653152
0.155555618801476
0.136553372612741
0.137954660585693
0.170616539321065
0.198666177220472
0.127347618122291
0.108293414840414
0.136540197087867
0.171168570960572
0.0825813882743316
0.184591582399718
0.163360010152753
0.113318063728335
0.113166227786945
0.109086222488168
0.071826879600537
0.104484310540704
0.102844563482294
0.123673464210264
0.0883821705194344
0.086154657603391
0.129779055326204
0.104617001986973
0.133594111975113
0.0642783054391397
0.0623457820466384
0.119790254732041
0.0884280893554538
0.13133625012758
0.0997340805158319
0.0824104035748677
0.126839390106664
0.0716818785419936
0.0408805273839488
0.148776876246683
0.129351516810496
0.121246429103384
0.147117366572298
0.178599399372843
0.106665154465632
0.0837833901097554
0.135241351522784
0.114124774894025
0.0941174383033027
0.112037657985326
0.1188694341704
0.13514133086424
0.0854911135063112
0.0839685559314644
0.0809863035315909
0.107554916436118
0.119022687545261
0.0875642924522379
0.103878128501565
0.041226261247972
0.126383781323514
0.105033514545798
0.0904945500157244
0.0564690106337627
0.0959949537547291
0.0938085382912062
0.122410091007819
0.106961417832836
0.065722944413628
0.0987741523356345
0.192323537917511
0.0441317517306866
0.161905443658577
0.124608199319358
0.11421064781729
0.0653692018352816
0.167013904744794
0.1152079883655
0.125145480815797
0.122471936248626
0.0854117058037843
0.205062382361939
0.186047875211693
0.0653379454440347
0.149338981192182
0.0717955718807713
0.102430926330259
0.0677913328099762
0.0898806544539993
0.135530746446225
0.115721019954384
0.126509353632088
0.162963006381392
0.144744055547138
0.183619798182578
0.107877140406484
0.119652922779281
0.162908934958816
0.13791656468189
0.151743597725301
0.0696425147243354
0.14344346309077
0.0776211899635867
0.0902639191738394
0.117252989118712
0.0780568136257089
0.100330084391741
0.0816540989209829
0.096622170505639
0.233923842839901
0.0500146820582023
0.109383821994675
0.120957059185966
0.0887825498352012
0.130869036220099
0.115640310815547
0.1150052639954
0.0840888415076686
0.0817542433753689
0.0863683464979776
0.0817793189473876
0.0825524846824494
0.0529361383058588
0.168744170112178
0.106013518847377
0.0792654417343602
0.15596152105161
0.108129671988321
0.0839635668440027
0.105821559139312
0.128719283915879
0.0729874397650285
0.0802093220225194
0.0854331989164182
0.0599300869843495
0.151031382712832
0.11542882347186
0.189612069029492
0.122231714522742
0.0574650902359863
0.142354370084147
0.120112427256453
0.0957997120847112
0.138149077426377
0.126579182561924
0.0747619596129982
0.134704463773105
0.0648258669016146
0.0884690744632999
0.0823040327416873
0.075195850410117
0.109151132568245
0.0702790731493343
0.0882490058810862
0.0648373856351643
0.0761947524002651
0.0854057468409023
0.150928363221919
0.202514005673364
0.163395382356487
0.0575675936514018
0.110781123113743
0.133870134326566
0.0596942388691282
0.0667649670133842
0.13144385262193
0.105760991213402
0.150981602324771
0.0861475672929516
0.0995518402460043
0.0546129374585148
0.172645864655622
0.11212348481408
0.145389321703141
0.107168072764666
0.11973961480014
0.13465536387565
0.0832621858611384
0.102363992133669
0.17290387704177
0.138376355548961
0.100539405959844
0.156868477851339
0.0915874442228336
0.0962838760171609
0.0867412992104926
0.163023696485264
0.110557929395559
0.108976608206924
0.136641819263994
0.142373562720102
0.116059668631075
0.107833158667822
0.127448897415243
0.112252466363481
0.125247771905363
0.132651910233273
0.163760294523617
0.0892859299377398
0.160740093040283
0.101935149648641
0.156913865050524
0.104610191151547
0.0861201689987057
0.0660815732817027
0.0384329580450204
0.0949357796798958
0.0566780766380897
0.137859152795609
0.145984695076435
0.178248154567868
0.191042312088584
0.130706611936354
0.133161015816881
0.0657048576482502
0.104894316766065
0.126834861373618
0.192353749725039
0.173846323371628
0.0464472389312476
0.153777237633005
0.0969608535386558
0.110841109273575
0.106452050921431
0.163383540634466
0.0968088965713806
0.080312719780089
0.0427062093830338
0.123494042585341
0.0490647904516499
0.093428428359506
0.0999139049209828
0.0736772292386089
0.0552914351418552
0.0861059112151563
0.121420999100183
0.0966580653847589
0.210998848399108
0.105461411199714
0.130835486054936
0.0842899973144394
0.0766248969486704
0.12592326655486
0.129652967243365
0.102200782204608
0.140610086331347
0.167189252518755
0.0792555866870472
0.138640372365418
0.0829319740434049
0.127551209250598
0.0874152732781864
0.134979032971682
0.138909765784354
0.210518564668958
0.106974803852054
0.114698833572783
0.0622953006196963
0.169730991796168
0.149788027201019
0.0962982855306419
0.0428385366980256
0.0810545219388986
0.215281753366461
0.102711494191461
0.12287420071865
0.208327340533888
0.141999537827534
0.165664485556106
0.0608469372119697
0.108086135842882
0.214677513724767
0.112780076148743
0.0833377797582137
0.247985685942635
0.100783370053033
0.141393622967159
0.0929241171141093
0.0723249011859738
0.05222876471053
0.0692592377201996
0.129138435508316
0.127937481187806
0.0945237407642694
0.133974305560175
0.126264733044894
0.0909639636343933
0.168129402704507
0.172178175935123
0.137310995833719
0.0856776673369264
0.0864959959363689
0.0692424855740799
0.156942647100775
0.107353714128276
0.116187089230687
0.092825964466984
0.140461543844342
0.194080920951476
0.0908521377135243
0.127505745595739
0.0686308883449546
0.182857041309616
0.0782205979430972
0.0737816077772785
0.127625851701407
0.130765000146484
0.131882467236199
0.0897638369611584
0.106112762326986
0.151201525776654
0.11883275153657
0.168423746920483
0.110320992611098
0.10416257406285
0.138302894915484
0.124012704676439
0.101511400010448
0.0745617926221937
0.146503266651561
0.194979974910062
0.107686034037706
0.0792225502985967
0.11988391269083
0.0711714169362321
0.15592689076491
0.0861124743312509
0.0619370739753091
0.149753941114124
0.185740948102539
0.101569516697658
0.157103945693803
0.185080644631995
0.147672159949373
0.119688086175559
0.206140218557843
0.185974290687131
0.119233836946142
0.159884009625038
0.108410930200293
0.151550259193411
0.161812452162908
0.16379729373386
0.135599946144755
0.140769210879842
0.0953198424628833
0.150537462788634
0.0693605197129833
0.0903533920102595
0.178923720903167
0.114835289591352
0.213777669516659
0.126648687190179
0.171062377412913
0.139572078567054
0.106628896597429
0.0821234363186236
0.0834861950816527
0.108501762920909
0.130524297392518
0.0834037323691218
0.111714795333861
0.0925072931706571
0.0809893482645438
0.147663051157124
0.143161662431283
0.0956446544618451
0.0957811549391836
0.180684306383509
0.240602225658498
0.0768613235966363
0.101519407871836
0.0898950652407622
0.117921278366407
0.0625565662397864
0.0445739533366372
0.110008824930287
0.115557730700688
0.127029597210399
0.128015049918911
0.1348295947122
0.105629885137281
0.214781596715568
0.0802395203152773
0.102949995137019
0.0945469863392633
0.0965041798760227
0.12288385720844
0.16547847257565
0.146816505991659
0.178750806806982
0.183699315492169
0.135559584298491
0.161933800850687
0.160802234519136
0.150812417356038
0.0735171289721283
0.138506223335779
0.14415432081313
0.147697830331791
0.0867975211935674
0.057463205532988
0.146454069341932
0.098311809566101
0.0385719163771867
0.166169652893102
0.183906349550197
0.133116293211799
0.090234946927599
0.137900007343651
0.0738437205379808
0.165745969529108
0.141424213260622
0.0543405682128021
0.164716224826574
0.138654771019481
0.148262134538442
0.148079412002056
0.0535574314113816
0.0755970831856187
0.146762561747002
0.14670945029237
0.124764874486193
0.0637194771213665
0.124648828560655
0.070498711815159
0.0803697349746959
0.0994996901354999
0.0873999592446627
0.299130766437073
0.134956223138083
0.100073833279074
0.100841932347145
0.0777823888045971
0.151349023346606
0.094473045479708
0.0783603532544596
0.0696983050156474
0.0738096496170016
0.128928762004348
0.0622950363534579
0.067405117711803
0.067869560669417
0.0917715372315753
0.148882988998452
0.0987206788368836
0.209930772821498
0.0688830897300794
0.0901141634847526
0.0567223501049742
0.139551723453857
0.130753128180565
0.071500124226986
0.0987757878470036
0.0651486659462373
0.0677755355766333
0.122164091254482
0.0940616192860652
0.17283019055997
0.115849526124815
0.113273042307277
0.077182433088497
0.116776136943263
0.113490340990758
0.112765707101378
0.251925776160349
0.101189783932694
0.075404778331184
0.0687511420748719
0.12229195097998
0.098682303038852
0.0802567438372553
0.151768737611482
0.194251887087125
0.0496564001709066
0.146839509061579
0.0907650685361037
0.0341077590673885
0.112478137270495
0.129028960412607
0.10962933481291
0.0640118480833483
0.0732350152492227
0.133408079465416
0.0633632432944892
0.0876012868467015
0.112903106397564
0.133948782337663
0.132820252635745
0.0913771871706779
0.101367640298843
0.156089251301197
0.107041336228051
0.0867318933991286
0.205627747067436
0.111452318348196
0.0921758668109688
0.0631721687968686
0.06856020600416
0.0745524096565383
0.198584498619717
0.126098619772606
0.0633204484184607
0.190317042280459
0.123941552589931
0.0935739081525028
0.123112530789946
0.113775012562501
0.120891223535928
0.103128553948484
0.114162594019953
0.174066015731864
0.120689001964178
0.105147955915933
0.154435670198553
0.109934164969851
0.164086466902983
0.106057611366328
0.118068388748771
0.1343955691542
0.156560684072629
0.158495834476686
0.0499572644544617
0.114953276659568
0.069447685107506
0.128117533497226
0.0956244617509367
0.110052660738912
0.115505269324289
0.0816399677448546
0.111705908882291
0.191017649804089
0.145373610984154
0.0936010286401704
0.0503893810805792
0.115904160938969
0.0995764996390835
0.106723077938291
0.0972019300311508
0.143853362127464
0.0594459836208215
0.103243726136495
0.0911265587880222
0.13514733424176
0.169525470512289
0.0908855602450449
0.0755995100402359
0.0797509197905837
0.0819536364257344
0.0867006573285414
0.12211704537756
0.107870186146188
0.198377594089911
0.1622363370409
0.0455075738760752
0.0607352768370442
0.0982813317155999
0.0956774615000292
0.124604475064535
0.238197834205395
0.134181090118332
0.119842469422673
0.0641372254405341
0.103628412222795
0.127659886727021
0.106260555698131
0.177961015638806
0.097758703067822
0.0586090683449692
0.109089522352644
0.0454577968105102
0.110116204216296
0.0521158258428003
0.08715292537173
0.0953712758262225
0.170034177754877
0.0685223307755544
0.0887215566213752
0.0874052267802582
0.175966407488056
0.163269222609926
0.0625256056650584
0.175525050857703
0.0595519439126894
0.134481323584573
0.172911661628543
0.0854241129111313
0.233642681371341
0.094095632889472
0.174479701198122
0.0687817838978623
0.100129754471522
0.0689308509597615
0.0944598519637918
0.0765329043427655
0.160480189974772
0.175107842550449
0.127973311092618
0.0899592025575802
0.0514725317888927
0.100905340728515
0.073095179805383
0.0906451504063812
0.110832955554029
0.0696060150222012
0.0420646069375062
0.0582791156532203
0.115808570006399
0.152135167015308
0.107239189357315
0.085728259195827
0.110688570240509
0.184956839864496
0.0605451595144115
0.0886477897913436
0.064530424875702
0.0960553810954395
0.0433387715719188
0.0796270817886381
0.0985043800062849
0.126332565370588
0.136503821441691
0.0593539039311334
0.145470435323989
0.0662240283788241
0.0852127991282422
0.16519977227784
0.0753516642623184
0.0968562709377577
0.113980143712538
0.204837090181604
0.0603037842994875
0.196748202145291
0.128622249978128
0.151256600538771
0.163867542958816
0.0562233403413502
0.0397192428162861
0.116668973550896
0.0900496221852256
0.122258465561772
0.0572544299895686
0.0833030634590633
0.128692110317384
0.0382895336669483
0.117953881304856
0.140751986025415
0.193521435046108
0.126074537031856
0.0714502450577613
0.18807275940927
0.133606453351771
0.128375402465992
0.0944736251225738
0.216546541714628
0.122896179588722
0.103803550618391
0.102487126138169
0.224422570144591
0.0807361899614118
0.0750640955808262
0.127970637511892
0.104062620230963
0.0602598735281879
0.218608742716797
0.16996836363412
0.0971076209808303
0.110754070739987
0.121597408148447
0.11457127827316
0.0526821973551667
0.0916153379970833
0.119689665959534
0.0883633854386759
0.100028524722933
0.172094103989561
0.147490513100244
0.145389000040464
0.130725922823866
0.103833591170709
0.144550320063006
0.115840404712093
0.143377504333836
0.0496114278481938
0.157675573783468
0.0658039073079947
0.123616391160442
0.0773151861798618
0.109143230972868
0.148534599056558
0.190616578960197
0.136807213064002
0.128230971950101
0.106697868464913
0.147640739671368
0.0838421811343471
0.0709269348310746
0.102038806885836
0.0943925601580627
0.065563224830681
0.0585070235145124
0.213276867417797
0.0914884526627533
0.230725746532027
0.0890895538912618
0.116528336018286
0.160539230839479
0.113639561442993
0.0963298678384348
0.145603969202552
0.135147993174545
0.118813938026527
0.0755736197328671
0.223688044831524
0.132566021327204
0.110201390567532
0.245146934680411
0.111463902711221
0.0985861346471374
0.0682610911581795
0.0461829184609719
0.157760246190832
0.0813565983092752
0.0987929662314267
0.0994917877250475
0.108553021401601
0.158233443660118
0.158628331340715
0.117951595650747
0.149826947214784
0.192489904681857
0.186707724774306
0.10849837571805
0.154843836741866
0.147846404695324
0.0589536367588498
0.112221278126914
0.133406108796166
0.106832380368046
0.12422955233615
0.197478028964575
0.108538734902579
0.0859370467222004
0.173609149263538
0.105058332324354
0.10064944879682
0.043569915903327
0.0667778246146083
0.073010994214338
0.0881993860469538
0.100891885745341
0.182759482255966
0.0577036605426497
0.066149749877096
0.133161559935177
0.211374212755278
0.147159592946872
0.120673159316128
0.07052298472369
0.0949763046333063
0.0999184125539065
0.0848127589589145
0.1093254545522
0.0640204240601794
0.118116062918632
0.138786313466694
0.080269249180957
0.144761196044221
0.153754763831906
0.131214516351304
0.0829168095651971
0.132091599183498
0.137316058876906
0.103535324882495
0.116814028170755
0.0476738086175036
0.131109069537796
0.130343634810929
0.148551956469622
0.108167166082206
0.155648812957625
0.0691492399539539
0.10428375425939
0.135491413390038
0.084991460361179
0.104938393270725
0.0800562300230424
0.106386266948979
0.163595006106842
0.225544195706675
0.112515118715252
0.132373076775871
0.143538638733779
0.111029173599332
0.14169044658316
0.186807560256309
0.0913954704949712
0.101401384007682
0.107220463218855
0.142078868147092
0.14055496910438
0.131308544041913
0.103975437175051
0.119775520023957
0.113223989595546
0.0700243375422678
0.0868535927348097
0.11101863219771
0.146954750790578
0.0866022155904418
0.116108590128309
0.0865467946227754
0.0742292675762031
0.178439486298299
0.101521223288136
0.113501118151253
0.11226771002273
0.147049399540193
0.0439914993757777
0.114813800665209
0.0819180328604873
0.100473936781849
0.162091003854466
0.10589741948808
0.127725813427043
0.0636613569646778
0.188304928483382
0.0701614339907059
0.0414370063712299
0.121066395606617
0.127134647944371
0.055693392786422
0.0905778718332433
0.153287748065348
0.132602011465314
0.061046089120715
0.139938001254788
0.129441673551652
0.073050930554822
0.0634997148805503
0.0229263080608191
0.133924650974741
0.145105222381748
0.0995534268841715
0.129289649604468
0.227359415868141
0.131616748548705
0.130161007137105
0.113527686119921
0.0937488770062809
0.0968866920683568
0.105554845628862
0.102462351707946
0.208233688024673
0.117273207602498
0.147657284834206
0.0801468868841903
0.0993831818954497
0.153809783237062
0.20185165657137
0.102617930025512
0.125541126112507
0.0605910812390022
0.0983427382876639
0.177460864737976
0.172909384358961
0.0867844695825614
0.0449472906719129
0.091442362199113
0.0473361164927943
0.076759767789902
0.160493288383014
0.059503973485424
0.0831754228543785
0.0926586204763175
0.0407625415546208
0.105924128328951
0.135407928328331
0.070879369954844
0.079021795715979
0.138952260350107
0.145309194602354
0.057469828388585
0.128768040357823
0.101493553005977
0.129564314712229
0.0790199011274568
0.183579469970288
0.111492905657453
0.0859590567304596
0.19801670913625
0.0988513978359519
0.0920432075533063
0.170923567038181
0.102491101321696
0.130456855127877
0.188810670931896
0.077085958429654
0.141063293912733
0.0695730295316126
0.130248810174867
0.159703015668876
0.167715114851043
0.112645896959691
0.136151744441631
0.155817962147243
0.139448801028152
0.12807236719241
0.0874855600502774
0.147927793154418
0.131571698301782
0.089734922338211
0.0620953234559527
0.0957112951201152
0.191806115961279
0.173297774546983
0.167005383501665
0.0787934122424929
0.096110844476955
0.130622126973003
0.113884190666533
0.0894903468247611
0.158953076218195
0.130634912410443
0.177860830464782
0.219129107811582
0.154998670575073
0.112845444050407
0.122640112116871
0.113518837306489
0.0838590734568376
0.143789169625009
0.0968168039230054
0.104271304984557
0.110354891962101
0.1131092273556
0.137783977739011
0.0966918686601174
0.085643830173029
0.120824537912491
0.0842462281513776
0.0842552855383072
0.0515282674738446
0.0601161774382551
0.108670134910544
0.121476358296638
0.10330789592187
0.13016101058613
0.107217250712288
0.137803731436156
0.0609733850164004
0.082882526331631
0.0798691014759808
0.0908770816159758
0.130577322952715
0.165037996633092
0.133507546335514
0.110823942617432
0.0928640881877969
0.0991962881811825
0.0967295654088603
0.123370534061985
0.122424709751685
0.0476220834319476
0.131666254620793
0.142935632682855
0.140126473625005
0.152003118601151
0.107963528624285
0.0775382567667206
0.11365993708504
0.075649045643813
0.10735517230522
0.0553580299180981
0.0889404099558698
0.0920741042572355
0.044798638442169
0.206327494037482
0.0944622402018324
0.0710941644121523
0.107144023519855
0.102685489884117
0.14012767394294
0.067686430225839
0.0852109298105934
0.0773662822935228
0.147048873908406
0.0961160579899769
0.109263528018678
0.0627413880996784
0.16193015984149
0.123089124119359
0.212132323709304
0.0816801853489864
0.0750724575605788
0.0753867825932988
0.101810995347275
0.226260842717171
0.0551863087056832
0.197919283832609
0.23696944841741
0.102336267260812
0.0952621511936077
0.103958123918963
0.0576600976026355
0.107857086982027
0.115655297928631
0.128836293202651
0.108038151067949
0.0544876460211376
0.0612284021607061
0.135534158474609
0.0976197001220583
0.0793380044476873
0.107903301382485
0.0952930482836813
0.0986739908242699
0.114810444029238
0.0765518039748352
0.0853397816195718
0.112049215062614
0.112567177740694
0.118933280005413
0.035516036407425
0.0877796175470995
0.0836878811730449
0.089321457527926
0.118985483715277
0.21194836461671
0.0978790724412416
0.132954372811815
0.0709750055088627
0.0953079184771701
0.117588919810226
0.0928148645854138
0.0780258537663246
0.168632115305788
0.135470744584969
0.0915159027897808
0.126948572675696
0.139070870683817
0.106801535672488
0.0918220177528323
0.157855700793277
0.144810589518216
0.0612820946043431
0.108000406907342
0.161300095135628
0.138961953175324
0.0631438833445793
0.0713736892877616
0.126456696347979
0.166356429411168
0.070864361986687
0.106818012307658
0.0768940462185272
0.124391250887258
0.0678915318489186
0.0643996250694649
0.0798065100123581
0.0776365293389573
0.0973127590335808
0.137755071311396
0.0609810549165032
0.110078633630975
0.104243648331825
0.155088518329584
0.155744760467189
0.148746463571665
0.12887227605191
0.0605341647585493
0.106109493717368
0.10215724456024
0.0660522900116152
0.0826845355318455
0.159153132045531
0.163119387595457
0.104433481713159
0.162583819505898
0.154291754540222
0.052916597444576
0.135920345488447
0.0800103973442912
0.0627578735788264
0.179195156074443
0.0811374147485418
0.246496286788934
0.0897350448099168
0.142350918693349
0.135995960528554
0.067952921996348
0.21433268986304
0.0949179018523289
0.0784929157796199
0.0732722390795083
0.130947610920848
0.0438941967166909
0.0886119614811148
0.064795403849179
0.222562466017126
0.227622574264233
0.0648925809656503
0.0751619803051601
0.091530705951756
0.0960079743720275
0.129919467257979
0.135913671353307
0.0673836932106801
0.098657267646768
0.160202919610971
0.0549619320686112
0.0682214863634052
0.0984536150043246
0.148078471618493
0.0583775037777775
0.104142135080751
0.0843460005645187
0.111328623505996
0.0963276723872429
0.10849299769147
0.1375039049012
0.118749521764292
0.135087577826423
0.0919299036626571
0.156803628133143
0.146014722119797
0.0761133112188883
0.11573826297475
0.11402661752018
0.135488596708476
0.116163373751538
0.0905679221483844
0.0784958404616443
0.106483738902597
0.0669331755517268
0.0997512238223074
0.111852196992864
0.137888256779406
0.123630257372746
0.152766982283342
0.172143779762526
0.122592766933997
0.118693458672053
0.0929230161855187
0.0351711777782008
0.12244187606886
0.186746774450196
0.100948339106999
0.135321356575968
0.16479639145125
0.035657846277893
0.133525355624042
0.119594789085934
0.0680037391994456
0.1283626182884
0.130537371209679
0.149041850608715
0.0828830158858882
0.061803233958431
0.123651627104425
0.0919233524964657
0.175914427173775
0.0878199492295562
0.170380765530987
0.0960216351451521
0.0778052806520402
0.102159438454999
0.100027494272725
0.140731888638386
0.139742809222416
0.0694528401599823
0.10813339114676
0.061888349867339
0.254328672295027
0.133423952961812
0.0814757734766319
0.0845112327672898
0.105798972922334
0.115529871835701
0.183719504965337
0.141171338524891
0.0831547202323583
0.0945767649574777
0.0983075436581232
0.124703853522015
0.108753935966324
0.116615743893607
0.126132633206907
0.156169197292912
0.184084958167395
0.0804899911124478
0.161975149443847
0.0870599048459144
0.140481562815816
0.134100240218944
0.0786742123311384
0.0916405894721647
0.167613432726663
0.0808128040517958
0.111970191189318
0.143796831615056
0.225193596113183
0.0971937765161579
0.0988964265783287
0.0930664876497773
0.084277139402863
0.122439366346209
0.0951067495282039
0.0798210382855843
0.196050055394366
0.166224919020357
0.0655051836069615
0.208954801496685
0.106533632900015
0.102667879870836
0.123457638290383
0.139647707054136
0.169572723737185
0.0485402968301995
0.123012576650913
0.10158774099293
0.09956265561952
0.0964272470994107
0.136146509512824
0.0981452269417919
0.125587806139309
0.167804353060562
0.089430725040377
0.126920913571621
0.146728139645498
0.181934192766283
0.124986260797168
0.0897709194873422
0.181631846232673
0.117100627327332
0.124011044162557
0.0784283152685384
0.155962538696083
0.11654971886295
0.150615588468843
0.156510740876698
0.0916128499008634
0.101453241979951
0.129081331054134
0.0806833187166834
0.193214674438148
0.101442640733274
0.143552460170784
0.165322661658082
0.108714979590383
0.0954569010702766
0.0423579566622215
0.147623445713652
0.113733553450184
0.10313221665268
0.168822796795999
0.123158188393921
0.105651846051329
0.105496974099528
0.0850712207287827
0.117456667025139
0.0589128529127653
0.127235002683887
0.0598624785414223
0.064843733685548
0.0391302180838827
0.0836127452089439
0.11930482305894
0.118902264615486
0.0712272713513076
0.109685979878877
0.103187002786185
0.142188563917188
0.149763825847105
0.121545425917164
0.17367977018786
0.0898391525521083
0.0596508505157824
0.0681733280817228
0.0960609089500325
0.137356173548913
0.113744264868952
0.0890019998963442
0.0970395016587759
0.0713689917238365
0.15967529444838
0.102600740922163
0.222080175899513
0.154746783477061
0.0885806611305219
0.0943643337738787
0.106643587507657
0.0682132904674674
0.101555562777352
0.141579234493851
0.148005632558435
0.176232531241992
0.215451524762026
0.0940668070506441
0.0882054831298061
0.0620039080830123
0.0987282138994545
0.106453688357048
0.119007673714869
0.122830305471858
0.192924230209171
0.263577774244808
0.157753904254467
0.128778812657087
0.124765279942627
0.109344339270065
0.120354099338494
0.106137821594629
0.152059882146387
0.128541653999142
0.121501738181007
0.171367436597196
0.16104073012784
0.131683614721649
0.154455416378711
0.0708631708678161
0.078059513457196
0.143298479358813
0.18429851402979
0.0854396328419024
0.122487468880769
0.102031949614727
0.061009439443972
0.0785328128132479
0.0745979283698376
0.0682597929770442
0.0889228726107608
0.0596964140782554
0.102307083830937
0.153577282900589
0.0653164550599645
0.133757425657346
0.172863132965412
0.0922249394215218
0.0982456370251591
0.252018009438825
0.159202272720284
0.0836022622158974
0.0684663568122029
0.0805009760233447
0.127008640927276
0.0881284391474501
0.0776517153317816
0.231896185915492
0.129995865738031
0.12502053590138
0.0490304793500776
0.155177746575456
0.0605084347408453
0.0747548265930266
0.114586034190371
0.16805008083772
0.115949100068221
0.0526740250850808
0.0680071275275434
0.134883302148502
0.141582915882579
0.0518448450109795
0.1692738372853
0.0968970003267838
0.0988352541605614
0.100039295950475
0.0681676576184465
0.0852611291112906
0.044271626690702
0.0693049148955137
0.0784943440437887
0.0702322865259525
0.109574528453956
0.096777894385975
0.140334496864961
0.0839075026825358
0.081909959380028
0.10935025012994
0.135173325892358
0.0689933099433337
0.220693665321221
0.119084291146177
0.132855282126747
0.148086132370135
0.121968696173214
0.113102024975415
0.315599446843036
0.0846490735003752
0.0795378929754996
0.090995825571958
0.0623025848477625
0.145412241105386
0.128617739761344
0.112988200465534
0.111950763345693
0.0486506065978149
0.0743629114987967
0.0775368391008468
0.0972557183209977
0.184092933799787
0.0618561602012308
0.0397697926580888
0.113396016016093
0.127778033018461
0.123623141599159
0.164121459707308
0.0823702368923911
0.106466009180976
0.162750149478976
0.090154670395769
0.0946044835732767
0.0592369750174499
0.0792793082220594
0.0769178665568236
0.082059569817134
0.172712360460659
0.144650765143341
0.1012185405626
0.150172368430728
0.116972800905692
0.118416951750528
0.155756553473012
0.0620834833217937
0.0500795890240969
0.122976089114786
0.208615379486641
0.0751548555571815
0.112965896900978
0.0837402693370147
0.114160235496077
0.0864297510204503
0.180897276172615
0.105225307589094
0.0816700305702007
0.0955019406835773
0.111978714753606
0.12402502110057
0.0769106361424152
0.114628572423064
0.0572859183723301
0.0649274798520456
0.110316850842695
0.123025572597288
0.0623484291847832
0.0998539251848947
0.23697880905593
0.162373322944465
0.132936847220364
0.0670296071001715
0.0822953062654166
0.0811464363710429
0.086907184162396
0.158594204195873
0.0825117619790677
0.0461173604185571
0.14850500592252
0.0873521650066634
0.174331565917212
0.0815095262307141
0.158386015951931
0.125910102813632
0.11318764476277
0.0488669666589945
0.101868907441586
0.109127279237395
0.119763403706803
0.0770342619067634
0.110470700781568
0.137160671180872
0.132148758092207
0.124932890867982
0.0883201853591468
0.0949712123265662
0.108848465473994
0.111180915567694
0.192502168355699
0.133059030181833
0.13495974482612
0.100621453996054
0.107030435885213
0.129957130085054
0.169662413781855
0.0876474015961295
0.0706053809766992
0.223226189015664
0.13615827756792
0.152884619609617
0.12748056719897
0.120995164825796
0.147171812008429
0.168971738924147
0.111331079036433
0.165801663865308
0.0645699230785456
0.125102845629613
0.0728643318008845
0.161114429239465
0.143095479922756
0.103151249690682
0.0893550814469904
0.0924719923796508
0.107821968009158
0.0873260733641994
0.109866840225173
0.210779187965407
0.106677597322289
0.153002325585246
0.103928493997942
0.102764804987482
0.168002382938704
0.0603624940189674
0.138559134147324
0.0868718564029653
0.0582062585347495
0.112749819034487
0.121971649050552
0.0894382470969835
0.0248560187153155
0.115158543390356
0.0968380988829263
0.0889610298743341
0.12806008750201
0.114702538236647
0.0730444578373841
0.146794518029787
0.077102490537733
0.078273128415584
0.116633046061452
0.110803294662876
0.186440529838406
0.0566729000809574
0.075734528413034
0.105663628000069
0.117426500638232
0.0622525538854687
0.0549390473273195
0.100683526347367
0.173765843084878
0.0784844558660693
0.0757279005461996
0.168525180487067
0.104817311967782
0.187617480632289
0.137840884383569
0.148308083898011
0.0588837962590184
0.0849757870730384
0.142786447152376
0.0909303298375024
0.0879712654883741
0.13474839169006
0.138721871137467
0.151716917103321
0.0427491786667954
0.158114480180707
0.069107867936413
0.126307676968643
0.0396130963161982
0.13549327738309
0.139366360857558
0.0937159607160596
0.157475133238247
0.166792393217734
0.048004164611366
0.112436315693406
0.0790871283898261
0.0731282773227785
0.0484989829394609
0.211698831282748
0.068539303935783
0.125047627853249
0.164923755396715
0.105506570446112
0.0897668618886667
0.132861517353903
0.0728136700108081
0.0850810519544637
0.0798657747978165
0.148850832740806
0.0928672159168258
0.0579032578559275
0.0914526370905164
0.112024900499406
0.0970604692576185
0.08560006373458
0.118782573693078
0.0646730932134867
0.0623260339154335
0.0770257085788636
0.136596418090069
0.154431499409132
0.104638661178692
0.0698903894479799
0.0792398313934612
0.0815110584161577
0.128575547613068
0.104134868507803
0.154767723309029
0.16989380040542
0.101128016099928
0.0990460336509351
0.0701018876434645
0.077316127879034
0.088821968592635
0.174898341698883
0.121358099857777
0.0587859237369113
0.133361771367601
0.12300836634583
0.0658450646099551
0.0675645541574367
0.108633682790504
0.112324070118406
0.0557466156920673
0.186541291830034
0.131318517922237
0.17621691295808
0.169321454689532
0.0961457109790388
0.123573454553237
0.0786978337025031
0.0726587601666807
0.150567921477838
0.102741814146558
0.0844725276668641
0.0912396691325938
0.111238406598562
0.109476860645583
0.124785692923568
0.0867608342483565
0.139585719218956
0.286222152489048
0.0646697925017272
0.101453611408463
0.153922790760102
0.153802235511577
0.0719556313324443
0.132554922276214
0.119918493905645
0.104285023274363
0.0853431115454372
0.0753660612179067
0.177431838419033
0.133112448398695
0.0469869612080538
0.178701012826457
0.143996001455761
0.171169361201509
0.138910447882447
0.0531992099996153
0.0984861355674783
0.092623199029262
0.065389924112688
0.129634931165223
0.0730070628579862
0.10898189853417
0.0732727375773497
0.123222641104041
0.102086268391212
0.145596398552096
0.172275395829491
0.111235799323116
0.0879424518625763
0.131116790932479
0.0514757628910245
0.133725901440391
0.083057505769274
0.0711762532869348
0.100328455377961
0.0791166591936105
0.0656571935756534
0.107912696112493
0.0497821702677926
0.0905904880394089
0.149470940031376
0.0384043313751997
0.0863102767032327
0.197092254458193
0.0647290232375328
0.156801919996022
0.078643050575622
0.224278038362499
0.0726286412086385
0.103020339362675
0.141934064190514
0.16826090810174
0.0866851446207844
0.173695536265561
0.0739599211162476
0.0866891913047145
0.147335393327258
0.0679576684221074
0.0815530876989284
0.147976405880307
0.0491856154830292
0.0946074475226559
0.103027085145888
0.109609772050878
0.0800149102719921
0.0324687967175672
0.104351175658433
0.162799554485076
0.137894751141044
0.106240720185928
0.183625157673162
0.0726857093492202
0.0577621425118557
0.0447908950583873
0.148717623380291
0.1132238832313
0.0571693567468618
0.192511401810793
0.190828145942485
0.176014616050027
0.158359551771223
0.0609464353498595
0.0984649399498648
0.109841302686937
0.115051676491621
0.145874603840951
0.131479870328657
0.14419248094642
0.10160994843035
0.166292052798479
0.124658816207443
0.141139964100249
0.0811521484634641
0.137418727829746
0.0738699219965441
0.118655258683456
0.0828377142970702
0.119379009876465
0.0736949299221823
0.115736276171326
0.0766420950342749
0.0390106850868187
0.161155585821485
0.0612389176523644
0.217445343465723
0.124249997527821
0.1097575101356
0.164447745324139
0.0853801317998356
0.0888443455201161
0.152344731665646
0.0706875686385025
0.158839492666572
0.108441590423095
0.0731824475195312
0.0960604089134715
0.0663801229532175
0.0647646049001507
0.122009063562313
0.154170154107171
0.0722775927129103
0.143596729608762
0.0786725307837883
0.0813691802881007
0.0641592098705334
0.0272727009064862
0.0652570694290958
0.106041709526253
0.161096382337554
0.104597810652843
0.144868928639976
0.1754155533959
0.0740006407469391
0.132670724636461
0.0665956298329898
0.0944038704847561
0.0581328311979168
0.17714807385106
0.151028107678908
0.146386294413146
0.141405553512045
0.0924383465315314
0.145402814412099
0.0666241865477372
0.101801865730127
0.0946460472766574
0.157640825587764
0.125021765687548
0.0722567627375543
0.150864509925761
0.0883486741167537
0.127552553989673
0.119086767033938
0.146232114055614
0.069172427502015
0.159515862161729
0.122371233166585
0.0763185498624016
0.0662372371063179
0.118152221458211
0.108105346139983
0.150566847001694
0.0985785473984041
0.134955321633611
0.120485830217164
0.196822187859245
0.0956722376300968
0.0529438318134066
0.133116067469446
0.0983793805156603
0.133586452908736
0.126775189803901
0.0702428703095869
0.164067439030721
0.214591704243622
0.122404385583559
0.186552107768572
0.0626501152832475
0.078090406495892
0.145106424408835
0.0720081924989383
0.166373329954052
0.117361723921954
0.12366843690663
0.120205127060317
0.136082351488044
0.124163749721733
0.151964728615431
0.166724282100246
0.0593847645107542
0.165276709912471
0.113822004732808
0.196988177346883
0.0875836430506238
0.114929720377173
0.123807448208174
0.0780408534752575
0.122439973192787
0.145288647305002
0.17068624334016
0.0826571547592931
0.0662232037213857
0.071294009636781
0.0771068195729216
0.154321649922097
0.08556650141876
0.133268649633083
0.118434155832389
0.150813746605052
0.199856090819752
0.102924376090362
0.129156153403081
0.0915760169831963
0.101889382125088
0.0681819474809739
0.136756400593785
0.113391216330716
0.0535883257321555
0.103830597677212
0.0853617921732801
0.126237540423344
0.067472129004573
0.179886083394985
0.110727753687364
0.0460805012485557
0.105370884288983
0.0494330806847246
0.114455249122922
0.100459325278524
0.146936154277835
0.0993452056051876
0.128776435221172
0.171875373153339
0.120154453998189
0.0791728767455559
0.12281007990921
0.125432614115702
0.178810670016407
0.171256971499332
0.127834357219236
0.100222904912513
0.104495599238574
0.153837853774128
