V1
0.635685712828337
0.405294222630671
0.361671115800073
0.319339652900148
0.354456375436456
0.257895710151537
0.223246218004134
0.15449091298579
0.23893111269475
0.400216751454947
0.410282225997791
0.160659188385721
0.375478149456391
0.340803232171721
0.132033447281103
0.139826906984734
0.278276515379259
0.460135623158698
0.177401456301499
0.26109785984441
0.145486788089801
0.148584716785372
0.146832910787842
0.229342215520411
0.140488449999039
0.206014237191628
0.279886812111451
0.320892212129507
0.122683182328097
0.980495718504842
0.685824167299998
0.731186296593824
0.537899252159731
0.252778921582951
0.605110011676445
0.191409531950316
0.622774365470659
0.906104805744354
1.39393962390789
1.06037434347352
0.32606778166821
1.2100963687109
0.452701188130919
0.694865484244352
0.114313569150499
0.193302298885696
0.279034457835534
0.200606500238247
0.140080222868093
0.446895720078291
0.449707908136435
1.05985128382187
0.375446235170064
0.440975482640609
0.448177464001769
0.305449749496392
0.194888047630643
0.086390289459799
0.0905113519709154
0.0937072235868568
1.68043888437977
0.261591801427278
0.202586160292867
0.361342144789206
0.305996994185868
0.324902546026147
0.258890522420438
0.291536519422753
0.331990143088122
0.308109512235065
0.143100227875445
1.96948482815537
0.285266913042331
0.222330559016307
0.227530723808917
0.180118556082591
0.1197450954627
0.109918070976777
0.192230520409099
0.179537711715089
0.31591881909443
0.297208906069812
0.141662189890229
0.140436478887788
0.144684466615183
0.0757543053427389
0.129667733053842
0.0688276310891876
0.328847881961177
0.541881465391593
0.379025421860552
0.377041506793097
0.388325256724913
0.258396513451363
0.201450819368272
0.160884268768967
0.159995434264874
0.176206266749026
0.152484854899633
0.721990715204183
0.603929385080774
0.465690047628762
0.554560151092608
0.288722286280988
0.788602411178634
0.301450335829572
0.184254007096486
0.36950832810429
0.544775225318525
0.150946471257327
0.547417781141166
0.227740148395359
0.163878496621508
0.190845705883402
0.235534000535488
0.13532581009835
0.604724679340385
0.579562946507694
0.577117150088582
0.660547660109987
0.743956286931101
1.35077297139827
1.12305763860478
0.112973726065472
0.642759919531971
0.172046584280291
0.237337998459732
0.33409496502379
0.269181340028904
0.262850460439133
0.215809328406533
0.178329913067305
0.3014865120404
0.316896518012329
0.298746467522139
0.295691085407358
0.181354790106733
0.109673226781242
0.338818741648349
0.320799166880202
0.462940843906222
0.266438987912839
0.126695336468523
0.126471284067843
0.080811984615889
0.180994252927894
0.178319213593509
0.176255611411646
0.120357355385289
0.109818091029963
0.113991658992148
0.304821170670906
0.221746597891573
0.167150612792418
0.164270634646712
0.313884561250314
0.779805304555794
0.173647134762529
0.167309481325175
0.0842311898965439
1.00447040256947
2.08594710684768
1.34523806850952
0.568315248079468
0.568315248079468
0.20569927641516
0.417263651157978
0.251317047371103
0.252832010730649
0.224798687388225
0.160355829284326
0.120412732504527
0.269367139246882
0.244265385318011
0.142825739031537
0.260688257826174
0.159805152937944
0.183120659844411
0.210152882758914
0.144917596225412
0.178608324836408
0.198435731908941
0.165571856524072
0.197215152801781
0.401032021800383
0.450747483424119
0.170837921403881
0.157760061231055
0.367939042468487
0.162343632828203
0.293244073902167
0.218893493174542
0.4270060915202
0.509804479652736
0.636890205575419
0.133240435116804
0.22833760991698
0.229491336419541
0.220508287448737
0.450746581930054
0.181133672172169
0.238530045416268
0.213429225021424
0.190748399388667
0.190941152596034
0.133264420553749
0.407702719024347
0.308094107144584
0.120271931991859
0.232494200116816
0.274569736806764
0.224506638967224
0.242782329609697
0.253206479144804
0.315130008470812
0.251093474703537
0.638236100892084
0.868922796009546
0.110940639499392
0.280433123875926
0.328782118961304
0.438193800311719
0.431061287763702
0.537101601672574
0.510912467463646
0.660382543835354
0.162246255864517
0.172406537661694
0.14356175326631
0.186198866816162
0.195260639513595
0.157018758481061
0.24874176724342
0.193795848756497
0.155716224807437
0.431764922382094
0.163593595972831
0.220559010187741
0.205859784440756
0.190964066909177
0.211726485504752
0.193962584872681
0.180163591350786
0.16446952241747
0.641087708941523
0.363353169123268
1.00932941015607
0.206447321669274
0.399348424015753
0.567798884241883
0.230971720045554
0.399063391009898
0.176739214019929
0.480705722326384
0.685923619014331
0.254406982743943
0.324435023057195
0.338723885681143
0.331827507766916
0.324577805877257
0.2027645145783
0.334148424494837
0.323738237070965
0.305862385124592
0.309038319019847
0.20189449903957
0.248794008499681
0.76387432455686
0.533762123969672
0.185973702439234
0.175511624816363
0.391895913984331
0.330661528267408
0.259774846016707
0.218744696195889
0.291492792224462
0.211035270649364
0.29547235494441
0.295850801713
0.783749362838945
0.697725165123203
0.596228676561128
0.581308315134431
0.238611159420309
0.86768199209959
0.257594148618557
0.359554325208878
0.979450577241699
0.368767099823707
0.230077286095737
0.144268374811132
0.122520122154653
0.150054007453232
0.216291120207078
0.141146065397335
0.258492137850763
0.343451283929175
0.32456482302468
0.243056828704935
0.284150855644852
0.959006908755538
0.376454533496445
0.524969034518256
0.251073388029039
0.331366587944609
0.138968220706723
0.352642670361573
1.01221996098544
0.936084807786095
1.30883705675392
0.127720627251773
0.196754208858967
0.233010910577474
0.21325854992055
0.79591968219003
0.859175560599088
1.08262548970488
0.533905191389074
0.581705484331509
0.419393356972316
0.336896337435017
0.225309560029671
0.372536224094248
0.378732548419623
0.264956398631253
0.243662794322517
0.158623786990949
0.210737920598798
0.232443057018738
0.224567263943749
0.27675019577119
0.262485352108198
0.280225680127911
0.239031484838757
0.280270519823812
0.222294988972544
0.223268543742203
0.346009170479373
0.248838795451916
0.165204694703003
0.157105142551667
0.205081052486927
0.225458313422511
0.214181819683025
0.234059481846859
0.384292230074926
0.307103639628077
0.205592340597147
0.16719909349949
0.477221755451395
0.0892155435082451
0.0824568625971478
1.1096614846189
0.645381928642709
0.296837627034965
0.208013977920058
0.284184955793497
0.30948984449901
0.198425810370386
0.354938764056959
0.27790665362639
0.987900000920435
0.889787151923711
1.42264384048835
2.37267972011831
1.66761923250084
0.731363265089924
0.242306942275437
0.291702742607931
0.344914058079164
0.222452874457429
0.158305273392499
0.158573035499783
0.165909967867695
0.566589059958087
0.133763762674336
0.128813455834992
0.182185478174019
0.169327596429336
0.198449622896354
0.162299805964232
0.259904765916984
0.156212190569937
0.196453405092973
0.156863386831821
0.310702318633232
0.341280690839844
0.263155543887432
0.153629718064562
0.501778746736091
0.631589260744273
0.177538108027013
0.190312085324344
0.297675890539227
0.215960447822042
0.390981122583452
0.32317219059122
0.285792287358474
0.211895934463702
0.359266796775419
0.150934396022643
0.178862128815854
0.221356667119018
0.807927461388812
0.251565974446571
0.421454270380047
0.616438326191963
0.315092195138641
0.181696057803254
0.248470786428498
0.260511050068318
0.240289700059152
0.244018801824466
0.244031003069586
0.246888120107412
0.196174639228347
0.21904896273986
0.169089012759385
0.115228288611703
0.1914765370117
0.14199406756001
0.415493628226153
0.357560750434302
0.124888992030259
0.17418975987799
0.287236316383183
0.218565399066878
0.244864569212594
0.318892890192954
0.199241026243463
0.42480246769348
0.203964361281533
0.252738480190896
0.201813757389361
0.268686501754074
0.225262249989793
0.178763781692943
0.285638001184316
0.252236030718353
0.188252713135428
0.2007951590042
0.339711007754505
0.219298820949504
0.202963321201921
0.242544519472679
0.383806791557886
0.2283216268437
0.221964016075016
0.175933358594023
0.198596529966209
0.198624335426741
0.332854440559977
0.151662139286968
0.135365060274279
0.598213838192816
0.248933372162625
0.304495186450947
0.229266545075599
0.203854250259093
0.108794989283546
0.104933338696161
0.398529402714283
0.222328335721834
0.21069156335575
0.155200104175399
0.469554455924575
0.380875015873447
0.367427227627144
0.463987809374873
0.388240999286467
0.205760995455478
0.169676770804106
0.402005704566447
0.166950152357383
0.28750357041128
0.224659355399424
0.173739192137002
0.238866610002578
0.160080254320364
0.162655632026618
0.228851947952597
0.116605364314058
0.46550055034469
0.127792170833368
0.12862681167375
0.126437141430608
0.714188032837784
0.512027983583326
0.240008725512245
0.340095098163478
0.299434375188003
1.16987979006851
1.71088195378123
0.408658677783058
0.540720916083214
0.133708930772947
0.338961075407839
0.343234977763896
0.561726051937687
1.51165488342362
0.263437271016527
0.318134827566651
0.793728353760504
0.770866555627483
0.48738203369049
0.361349371704371
0.541320366892655
0.505632074334507
0.650157264481733
0.776651149868627
0.937382277208375
0.391525355751381
0.475210697316098
0.545380261551615
0.670579510096513
0.23488717183112
0.170747401295484
0.358262256756773
0.11708911118741
0.1521451925375
0.542945680480307
0.521503652881086
0.472543250872231
0.319429080522243
0.231554502777903
0.2972683537956
0.224342808926018
0.243064120519173
0.379676767530126
0.278451884819521
0.282606445821091
0.215887033750882
0.262094540160761
0.260912546158064
0.224457252939313
0.237340371851584
0.285543756195204
0.235621164239977
0.140916184714391
0.275226743287736
0.383588467612543
0.146950424115536
0.448728612716539
0.527806784866645
0.462688147197928
0.202320946176057
0.213156210380043
0.251425136939064
0.421317741315347
0.420294761821581
0.268015624445739
0.365847024060924
0.247667043846567
0.312075541589475
0.204552625335654
0.263874940051209
1.17344163589288
1.64945181602689
1.31408157557006
1.05541905859643
0.350722488248873
0.142288299705066
0.196777820780717
0.69091809040827
0.811615153549801
0.991989952774567
0.499293589765903
0.266058252450859
0.187640008541726
0.204542397960074
0.177792169131888
0.198570714095381
0.121549948732652
0.233293024423729
0.233293024423729
0.218329475857351
0.476298747892452
0.549362370312069
0.498066837059559
0.53293436765832
0.278031739762792
0.191829178170176
0.177006291826096
0.271039693052374
0.323518169901074
0.356585940806188
0.361338531385825
0.465753385782136
0.381222532331342
0.496307790178871
0.561496914455721
0.284483506708882
0.148018205891954
0.202312853500065
0.301700643471612
0.33331076365349
0.299889861520205
0.172199773899569
0.17900885591137
0.197839338378441
0.425483972129064
0.436083299492365
0.701421001125427
0.142293991350887
0.187998743440811
0.281171633706464
0.333764374677639
0.268998358938306
0.165966386847453
0.108827632676596
0.145894721937322
0.213092273107999
0.241721268426316
0.281109782750903
0.29138495984156
0.304388631783844
0.227021625390684
0.177236549640621
0.501710007756516
0.480434680739904
0.338321043995524
0.386799812557925
0.601853029814651
0.412760399855097
0.41012019652145
0.174398913056653
0.311286988409647
0.205649914512486
0.19230550493309
0.120838540559323
0.104780247805209
0.111121620200977
0.128007042121712
0.197274326223191
0.221992873272783
0.183591885205434
0.241953432264817
0.242668248725888
0.124827811414639
0.292029632703935
0.138675306893778
0.550497975715803
0.264635995272034
0.165802161429469
0.15171978185129
0.327178298935438
0.247912355629271
0.387376961235868
0.143545962341967
0.503149971120597
0.404553616987798
0.428972699331933
0.237176663480889
0.401937369405324
0.530637587591257
0.433504977805707
0.524510412029309
0.607724271925976
0.634406730170554
0.744351432621358
0.7683245837718
0.866415234301031
0.176001985985346
0.120853042054262
0.30850722997864
0.553317113323546
0.611041744830224
0.199119526278712
0.798974698640083
0.92031709485765
0.870021808853495
0.342765067806179
0.205997756711881
0.150975153811623
0.144053574998264
0.162774413988138
0.244175023843347
0.152797769480037
0.301724780488557
0.346154524853256
0.285523768831836
0.306821234206032
0.446872482105039
0.351990884509213
0.21813524906758
0.270000896397104
0.267584466465689
0.163808044016356
0.270327795215645
0.372404369610539
0.203846096252164
0.22040687696271
0.222748933616156
0.311293214211673
0.229534943916042
0.333260770788501
0.559542943961253
0.676847019396292
0.366520802271054
1.03033016559705
0.464277892397234
0.473004678225001
0.328821575182906
0.12236829135773
0.100198706459553
0.118538200887318
0.160258042056599
0.179037499619752
0.192688573915128
0.461011172924703
0.4755743725876
0.158787253662433
0.163206338232064
0.585560951347765
0.484708305953768
0.407880924047522
0.120466930427773
0.125552660856872
0.10814958109077
0.31303821601516
0.239708902034068
0.430175506033611
0.478201541699159
0.13974163858098
0.509545564747026
0.538384656169477
0.514216960729825
0.265606337658103
0.163281430417529
0.17303005002533
0.525930081491937
0.520599628511255
0.118846801216207
0.393076904698975
0.492081955570168
0.804703815759688
0.413505691667526
0.396977370968047
0.283160897640185
0.181959708187404
0.145212077743363
0.138251609043006
0.31233154848206
0.263052933235694
0.131149157058282
0.111391974085
0.635775986608845
0.897279384480507
0.240479603924349
0.266521596802808
0.156822607652768
0.166713251380536
0.295590567527328
0.157747440930976
0.129360784404329
0.142301106228325
0.169561429820339
0.204722474492332
0.217353547517264
0.224495413915904
0.174336140747646
0.426901060940977
0.119462830241378
0.124854028007682
0.141297172515201
0.535242159454409
0.425414198479231
0.386449144180084
0.492847738252809
0.277262657514321
0.279302459535289
0.324389605333282
0.626179003922253
0.498743172547291
0.409476403524523
0.581996991795681
1.32637678104214
0.987692069855754
0.551390505190141
0.208111767468424
0.183725956211598
0.37383117022403
0.167532150977833
0.347114702118667
0.180567610127508
0.53173874026074
0.447004775938264
0.558705376126133
0.149631451236508
0.178649409475673
0.37355762593685
0.30685191786361
0.251883147351342
0.135538438489816
0.0946622486280594
0.0994987696719568
0.107651082444683
0.0923573487976883
0.115146505563207
0.25576147682147
0.282355037977396
0.246222421280949
0.184705982858098
0.757415726449106
0.235852186163185
0.334405817865429
0.12790084035658
0.244668755892996
0.527923443056356
0.146505838218242
0.252458096119832
0.211457763542725
0.307521584716212
0.253726084840919
0.206230665745786
0.227642241183108
0.159520952778894
0.187737606719494
0.224899869561831
0.215356604343521
0.276009498224568
0.142342379533471
0.19482764169928
0.392528159650771
0.343825849930044
0.36948357187565
0.512088406450268
0.246106723933954
0.255751246567003
0.210165492310162
0.192107532236451
0.205343724308212
0.170344912551953
0.199727767930867
0.186342295156435
0.297967755902625
0.244551343071498
0.335370294801022
0.232522101094855
0.487855999337225
0.603509799980854
0.424845374909495
0.491117928392875
0.125970188403131
0.133571281475809
0.487458071218518
0.564051341837744
0.203343217705094
0.309765413070438
0.155619710670531
0.148559459530446
0.203831827524838
0.231610082527873
0.143977246832266
0.133304405877414
0.176612007585646
0.424760414330854
0.349001171518085
0.200295801016979
0.247043708628317
0.13369288666392
0.295516679121882
0.537858373369981
0.472494581423911
0.506760385263567
0.177632228163901
0.141555983080343
0.211641811846411
0.205855667286239
0.231124211697494
0.256745488986667
0.126036970298624
0.122335256378986
0.287448949922013
0.263252929453889
0.116117809977213
0.602881873171685
0.729272366611361
0.733119178698592
0.361548168522922
0.581912026437501
0.591241331851348
0.461093701310727
0.41498413018529
0.240510868305
0.285795145295637
0.306490046146833
0.19542277312053
0.35976292720623
0.376532467650785
0.393672473864784
0.15572556806122
0.144609250250493
0.144561537071018
0.45695973463014
0.467406476749361
0.325308928144589
0.456825865040746
0.413476747282175
0.38737270011273
0.384579019037545
0.375264563160414
0.313586512512692
0.237722797620402
0.381700121850474
0.182138116107029
0.195522464153874
0.17648312786693
0.108203669402267
0.122360949480507
0.465524291478151
0.418544526187023
0.150932886686229
0.258065977502282
0.346445416811651
0.192238209783702
0.142476244276805
0.170447150167702
0.431072495502884
0.194522002291528
0.755412742726312
0.49244918566882
0.938932769794546
0.684694859877194
0.685196925193943
0.197778017688741
0.34057497048237
0.310177675163343
0.251354747755667
0.581807873506734
0.315177281517472
0.084751655414321
0.535352966049503
0.571925809320368
1.76509585907303
1.56182342366716
0.852213667621892
0.300442166830464
0.280958024446647
0.3341450830273
0.287900599225321
0.37969043613979
0.204090858395581
0.350722488248873
0.268622024731205
0.301975316014223
0.479038648031686
0.45534313563606
0.372262138309256
0.181910585698027
0.414285884997516
1.25548380463719
0.557012832901381
0.209926040162586
0.396973798187785
0.337381817622768
0.23831069868945
0.319033233937999
0.20395416331842
0.423533781778209
0.398118730637917
0.349671897458255
0.650202126880717
0.201329985130548
0.208401243964762
0.239850372015809
0.23733087842658
0.200714857002069
0.208954239656943
0.235750791524544
0.130468951508737
0.529269248625895
0.457077645451517
0.487123302529802
0.240107149265195
0.153534497160892
0.177121383316465
0.164407035872147
0.177419197334166
0.160580484667398
0.131518204458376
0.165739168577525
0.214213949365643
0.212726069423703
0.208068068585799
0.191927036002669
0.155857991065876
0.204425842014837
0.186885340983805
0.734568519829777
0.796754243250577
0.605081572174229
0.396028935877278
0.264898114635029
0.25640680851949
0.269092524842006
0.292827962826011
0.528082900012947
0.249658823295083
0.202238011590877
0.202786819901674
0.120679138914015
1.88631652713594
1.30177927270214
0.359234464218696
0.138732175426857
0.577737306872359
0.331161204335581
0.233048195305865
0.235621164239977
0.320895421067673
0.227879112265552
0.220228419677328
0.274674093133197
0.221367735229075
0.173558597302771
0.160802238711337
0.177922004799607
0.165701052952218
0.209184215784247
0.151024983833882
0.151024983833882
0.18753120889172
0.18753120889172
0.167033648305809
0.179293706388388
0.160832794039356
0.151147363627913
0.294982277711843
0.271843159086903
0.255179004924606
0.382499091837275
0.0870519684637052
0.259038132082975
0.179299085280263
0.255424094393456
0.294425287728304
0.154271691573389
0.15357442132007
0.20532729746735
0.152367486753896
0.13116358425904
0.132145723421892
0.161779658869811
0.156645498191811
0.340970266675596
0.439110143948261
0.131120307417306
0.528535661038647
0.255005542185272
0.25278650506435
0.358778526031169
0.381642107841129
0.145814501902788
0.193615702398194
0.191222042493844
0.182681697226628
0.371116592591706
0.116331663432415
0.653860665446016
0.391421223856907
0.0956987540441838
0.587325557769324
0.743426778582148
0.655579959999222
0.209330695997389
0.285740849376306
0.306726134364665
0.298833116561224
0.297926043336746
0.18646532166552
0.153385640905601
0.152564167643707
0.286556372365281
0.490459780637598
0.470062318741827
0.097398935261517
0.256714681376482
0.32008778265838
0.492109020822012
0.217795223368037
0.441482454669818
0.617376642294602
0.154254722620626
0.15229893680975
0.596644392808974
0.337901785894713
0.228680373340155
0.490624602812467
0.305159710024932
0.536588914490071
0.267541656375953
0.209926040162586
0.490836598428638
0.289957766316085
0.172418606541737
0.195784639874343
0.298191315543938
0.364474022111698
0.290021564042167
0.198277046805918
0.318873757193538
0.287871810604854
0.186517539265709
0.331359960679123
0.160142697795235
0.249396819106894
0.100064530111128
0.173419805948873
0.235223300761745
0.159273886827663
0.279699350753904
0.292023792169686
0.410929340578312
0.476565073323547
0.164183594278085
0.421641859265798
0.460483156731598
0.295634909438017
0.464185046103694
0.626500942661437
0.763084123630463
0.377550479010336
0.126371411208403
0.278989815893731
0.36988282969369
0.113373228024595
0.101178398345251
0.0882227864114206
0.0804644344707676
0.492115418280866
0.492629947687762
0.155934380195307
0.19990560476998
0.23856344196033
0.250211179423273
0.198968252929894
0.274300790270021
0.193867566487499
0.329143978278299
0.375144497711699
0.393024235922632
0.525295141534441
0.125170308624815
0.22074435759131
0.249506577852454
0.21171589944513
0.190108560298353
0.171817914422362
0.192717479369071
0.328039910384053
0.234525723972785
0.168181756578198
0.101492538045083
0.461916564744919
0.219016107859627
0.155327420453363
0.140821802492208
0.231600818309857
0.260776906903324
0.472937516329301
0.501726062733642
0.292228280386731
0.317121594432792
0.283906590957868
0.330992355181564
0.554044649897302
0.199392506978796
0.198741558362008
0.37574671233304
0.99602726228505
0.353090811062044
0.524125562643883
0.235901720323184
1.21167657533263
0.504565306297091
0.216669961056501
0.167388135263626
0.209905048608165
0.367023279888742
0.661091514599683
1.00945673499807
0.524862476620242
0.526637933375225
0.186262185194394
0.24536460279463
0.174784760859287
0.189304206437902
0.190925877914821
0.189550461937665
0.22662468497042
0.263168701993576
0.110697945345985
0.256378605321757
0.277981698553479
0.225979724124019
0.221651267352015
0.22887483429169
0.202869979544396
0.143240534837945
0.157031320484213
0.154681053721343
0.131326327983777
0.17369923671786
0.292977343175803
0.36909323407005
0.332847783537736
0.408213482499782
0.405326242139012
0.683369889581614
0.635071301859613
0.487409815258177
0.656184683457017
0.53918043784674
0.490743348333976
0.437426756899805
0.431750674374749
0.244262942676371
0.291495707166958
0.259175458681313
0.272033515915381
0.604306354619329
0.147864346978329
0.452638267038886
0.341700724357234
0.347555817839551
0.378670062704347
0.347774846991728
0.447503911734181
0.768140207997673
1.01431803502311
0.382544611937596
0.185704235981092
0.900701837603205
1.47499411506886
0.184571196693548
0.247429397572936
0.496764106683364
0.868735997689943
0.336132450089197
0.247835514709984
0.189007232019713
0.200959878560372
0.213299072894596
0.179451554292901
0.279241019752815
0.189774263499704
0.257818353042638
0.19329456694838
0.289902679573891
0.243945607163667
0.491911724665186
0.304662704866837
0.351530078344443
0.273695254886581
0.21551171693248
0.220470804226035
0.191831096471549
0.22450439391206
0.241788959857833
0.223460637278202
0.252569202123653
0.195444270807924
0.214866150615333
0.347263993535933
0.195313367004154
0.211584676270862
0.246239657453698
0.330354155996379
0.22078851087801
0.323055869541652
0.329061702568621
0.335618560666216
0.213331070155264
0.257576117659245
0.271039693052374
0.297842635722223
0.346272237401706
0.505620950551234
0.13091853754656
0.428944817012662
0.205843316316735
0.192515232214071
0.246160873369439
0.331204258090578
0.319173639447879
0.271671951832626
0.210845424349429
0.236944344205716
0.196537898221884
0.4056218326992
0.474677809919442
0.283651189973688
0.167968301320123
0.209930238725374
0.125579029684282
0.281351641148273
0.528239235687889
0.62748783162305
0.268780558488656
0.330740896558006
0.147191620538092
0.290146300131042
0.173388593193034
0.182167260537099
0.269507246584041
0.266582903820109
0.182282062069923
0.194001381269166
0.176562563146067
0.174734080627626
0.157180571121501
0.108746042552209
0.225352372913172
0.225352372913172
0.24286246099942
0.237860716835728
0.112660095255824
0.193151581879839
0.255429202926429
0.176021347268656
0.175518645421767
0.198675984468036
0.190803724446235
0.183821518552883
0.275830150345097
0.263295053292419
0.458200233206788
0.481796718375674
0.232482575697423
0.349650917773805
0.303996223606534
0.470501562042222
0.389149379530683
0.174109651014898
0.174109651014898
0.190087649506835
0.154012732717892
0.377979998040267
0.469182716023915
0.256258135689837
0.181202516047102
0.337935577762868
0.190110461393462
0.188689966447622
0.170665462209816
0.160225993653135
0.287871810604854
0.27479772429003
0.239062560951689
0.172299678738034
0.161621192465339
0.142483368267117
0.196425903541414
0.244800912700304
0.102878150079174
0.26747210458742
0.297723522492168
0.224787447734849
0.160314142188269
0.361497555322336
0.318386253380549
0.618402957015869
0.1630252797027
0.194280944495408
0.445800828310708
0.621801729450488
0.30431254413725
0.519576615505109
0.67008681524413
0.34241220154366
0.182659776738217
0.314044683204179
0.215216668034925
0.182429770353978
0.23815822863791
0.449845989658662
0.355802314041918
0.473340157455197
0.317270676613744
0.387339774832565
0.543384014488438
0.430911735445675
0.257069192192985
0.241999407784484
0.207368059372684
0.181492672135749
0.240292102968167
0.194710780176224
0.253464881516338
0.432892867829609
0.44217877957828
0.280242494173135
0.295871511993971
0.542947852267373
0.188625822764074
0.32799070808776
0.114273566402186
0.222130551530062
0.206354441274179
0.2368116925189
0.300529307693659
0.141093851013394
0.127600626271454
0.144645407082472
0.144294345455886
0.149290680154344
0.199809673105132
0.177605585327939
0.192486357094927
0.145318121261291
0.862716626890712
0.574231301238816
0.32162146483972
0.216947476178441
0.222601967824016
0.322729747832601
0.340772561261037
0.200823272294345
0.205983337373594
0.194829589985439
0.183764542713843
2.45407277128645
0.708120501437695
0.32592108417587
0.319780645836291
0.230464140803344
0.368892133062484
0.378599636622512
0.135538438489816
0.0872314803525045
0.23873288214827
0.239143856041795
0.220072112994796
0.335125563823492
0.517936308938246
0.515723762933507
0.293531593956407
0.341342126893274
0.263087132339908
0.193238519651216
0.383466122406472
0.325911306690008
0.599722038664906
0.796289074614981
0.809646132685777
0.409112131650415
0.466208182991595
0.408053086121113
0.478728810269734
0.287279405062211
0.420849496379439
0.804352237017751
1.2558077612474
1.0207911868506
0.9999324411822
2.66804234668965
0.365883610592626
0.171419758899894
0.228278249855544
0.120819207939484
0.240465175580968
0.812263893194463
0.520055886054376
0.182933971998357
0.178185524323057
0.141952895250691
0.174255964564838
0.171125170333379
0.373971009229958
0.383296667832588
0.408181234908461
0.220550188003779
0.20170884151601
0.252152806560958
0.175522155829779
0.308374600387154
0.124050070565159
0.578041276632812
0.251797521638439
0.285635144818586
0.156423219439643
0.387867691035212
0.340408129626182
0.188969434353202
0.180625401008797
0.177749504131301
0.243579963054561
0.249751214150956
0.420615989713042
0.514329072246975
0.647489954379895
0.322471667280321
0.368067843672247
0.433256650605962
0.158215065098471
0.15385110421835
0.206447321669274
0.130701393054025
0.167424964704474
0.359090799167934
0.338287213582673
0.30657280963186
0.11031007666557
0.259546344707534
0.233598838550243
0.552538038497978
0.32600909474949
0.827816307545387
0.24473972012152
0.279693756822828
0.233626872092848
0.127238754593851
0.123232803641579
0.122652515366045
0.130074228892421
0.241871182081171
0.219027058938795
0.18207437892105
0.185962544351834
0.185031351628458
0.223478514844278
0.148474804767413
0.491677138725715
0.219977502328959
0.19681127585385
0.254577492536783
0.288364492523975
0.484479093138156
0.255133076837371
0.162431322063893
0.198314723023939
0.19507913153314
0.333344096396465
0.217723362801971
0.362833945424846
0.231383215829834
0.282055900208167
0.252655090252529
0.503993957535249
0.533845397356166
0.369337285347832
0.223632768230819
0.227687774184493
0.229957677008025
0.189578896639505
0.276324328471689
0.343159474374466
0.222314996421873
0.203976599510353
0.243185682967512
0.2524530470084
0.219871938465195
0.257722977897502
0.207862183128017
0.298066101488202
0.265797643082905
0.137518063444281
0.126087395171045
0.38242757119449
0.164425121640792
0.264178570786478
0.466895880561922
0.235322115297665
0.425913502118381
0.273654203677265
0.15852071503142
0.137873318129451
0.61419181336766
0.144206352745663
0.248567708933866
0.186549249942716
0.407195444982776
0.30191794615449
0.191955827217356
0.247172204762904
0.195581129692511
0.243657921115363
0.137392978928633
0.103186216077066
0.209002304659328
0.203884830690107
0.286585029435347
0.748164055141801
0.143147458743309
0.241890532549746
0.267833435772286
0.152623679273102
0.17737662183607
0.109471613584987
0.18353314520107
0.184639500671781
0.221062458443888
0.187653143802052
0.21243058559604
0.251128630250827
0.218449590097461
0.433360644680897
0.403386548230867
0.349941248506143
0.261335567037237
0.4487322025598
0.179202289911313
0.315741954082562
0.209062924117076
0.161407993233734
0.263339817256308
0.631271019960272
0.12115070651489
0.134834119569247
0.77463370505217
0.597978786345119
0.306312333461728
0.523893426441597
0.201791559096977
0.244360667397083
0.244021242024685
0.276465289821298
0.145821792810155
0.384825228388317
0.383438513839579
0.379267317236119
0.358208521448509
0.309672497384567
0.368084407097886
0.119982425631047
0.117679553133285
0.198209644069119
0.193126473806254
0.402872155247841
0.196260975062098
0.144816189404582
0.17021720176507
0.112563249223667
0.117992997440731
0.260664796938726
0.408621082914093
0.305434477390723
0.223447230042187
0.10003251458425
0.148449566195942
0.213186054338524
0.32115224011845
0.151079362615656
0.181372926492548
0.445108146722197
0.777448402869244
0.237463820938928
0.152620626830041
0.189692678108516
0.153327365435098
0.218596000364788
0.100552027386306
0.169748050015431
0.0903982834634914
0.0925329945710485
1.14871048978191
1.15440031344559
0.417240702288264
0.307540036564844
0.348983721895753
0.836921500189723
0.115649640364296
0.174688655672163
0.277973359227613
0.0760624930200787
1.54603563545525
1.91918573551582
2.32809887256407
1.8569883336745
0.780402083852757
2.12545521870183
0.391428269502347
0.267172703526174
0.201537461847399
0.176822300974423
0.144570211023458
0.170189969191452
0.189548566442523
0.12379479044859
0.717972508258883
0.298788294955444
0.504334268298547
0.0980742925764469
0.105083500710748
0.283673882976594
0.17371313321265
0.326446239758199
0.177119612111488
0.187237015895692
0.19155697404784
0.201616076786436
0.215332916419903
0.1965614841848
0.218952602397085
0.27491866189304
0.236373995881964
0.153503793331945
0.232043598593391
0.139189355933564
0.123049323490811
0.162092195111889
0.20378087593717
0.363596697319416
0.325344714094876
0.181126426970187
0.156564063707553
0.292333501506336
0.24274591499142
0.227822149608114
0.316095783178441
0.361139849835998
0.304708407700194
0.218716261233696
0.298045237591342
0.308386935617873
0.11567855638874
0.293346727291328
0.241040574678633
0.358609939744815
0.665429221947312
0.775843076696674
1.3616224954014
0.39627375740171
0.690989949626287
0.531286423081036
0.163544525255015
0.526486283489044
0.586989116624316
0.481658462558159
0.305666695825367
0.353985261817128
0.488038491604904
0.249371880671925
0.169490228973039
0.829636189655962
0.170964388252683
0.362500291699303
0.321020594689159
0.371175233645857
0.206410164495619
0.214763039611658
0.369641375049421
0.73801952359191
0.196447511579223
0.73930479542518
0.916982583332842
0.839450305139904
0.539854834804335
0.480041845862428
0.423973214116201
0.419665631604552
0.205076950906893
0.179046451718533
0.190843797435886
0.706495815312256
0.135104057656493
0.135986454156108
0.390350978380648
0.341195381331267
0.274383092851872
0.297024693659796
0.232391925170903
0.464143271329438
0.687582126395848
0.219423856909308
0.278184699279673
0.216343036305611
0.22253297190891
0.193962584872681
0.269073689024529
0.257241486263822
0.213954907239003
0.174078314098122
0.372116984382171
0.230427269490599
0.258869812007072
0.177396134337639
0.488147336324267
0.433741302411217
0.232247886833795
0.268544135638497
0.140757039359724
0.157537776292428
0.244908648802097
0.213486858692375
0.218576327610043
0.152522980878907
0.140179715141907
0.18140739062257
0.279157260011479
0.193619574750966
0.344070052965313
0.412255490193424
0.190855248407258
0.220863591734731
0.641903049458725
0.146001263967446
0.244842532393037
0.277623333357592
0.176091769891149
0.210699991186839
0.327063806568143
0.683868931729231
0.44217082043188
0.674486917075886
0.728735819623047
0.712818107364031
1.45687393530465
0.374814515767064
0.29485546259963
0.17913062332962
0.296158646598375
0.320754258140524
0.300935296239655
0.248066108948365
0.211447190918866
0.294457676291292
0.274309019417165
0.282284458040762
0.207496667433874
0.192011502479772
0.261892805042825
0.273252227522719
0.297601480868189
0.280506045967595
0.267777196656087
0.239469312946543
0.207048958332116
0.246836279045691
0.121968800568407
0.07447960123614
1.9925894021288
1.61862819936622
1.83046677017681
0.371111025884567
0.196764046815357
0.389924167918191
0.161345056389855
0.151295560648948
0.293499307256872
0.386045901802707
0.450958482616321
0.315401136846588
0.308741784592887
0.222644266216123
0.209747678842747
0.210318969131773
0.111189425067682
0.101989032090906
0.213933512818018
0.425994859366655
0.231112655775809
0.13002090938982
0.162361491610029
0.154986075745221
0.14443293453964
0.159501811413065
0.161443506898606
0.322046285493256
0.698066436162917
0.314459495902159
0.802647211242941
0.577844776005756
0.989814526871016
0.523874042743419
0.186756434576351
0.303637719621628
0.887862846551999
0.216587642112889
0.225733540419217
0.225167659710147
0.167396504879628
0.133730325913437
0.136971829278809
0.208772528524246
0.272373770425039
0.141697609865014
0.160232402821063
0.199675845461419
0.13361269499183
0.353758783730284
0.413723666598384
0.369253455299128
0.298078024370717
0.271718139990319
0.333087520236738
0.388167240503909
0.420303588104255
0.32522761107761
0.352184532744076
0.186362793936314
0.288834909932823
0.136869138920548
0.145446057491686
0.120113277776448
0.329186769776862
0.167450080332804
0.13967318195132
0.637734006680669
0.136992376594211
0.134529738539139
0.468076282290373
0.503314024750471
0.428708104812249
0.317064517682856
0.23648984752128
0.279271737954458
0.161556556916325
0.198342489028737
0.210060435830316
0.249883617378212
0.224199275463913
0.170057272773813
0.381249218842622
0.335850217385453
0.501764195363431
0.743284797627052
0.811254065154598
1.00167502128358
0.91764616852345
1.05646422955041
0.368067475604587
0.211792130889767
0.762443402107328
0.481613670404009
0.555368178774003
0.29655279965203
0.243387610872864
0.200851389520626
0.18251553249857
0.224767217774915
0.148705119162348
0.278934023509976
0.116987287960204
0.22482341660392
0.180592891362571
0.209263720891258
0.210716847860392
0.299820894783534
0.231568396464876
0.23199951449778
0.155223385937114
0.428348141210085
0.442216808588547
0.321869208736806
0.143005812885421
0.154319523211298
0.300926268316187
0.177745949176768
0.211698962850648
0.277667756644698
0.219180431554204
0.285366773936532
0.225010097501556
0.277234932634837
0.34389118304798
0.492781701080472
0.334422538574336
0.383676703106786
0.249189905628007
0.316944056055295
0.243982201749266
0.293543335454993
0.309090859999937
0.409076540443201
0.170055572209588
0.261722630032417
0.251674171076192
0.447223414726525
0.490052377859187
0.393192879491302
0.485325732535887
0.263988430674167
0.150670491813137
0.277412419781552
0.358129724241801
0.330793819335165
0.237480443988193
0.203638279238681
0.360977373463497
0.401807966407377
0.21919358277463
0.303604321309411
0.473195337525595
0.58302978776521
0.87038207245178
0.23974246362961
0.166170651100038
0.16141929218872
0.123720535852927
0.139657818746297
0.124675614343804
0.122114029835359
0.15000149774036
0.375428589611685
0.169085631012947
0.141462586955622
0.170174652783473
0.169636053265414
