V1
3.29159287929236
1774.15352093844
30.7047877291075
42.6461486466749
21.752131358154
2.91524499028143
9569.45903784788
473.395230158498
17.6211100641266
1.08332474465557
2.72023317963156
26.3415113529238
3.35221095087542
25.4300909916366
4.21654356259245
15.6465523127459
71.41496635979
167.607408163179
756.40599097727
23.357683910397
1813.04807230218
1025.22760048153
10195.2813046179
1.80551241951527
26.3224764154117
1018.81303468194
15.2685673921756
84.8459615843673
1712.19277037672
77.078066433608
156.543639196514
114.763358453647
23.0410823067594
197579.095986656
23.2010560375304
39.7007637425992
6.034225368954
40.5975987648047
88.8587298660232
1937.8729034042
139.975801199764
141.958546601887
38577.3161469367
175.477402148214
11.0310269531057
893.784077188196
863.844980367425
246.225993726225
20.7617655150697
17.9098687877423
38.4592084752002
37.3699861495183
3.72047359855845
65.6711525567347
18.3840863861226
320.294674785899
60.8400030111684
3.20863347822991
50.6637066067692
171.14476096115
22.6074819951695
4.62277015877981
13.0204471889788
104.004486130742
133.768722495603
57.9783077695983
107.339779766133
153.290014732514
80.7395922641897
2878.56452414778
9.08907957493739
4523.70066170916
66.7954747592612
142.406077929938
4.32889125301963
1.90220383400797
6.90142710668762
41.2662724164538
11.1857990872977
4.91689920600914
466.779285297841
22.4584598706466
1150.03935250539
13.8671757445904
27.1739096085957
271.07063936133
348.060935627742
64.1381183962301
1160.9336970109
121.728045196393
340.089981239382
53486.7134287683
5.25295456376241
105.861785052746
90.6537980245109
74.9783531451469
471.154625636474
1372.61718744823
8.27568327378824
115.545370115628
2.39521796138136
36.8940513694215
1175.1083794253
4.38970322524738
7.77273794974639
3.11133041435065
1.93753546184067
6174.97621919207
1146.07062556956
15.8543710036101
55.9406516483146
8.7192594654024
6.99641887734728
14.6493638364108
136.786112136188
214.161002438594
157.940425580197
875.025000265884
52.3262251954939
19.3670948619291
1194.24485670515
1.44704105822155
22.0877167383844
2538.70158846518
35.0808514822333
996.051018042802
269.26072616805
2.59826477806437
27212.8871410065
88.663798309393
86.0408303448368
7.64048237803062
12.5285668470974
2.07821669976766
15.1691887026935
26.7133356695308
4.86959534799816
14.4500600349773
73.3223812536575
48.1113473162489
1.82535946215021
2.92764230711078
144.075543410559
438.630242133335
8.45187601218215
88.8375872237374
2243904.93191344
85.0742193066491
5972.01724798764
59.6581358686802
796963.097170146
41.4430956057825
136.536338084072
296.588802864795
16.9867147053659
912.998282760901
7.78226847356571
4.13023882494305
76.7166690498801
40.6419951079482
22.1204387098784
6.12943224091152
146.968366156153
11.7706431672443
9336.25682355378
168.398657815432
26.3106740642176
24.7844828446898
69.0724463810259
10.81572044955
31905.953895924
1070.85677201108
2.97601659017353
44.7502637891558
107.87240762251
1019.4898650805
43.3515687343391
299.519473062211
175.436661824219
211.228953918682
221.971582809411
649.862321079166
13480.9358896294
7.02685788319558
313.78660691774
68.8532974290799
45.2843867027227
32.6002836581225
782.986378904614
1005.39893869301
270.151127253563
313.043478068971
108.296354957564
48.2976896014432
22.5299420226813
179375.616505484
6566.07065363219
969.9990507421
55.8621013768405
202.383293973399
11497.4498114173
21.1986837940235
17.2373640142681
25.410564998843
14.1623579103221
37.4123437508936
19.5763071097365
18.8010252843486
23.9906189180233
11.2669050937716
13.2809895930202
63.6577276159757
31346.4815488919
17.3168064200081
9.11197730211687
32.4096353103669
234.137618386659
9.41336889470965
47.9372215831194
111.861851430103
42.0773736609311
23.968634678587
15.9345449302507
5.366114502985
39.291508705105
18.9005799593142
7.15723836562366
1.78780498712361
504.019632594144
191.356732824022
152.665707250237
8.54795574139054
1194.30780726633
660.678231812851
31.7667630206774
156.705859609121
594.841204867279
76.8532143141103
21.4590607811163
590.652292591265
6.83154230465246
294.100192506909
109.363079523632
20.6282996406148
15.8848002579989
77.0938013579494
31.2046478454665
5.68654205716374
3.87958479548831
25.2699065181548
33.9548527375193
7.88167811103518
12.2616143120286
4.66288777629662
394477.964650958
150.823058085352
164.130026912862
4222.27137134429
4.95783524891589
953.464236601534
7.071235111612
2.44177530879804
15.9308803884616
12.1427965499341
3.87033184971486
38.7085358777536
5.96404931615896
13.1530828576887
476.515787980329
8.9228657954806
172.747801341087
6928.64145371502
13.8373195073912
76.7489832581507
2.6325685541464
42.5554293978285
191.774705555003
51.8707681131236
27100.5984510636
81.9487485888149
21.2697837991761
11.4078359052014
682.525376390162
5.43909071114279
1.42034230728284
5.73307720731987
21.0879175312019
123.96747041096
18.6765286773793
198.546066514975
83.8822582133874
21.6975571132198
264.034667683205
398.373026033145
21.7541602480655
1.86589459875435
6325.08860388504
8.74094422196759
5.24302252031138
44418.2572304369
49.3665545459411
65.8902027821715
5.81200467895784
559.955623978122
64.6068778519237
15.7503247405845
61.4940192561735
16.1614936480272
172.879243577969
5.97565513824935
15.8963618987695
715.930543755379
45.241875452004
5.09624481513278
188.037217066458
1145.0528906877
114.043158683822
23.5273302883207
6.29662951582463
11.6232351774888
22.0145959655363
4024.16990640986
36.3307281421003
7461.00776289521
5.50517243317039
4515.64640195295
92.8198185504936
326.177275565248
48.7460171907468
31.8954637666822
658.252594317639
115038.630610305
10284.7511801844
9527.23688513142
1007196.2713013
146.079660097594
5742.60120777419
3.77112091580804
7.38435923517035
2.22555968964561
779.73183135463
466.830672945082
29.9858566785073
18179.0353306724
173.701739149478
17.9233659895137
101.614555129136
2.9973458341748
4.12127368650531
11263.9421161263
3085.39992988874
17.5180317675234
4315.507165538
7.62964462369464
18.6156988932248
14.7464977775048
159.22740061217
4.10278200290305
340.370938718467
89.0685164088681
2085.90234381553
12.5053348669271
25.1580846545067
3.23310851374904
15204.6979460818
10.8955579501495
21.3338468926256
28571.8768927339
1.73781765963593
9.11604843829464
12.5032953141768
13.9827899807877
200.320209151232
10.9673142217384
449.90288405259
11688.5084513082
29.8858560428641
2063317.15173298
219.297624550085
200.904143239126
767.311374961559
3.29278382251781
1011.64559962186
9.8537557976098
18.8376910853973
9.01078587503051
2761.59311009129
20.8377305752461
324.973933956761
1473660.41738464
3.47550915165899
52.3152940305412
309.336505548993
24.7083069850135
10.3830770665712
40.8433065940104
145.019690432138
8.28999150025132
39.0418604591611
22.9871588268143
55.3252523585217
8.21155043110771
681.175256492886
5.86945277850909
19.5706533297227
113.622699463145
23.7190197321558
14.9479432713542
30215.2640284432
17.2753386813394
27.0057203866884
6110.73333884853
19477.7935944305
140.427774342351
11255.922380893
328.758110476195
83.5231973040857
49.7183670181312
2.99478079807011
3.27980283727353
12.2696146519506
56.7572826760491
3.70930657745218
181.736166131237
10559109.6400157
864.42867717033
10133.2133626237
110.372931706197
114.807564285548
11.3211066272679
12.293351980456
33.1589934860373
229.140128288262
6.50181556110077
14.0151833568107
99.5665383755491
63.861694726528
24.6775805830023
17.5945441543505
14.9430852135909
668.201115803284
2117.24358110769
143.574554052265
20.6035914260227
152.478393066512
36.2680911334853
843.953565680609
135.301913221047
1572.41804032121
325.185023827191
10.1637994124359
8.75937492756413
12.2349262436571
1263.00215469013
380.810883514926
7.43039355450375
10.0876562303029
3845.62892028599
61.8800923634837
515.520321076751
5.57214778283049
480.572861482093
7.04670615863002
17.986856238501
75.7808802101777
9.86120132772634
438.169847377722
36.6552534527622
79.4506548387618
6.87021420703375
12787.8342271575
2.37631799771871
56.7817803682979
4.9363420148852
74.0777040539827
24.5437703076918
18.0712173334297
117.523503315753
1476.68409408946
24.3421438219152
20.1531300634016
28.0810157584144
5013.44152017036
13.3466848081441
16.1450492110247
42.2295715132219
13.2657571049316
4.10764877326359
242.449700086208
8.48109390054977
1.98021336390379
15.2106514198814
7572.89362896693
830.517913730436
1746.8873635641
29.1956108131496
1.64190413356163
11.1865374988387
8.61764197486287
6018.46770759822
16.2536917542017
3.52642031523447
26.6769325415494
6.69004270064882
5.22998851540692
1.2647920755823
371.659856250931
11.5695555526387
14.1830743914263
14.3177747321185
30.5603181370527
116.608879927228
11.110072454424
15.3877892185241
173.708084818092
55.8778924956977
64535468.1039294
72.2442160577944
170.859310493797
1318.77520677062
3.46349094003039
1115077.58962827
1566.86087462648
26.1670479817671
105.263013410681
2.32567494997728
229.821597578796
3.24198270079422
68.2334073636205
22.6181589104946
1152.56676917118
2.05627858995458
411.753269532954
50.4838039897774
10.6547089258019
15.5479479570403
302989.528949634
5.36266120174354
12.5864793238347
2138.83414424142
7.11773944978914
186.078808940182
32100.007986045
25.2678639369146
8.45343839709809
42.9551812480368
15.4842075079881
3.2099010574523
19.8609590870086
2491.53986548343
7.9713073220241
54.6938938577418
624.423892984838
5226.70353133784
6.82784967168168
18225.2696180952
1175.61383492758
13.391244321636
20.7478341898749
8.94127750764804
67.0904572113565
93.5028262649953
377.979933956984
8.62392363416219
9.38514852354887
16.5710373604045
4.92726998559677
2500.21647200117
3.98598843703633
1.81843043108136
2.38430292995424
48.6737955796793
15.1459137037073
76.3991378524395
3.58234093897006
197.419380006262
74.2399948134604
87.4692531065512
44.738848035308
66.1192063835261
623.629952533256
6.72449830967488
9.20096918229234
21.7788711234317
217.761366916658
102.764644877724
38.520727611726
541.466872630751
5.96429414404276
5.41528893825385
3017.64018937343
4.19541043800542
28.5841618231997
24.0863141506829
38.4942732402601
10.727601169506
8.53966531974318
77.7210431786509
103.358754177996
45.0033892317306
40.4218208688067
640.601601952485
12.9874831903423
17.511836421859
93.1906919433706
256.978108922147
28.1244812449487
4.32105737638054
1649.64443983808
16.5039993374812
117.182270975748
4.17288092805307
6.43171403313259
6976.78388022146
256.689792907961
104.397569674832
19.8522927682225
8.26167961310898
14.4483886827052
12.1879439830769
13.9935705621682
6.8527620356186
47.2647347357906
56.3434855926616
78.2680373734575
15.7291679863199
3.57559466169423
10.405767353421
7.11954594951171
605.680517694615
3.53677863852551
35.0967477333722
64.5849441994806
8.09423459496116
668.542427083298
4.66227155200282
6.31960636615144
26.4001970877154
1286.74292514676
96.4257716125288
6.55542543210589
6.93034951504434
45.0411255309384
63.5147236065609
155.536451458556
45.1009401122476
21.1964563618324
11.208854309165
73.7086006690699
28.9049822134622
378.213251803817
14.2316232230212
762.602374210168
7.03624914031516
53.7055689270862
341160.170208446
5.45473198557868
36.318407297358
17.372243172638
46.5184816792993
129.896482318754
133.508269958675
21.5874953524416
38970.6168408282
42.6906850976126
117597.515351688
44.7081673018799
43.7827627982593
43.9425164575183
461.857416379944
1016.27901699801
39.5580702696827
79.2908623452481
39.7809936708825
17.0707584668368
70915.7697988415
7.96941508604753
35607.4706640322
73.1952573187004
47.3499061100622
21.4811916915
106.371072956215
17.1405206909544
84.0899677033924
26.1325027287569
84.1826001123809
1.36087049845573
9.26073673247735
28.7423843836442
42.6847418838377
1010.74599814214
672.202026946328
552.110651619973
7.27183965431741
672.144404414345
10.5092873918824
138.801774887036
670.050236982613
7.58542037117281
147476.947141482
2590.17389057753
3.17675450357182
8.39928001209339
2.21277784381002
3.08482449720298
44.1224973847444
13583.204834239
358.932038566879
11.5133845694977
110.770302833092
58.280361698371
1154.06071618225
588.963737134074
7.57346742472187
13.9331914450239
145.673033763527
2357.62526777496
36.3709854422222
39.5182208134118
870.473112334164
53.9769811452734
1.78429967674033
32.1119635994943
7.55416984608983
567.763777831421
255.400791525742
4.82744575987699
290.430140994784
393.943147355252
16.2808289865733
98.9460174038355
72.5234928752394
10.3951625359485
5.60059225266394
619.306150097134
775.854963416452
207.96321997476
4.96127876830246
12.2600871851406
285.949857990343
193.399500865573
22.9466898919433
133.324800984095
19.7821014050084
2.61142769037991
14.9864303620145
4022.9935653555
393.674242470847
3.71250228652906
15.1932760024659
16.5112439412897
212.247410659909
40.036462740378
21.6789215078064
251.257012699872
1171.04269717976
16.5667697958977
17.972164018045
1.74188042014362
98.7897652330632
16.2328993652465
242.434826375083
14.930612071122
4103.24556818126
0.866804163916166
12494.7415454312
7.46969450345105
5.13868418153402
79.3563960223362
13507.8242512524
385.580407794132
18.9889561012801
6.81939147862573
15.573075646848
21.0367087276273
4.03828046425023
67088.061205397
750.460980731042
2686.40075345618
517.158701968679
25.1006989053539
6.13876550929864
481.350622864028
21.7074161842305
334.322180271806
13.5784760042375
15.9816836084503
7.48455230232034
22.8242439153517
3.80594782303928
10364.4937870715
17.0058537792698
61.8546756955761
44.1319971067585
38.6600163347256
3.69507532895623
19.6077275644269
20.6117945794632
6.92198611155878
8.9350878473697
433.351763673184
373.67955876594
5.81119906912217
918.337254501957
8.41972281648468
7.00411994002114
586.986424493845
14.995613643861
383478.854612168
143.699236288418
217.672810167258
2.49657674065599
5196.55462647897
19.5941450756615
77.5081788778757
24.5902543028353
70.8293459626814
86.902532786164
184.775294314069
6.14569328628521
12.8843824466551
1198.16018033521
230.240239872422
65.9196173320957
26.6135615591267
10.3302206403564
517.365936982084
18.3698965592386
16.2851339119601
1883.29806461152
7.49856591659201
1.789017106042
7.49187835796323
11.6122336106407
4.32738287785485
2303.11009278732
20.9385610304914
27.2624938455876
304.246787920592
20.4380586428108
11739.4377185328
2.63918224897604
5.80875737468692
7.0705572897988
6608663.03472527
938.416774458708
244.388801848259
1078.2916030434
18.2206303423371
5.14617962588275
29.1775450950228
375740.071516173
51.9253501025707
27.1960719663763
23.0323784360908
1063.94139798805
6.85141413368265
126.626469435089
34.7234580569152
44.101834411363
25.8723986208087
93625.9111670489
640.259464045845
3.95870037251975
11.005765459487
497.424548302002
3.16226498754001
521.876758823757
2851.26982516465
4.95732042836849
471.78521114162
57.1545363237065
12.3984639501079
15.3639121533756
17.0556768882372
8.30646840659496
6.1027735246181
5.60414105936646
263.157226374351
21.2516221123519
19.8488031287065
13.1481172194381
8.80854809168292
50.2184544220309
296.160199194946
3.77328937546978
12.9935161613662
25.5464280328025
58.0339317833737
86.0853462917773
9.0696197154844
47.8073744878866
169.519629484316
14.2907612628705
28.982016356638
140.143295661819
151.943316563763
94.3397259885457
175.131117704811
480.000603160567
174.044908594319
1.48045036369212
12.5387005340196
3810.35468617962
15.9516891469159
873.262681112714
445.573844815831
574.637958908775
5.45403714226565
95.7254702769058
38.6724050029839
13.5893581200072
37.3233985181352
37.3255891555135
85.0817519507258
7.12142574974452
369678.215446341
688.106339884283
85785.4633787689
3.98458884437975
1020.89149953243
15.1364991406017
17.0840952515262
22.2250043450494
2.57319674899175
44.1379502478807
35.0959088013567
10.2998117313936
453.23178040934
5.53093462860483
17.4640668696194
878.609524570995
142.76891948144
141.684822470859
38.0335351222029
4483.33154483664
2.22333592693089
8.05157149641168
172116.442666035
13.7544172266427
2.61835985884383
3.01725354633427
90.3999403189667
132.491106108577
15.4551903888048
30.4531961043509
22.2337749289981
1.4097116045228
1.77224133318835
7.39221005434277
37.9595103380261
327.380805334587
37.922782367795
20.8918011868566
455.353870567046
2705.25317467965
423.465102349866
6.31501369406435
8.74518649599276
39.6662718034302
15.4439008333923
3.21531577786379
25.958183254368
5867.57793300217
1.2320366225204
6.27824335060586
8.43682381567562
11.5429043002513
633.128271827106
352.88127304181
24.5851653293033
60.8351370088906
11.2762079689081
7967.41547101244
8.88715610764974
1.55817956363409
40.8527790672505
6109.90847248466
15.2142640396953
172.067624827182
16.440307557186
9.26240641003223
448.821857174238
9.91023012871262
36.9085924555829
4.11069874875035
40.1919118014518
3815.27460991284
587.672004831752
5.32196602572569
5.78218406438611
18.6551068471786
4.74374027458847
304.962163967142
5.90711626302557
28561.485666706
5193.07938241053
40.8807058828873
129.822069840744
325.180895019479
13.1045766118355
19.3554303643295
98.6613877121433
8.25798841828549
13.0253096201831
71.5178801825389
3.64808538754004
7.21327670742813
254.360173428986
3.40449959096341
1.30919883625579
4.50519216723419
24.3761308450689
4403.974130587
108.403524438972
17.9209779639331
1.65695637080405
10.0964230814107
680.174049460086
8.46677377347977
97.0517059775493
1206.367875493
16.5913675983641
4.06794775363467
33.883441183226
251.900687896296
16.8588403735501
2.39758854703119
5.03039432135392
284.655436264229
5.55842084746714
28.190847484509
13.4912225498667
55.9638237082681
39.5869725123467
4185.54328475719
25.5481651532273
41849.2408557764
50.1309192094232
1515.9300162821
4.47607844591404
228.561030906186
7607.3400552767
209.451530607764
2807328.61258845
46.019202117468
7.9795075867284
20.7842194510085
23.903620781972
2.72245317061449
1453.09918165633
248233.684870198
687.623345871107
16.1035380993971
5.7874084759847
632.593978167262
26.6299128736554
62.5792246813274
19.3627920777054
11.3154346613684
32.1319501700069
4.77382848646426
8049.80628394456
13.969546464232
34.752610684982
67.4016060053298
15.3813502817378
143.343781240402
33.7392618741152
757.103413171787
10.7502433112448
12.6306144731767
87.6123360083683
812.72425162843
39.0128891611091
1004.70938027274
2.97021974909047
10.3745584426418
99.2677439418263
20.7964978753408
140.282228286168
151.65428018017
10.3337028481857
9.11356809279434
8290.48785929491
46.1934196282154
2.57060924252219
5.66579116239256
18.060724237136
4.10683501357637
67.602260243942
1.68337195584155
3.81529356269211
26.1244364861225
6894.63346571576
26.4701490179838
17.5087923899308
8265130.38639679
94.6111905670134
11.2243199635125
1287947.15495304
18.9585797300649
31.4733052667257
7.16138613616143
8.54186765584378
28.4576421733534
23.9443284682447
3.94505501176876
28.2875721929537
29.6415094296229
8.50353692848289
639.763038407719
4.46724723806386
67.0496053478238
101.292990279881
291391.224266267
1.99244831884193
10.3999485731926
5975.76138971645
1450.00034378205
3.88836377437076
7.52468219846662
7.60206289107377
9.51529847834589
323.250607701358
5.2688598920687
13.1537041757847
4.36465406913884
1.96788744339652
279.81598996688
30.055487072851
30.6040765951701
930.010143814994
5.24085793224611
3.83630418862924
18.7488456059488
381576.377897608
20.529411531745
170.847424063065
3.12927045376739
14.1409250288558
18.8777735846633
12.5447024879853
233.61796151546
8.09242555782038
366737.841366171
1212.61482308746
5.13059100989196
737.133675418355
99.3738232034136
605.053371541369
43.0915868269575
14.1031798942741
62.3273404733945
6.0171990510139
3059.30126484991
27.993764106049
2.48360739586712
144.414201029758
19.2184550444703
3.37321253588995
10.0382993552746
29.4146452454915
27.3879130005736
9.4087237319506
6.56664378470045
14.3019867783135
414.77146003941
264.518640460203
1.51359701398396
1797.18900735896
332.645512418995
33.708179298764
20.9313528189771
6.19764192988026
155.144225073347
10.7817938715079
40.7927548391259
3537.80493533297
207.144039564309
4.69270272379722
7.06255093608119
5997.15998407883
105.392963954944
172.108906161176
698.896472541612
48.3584647135781
43.5545611834607
17.3864547246018
17959009.7012823
4187571.07308949
946.175149204651
19.8024757595487
2.12245320301294
98.0900668451278
2.04919693396474
874.469195448191
46.8153392469197
1534.93544310584
44.9333374271659
3.78173714873341
2.84033454868677
3125.68043398717
15.1272813118013
6.63715358582784
6.23177713704251
28.080533359565
72.1850987667759
2130.92489798822
5713.9256660001
90.6722471537286
55.7158095635673
47.8986787305121
17.5817651065191
2803.68644110885
159015.570922555
4485.37620230433
457.120553113743
60.5042078841147
94.3436661981312
87.3797101205604
14.5881076273613
171.00622999763
20.7105780284392
619.570724911802
159.938324867313
15.0328589619315
45.9665611351271
4.99713887045727
49.3178627170302
46.7977050461647
66.4658767253498
66.7791966541777
2544.58190325663
2.14733716069034
40.7741199740879
2.65676987095478
37.5890026227612
4780.14895329073
28.5022211547964
208.825889244767
6.33224795111971
186.591883676362
23.5429483965789
2.32686274239465
31.2086785424895
446.543391849613
5.41868140611512
4260.91744163515
10.5884900511691
5.14041514753268
71.5362458412608
8.26182495235983
552.472352313654
24.1327221288691
21.9379955756078
3.289438912934
9.54142832694031
5.97061415608677
58.4406727237908
64.82572439372
189.541635854967
448.329018722762
229.531467123795
486.771730086468
19.818181970161
1253.52202974081
13.9668293516007
3.79104852433459
31.6260341270809
11.0561578883358
4.94229775471416
27.3681032355204
8.33759472622427
222.035750326946
1230.43605186107
3.18809949219142
18.2616183183335
33703.8032460721
45.8217050504851
636.1039962084
23.710325893596
13.4256785987561
40.8010929123434
51.2070088403936
70.336460263821
6.41659171877705
49.1822953277609
2.15274973695
47.5590912311229
2.01030659768797
30.3068816397521
127745426.398592
290.933405576445
16.3558542123781
46.753173148469
200.004641243074
26.0392980729412
290.940450267988
95.3551574508119
26.8069410373132
15.5478971605578
71.8993330640568
4.33883322621692
81.003477399687
1016.39883293362
9.56251913400061
539.574635579599
142.703477625547
42.1009731640772
1352.54197840788
3.49840439238838
50.4915895964397
6.79580115349698
1.36431513460613
7.21135905006127
128.179037660989
9.96257911460542
309.070843243373
6.36167072532878
30.5977476360626
158.807786230806
493.2916730485
29.9522500940837
148.550694101274
8.39016376357753
5.64218790909447
230.1416440739
11.9187944647077
7.06321770437575
1334.12852147429
4.9693742102585
25.9098584806468
413.360565114703
153.856410443389
180.687574668475
85.3936509200695
198.198429697633
3.54109114611659
13.1787650994174
16.9738271992579
2.96811332082824
398.825442158684
32.7780175108069
4.27858559459997
2.76901557378212
75149.8504719469
31.9235177990242
7312.77960534959
13.4780278628934
2.98752574793428
11.253984339779
1.28126008341787
1.87843261331511
3537.75640609815
9.407573356555
10545.0547070735
10.2429322753805
7.1678386649198
2432.25236266527
13.5652544985635
256.696574071294
4.11160652047332
3673.11450962067
16.0215195510109
78.5651310771014
90.9342085352264
38.4729609396392
30.8014414868256
3.46997806872207
3.02782973430108
911.135277815255
16.8483788225194
48.59659053627
62.9744833986706
192.71378709439
39.427425546594
2232.35024325839
338.609823050401
10286.6059636561
11.8548912496864
28.5946309097307
141.529928512197
4.10874817582659
6.54625343797353
4.64685873631037
5277.47499528429
39.9847878437415
16.5736602466635
3.22646982265725
40.470622390868
59.5905092476694
14.3462650849094
1013.99123864554
713.165753273389
14644.0723562001
13.4481372856992
1010.7843170979
1169.02224835638
2.90611491641606
200.995689669507
51.9246667267844
48.1602683051292
209.45036041929
15.5782954578458
3.07515280199706
227.695537122063
49.5274744399648
8.69253849302165
279.667091301021
5.1735622823378
87.7340152077148
312.079448233029
18.2897008802537
8.65222552897588
1907399.50251097
664.938110047961
28.8704026155134
49.7896393819753
12.9883221083931
15.8206166775671
66.5839827867546
566216.547494013
4.07720466250286
112.320173660966
53.8082276525147
40.4448478004966
266.752238403471
53.6223688355951
58.3800013239973
2.10196950184692
307.022553533869
2.44634771074485
14956.8856961085
237.404075078255
5.76232845212739
3.83612758749738
52.8451609561579
1274.10162947969
53.6574113130024
4.33645509404801
2.89937083032742
105.015675411562
196.962494723533
36.9831289816871
10178.6353700835
53.33195197763
48.6497647567005
75499.1134009295
9.05297627083726
154.070180326938
174.451420943383
9.07663241634517
124.460375386502
592665268.101093
22.3604524760537
76.7765597173517
4.73820622322412
60.1236126150717
833.290807296826
8.17481841645333
4.78811152944944
10.9775375334748
7.66363725838387
4.10773410776723
102.801788985722
392.613190949032
176.190012251222
211.360810448928
9.3811401491228
935.272132448453
9.07890031652166
2588.9558655097
10.0603353561593
11.7530199655629
8.7076711910031
20.5492342161242
13.548412546318
1722.55111279812
1.50043452367561
29.1609404975314
134.898948798793
2.69598126155153
121.351269391233
5.20829572819884
1.85459363064249
305.439277385186
34421.26398027
6.1612602273558
7.56527098706416
13.4648152286984
8.37884120677728
12.5968871260956
33.0462910894062
9.85031779937544
156.426139707047
1802.68894087097
103.097299326109
4185.85250275924
77.3069175636456
113005.477461286
3.47451380976213
6.71659925712041
8.71495017724331
188.565233040038
16.6421968166406
264.843321149395
91.5885569032471
3.71602001717512
10.8953593421997
215.20976944928
233.499240191265
61.9332212721917
21.9516528578452
6.43742816422096
202.009475110699
625.540846625771
9.42839706264474
111.944169477606
17.3784704510414
11.7776547328222
22.7225638672293
17.2592445765752
4.91861755864001
28217.0204634257
53.9313950320739
37.5857279254841
8.54347993000853
8.00009514931032
5.05455870874291
94.4661464214312
11.1832260442658
19.6523453846233
43.6205602452512
11.7648194337682
1154.60409282458
32.4057628273255
587.339073419865
685.018946531727
4247.49782097038
2533.91142479661
26.9713897766843
8.6480914259888
7.05565940145956
10.2606115121403
130.601070601294
3.15835102053191
47.1629779583252
109.23991202575
30.2557692241739
88.6527930714305
9.93846773469821
20.6682826658206
251.696348390871
2.89082019447513
4.95671562728909
27.412755605246
186.30154693059
7.77937339011371
28.8297754259858
3.79627577993534
9.60678975947424
12.6546118936458
2.42896663346731
88608.7854787149
754.924235278238
5.82919121411941
14.8525002786211
498422.479137406
6.39441273144736
1279.62475677726
2.55738045346238
1483.1498443427
10.4927531836621
6.33937847940555
357.31914348875
1543.30136915408
6.5312650290725
7.30520878993114
6268.46106134388
27412.7166014137
137.953708549059
461.29831298663
45.833450443185
175.226216457651
44329.0780679273
26.5733901303402
59.1254008869904
2.04371079186401
27.319142011149
3403651.07182149
34.4212159097155
7.19337841011188
2.7288665331385
10.5143097873512
51.9113374954048
13.6769348024755
9.45130960562282
459.246178540413
18.3090329507466
9.38925274512838
102.676085653875
4.92024456944073
8.44508061336268
3384.61838383014
11.2116901897576
5373.65812309087
44.472328739247
304.223414207277
11943.3184620269
8.70685650004583
567.005325940978
1164.63081512466
1.751728493397
4027.03921169266
223.394193796821
8.60400715079727
19.1818463008561
34.3788990606372
761.887817347913
1.8272760971076
2.82655228838026
26.7311250207639
5.90923744034741
9.2291974491937
95.6948988266047
718.260932086326
1499.4546756344
73.8054651317441
74.9957085249704
23.9521687810302
340.798626012255
26.2871329207589
35646.1895694412
28.9976960107994
2449.33083924115
4.60385570046223
16.8443582278359
92.1415271670023
31901.4389074366
290.43328085532
211.121318717284
27.039070508047
2.96102901507706
5.50544566572783
49.1986294362597
551.802060766855
11.0080151594649
2.87670560436297
2201.88048763144
128.562915294042
21.334712315641
21.6568893044548
13.6170645170831
2.80709126622369
7424.90264921307
5.22987671392314
26.3161875225449
1007.2040037043
35.3905229345837
2.16443461025566
9.99956503080802
6535.88467176762
5720.12029830421
36.9563779511066
834.521143551385
7.37040018936969
16.4104029264267
3.27379457213711
129.670885077519
8583.63428089435
149.904733027142
38968.1159716637
95.5620377313849
1.48620127885381
8.52467365735788
30.30347328495
242.365608890265
5.81885388298278
436.255873060253
13.1585591111162
10.6466159795021
17.9409037465307
27.1882659197738
56.3558441315491
5111.98419738584
322.668472292814
388.767612497399
12.2759666176304
9.81402965380181
267.223938931561
6.39089330049046
40844.0644764123
59.5452898544972
6.31533895928664
10.9516228890107
32.2632412331869
40958.7746382676
30.496624651851
2551.95199663005
1229.37425829901
1.74183614400635
29.1467939683598
24.9954061053823
36.9460354758145
36.3658598942954
7.63552771906353
83.9461940178786
62.573448775887
3.69375983471119
15.9997688665073
102.696045774557
103.033779921293
9.41801236175221
2884.61371603638
58.7244515127873
26.0283428857782
20.7906508986345
214.352744945572
2142.67101656318
6.22313679067897
21.9404271830336
3.13591070460355
30.9096572142097
15.4252402278622
30.9857584322263
18.102652143247
7.03160003043303
123.407806476291
13.5685509608078
15.7583433382453
6.47761247660066
4.10569044169276
312.296127237845
7.54974976225012
14.0619926095479
13.6670579912113
25.847521552229
157.706678561378
49.3606584160442
710.512435205056
19.7669255597723
28.580762290825
1805.0145986863
1.66919362979921
2.98566352465344
12.0459316828048
72.1317319761055
7.81770637263218
2.79659493693204
483.536042881055
1400.08187845576
7.78982405730183
1357.61871450429
35788.0438607654
40.088615314384
6.40909947406968
171.810195887447
5.59519696886032
5.90451694827444
8.32889015765132
411.248138441101
27.593357348682
4.95159352325278
173.883798001706
41.5677783770461
22.3583905710541
190.147891296992
5.2653742129982
6.11583990988991
5.07617949006493
14.5210306901298
1.52134711216392
9.12394124719006
33.2623030805127
28.2047038578143
22.0332033518048
5.27052180224497
120.0798993789
18.4718200679358
1.60968646287542
581.692144351586
93.0185534837646
31.5309308666753
138.490847970984
212.120111114027
30.0812154542332
11.9489951199444
6.26890108938873
16701993.3901705
43.9796398845089
2.58218904107538
5.4645110382368
1018.07110613638
31.4388706737173
20.2323707889257
287.830137730501
13.6479102604207
25.0250203601933
70.20064130674
24.7021360685124
24.7891963138563
4812.38866880861
15.078970445896
383.884112853201
455889.754033846
8.32103719150945
77.4968067845831
68.2527098933962
5.92146427080241
567.76130138253
3.3188352457463
4.11303151418981
26.0387904464688
18.1554428062109
24.4582302025178
148.965988529887
60.7906189736796
11.1598311208341
297.351247000669
275.81552798455
7.71958366508079
6.54966873009945
1188.56019632214
475.88551099254
33.1456339891315
6.2739842369929
33.2434681904896
17.9163368591025
6.8817566423473
4.35645011276949
390.812115886104
52.3122936195457
50.9765746770391
72.5049773910028
39.3953946307503
14.6678331547281
10.8683119457744
21.7421176166042
4.05159507035502
10.9669039067432
20.0736807073134
2.69945077754093
1.0792899961868
53.2826290974737
8.9214809749305
190.557604129061
419.868647274304
28.9354446170417
19.0918201996147
41.4968939822288
221.50284802592
1869.27920042803
9.19097286628343
13.535345456013
235.740104505695
37270.706731007
11.9748699300328
6.68711277174521
17.8179965359867
1564.16064671112
12.0785258843081
24106.7517055614
540.982627018022
5.23107259687109
14673.3376351343
9.26549738513996
36.1703857980237
73.0123071310141
161.140455343993
1.68467363682492
8.27788844784123
9.31084522360423
4.60473414855555
192.206177115081
4.35106264031602
8.27866111690207
10.068180425651
13.3177524765635
7.03435657008553
356.850665641866
12.7532488774845
17.2716214230453
36.3496425444482
14.6398937878737
1.79187056046864
4.55098583081856
45.5399005772429
7.15905414860085
13989.1924080401
9.84498989525948
15.7902533618844
18442.3078114313
2882.56015091685
111.683217214441
3228.76453117592
7.34434798957758
292.530127647132
13.9548769531734
23.1853944559177
16.7605374148051
3.44379288832174
3.34470628376523
26.1846844855973
63.0960236702896
19.1701698394568
571.635803803214
2517.608830621
3.74672946345877
10.5369564937719
266.105385055123
12.6198436644197
26.1925518965265
10.5415215652556
70.921896053384
395.741229677305
9.53199651245365
28.4518714556848
26.7427153998721
28.4989691926842
3.69878178248067
679767.518914974
3877.36004832036
24.9259918570579
258.446020488925
9.43182703240016
34.6632489089848
7.11354443656906
8.85793234318599
7.56529182529577
40.3608713961944
28.9419614613799
6.89875952334891
17.5716478208678
13661.8596794706
36.5890563391168
23.6769681996687
127.787661351311
2090.19042044187
122.744453014594
91189.0336006974
230.894661966603
2.7152313928658
310.254624208661
3.01253072758587
9.01333574941488
1727.68166209998
34488.619433622
27.5955938359021
415.662735478129
31.7808529613532
6928057.69756736
148.482136728885
10.954217715733
11.9993231457705
4.89071715571312
8.57847073088139
2800.74756065115
59.2032391889679
3.6116910592212
4.1555759154636
1370.1326764329
10.194103720034
225.673650033939
113.145558222701
9.90064459269771
6.10305869925039
26.5500935391487
6.92974182137264
150.566881300871
362.1085829773
69.7891505685455
3.15127187378936
1787.73434363464
7.27587959755272
41.0378129086068
13.8302331848392
12.0546891268164
1.79697459782835
77.3150707984751
55.2005745191853
8.10648371892526
3175.17091645685
7.68616228052892
778.076182611478
10041.2641587093
399.977197494223
931690.606779115
2.92292617777728
8767459.70944853
5.39126341762522
10689.3160493967
15274.0446048475
19.9937638608737
28.8123061466278
152.047480240091
681.122081608041
128.39551480014
40.5265802714004
23.3519941877424
