x
1.11333271975461
5.09680624253307
272.964047623747
158.999415682677
4.01323528714827
1.01020952346956
41.721802725092
42.3295779357863
4.64478766811938
13.4527396311652
28.5265669744519
12.2557821932255
26.7296063907392
1.4956770006059
2.93418734318081
1.27421272377035
24.6295674708872
1.95585999892567
1.69483619472496
0.833654497581214
4.42152050033408
1.9196173332525
42.8890195804494
1.76713092224049
11.9710686006706
7.27627018881191
3.36215442211171
64.0191745040169
4.16055770757858
3.47526030591362
4.23067515960453
6.80417758658395
1.89076538479415
1.35640647631785
4.10023484065344
8.35949331171546
19.8453569821683
3.12774739168254
4.78965470122585
2.12015679738549
2.02643900842477
1.61839946037661
2.71950500704719
3.79410004199952
3.46691660078362
1.88469260743726
3.09689844148885
3.4631302824063
71.7495328035232
16.4335455930249
1.82602541700043
30.9295646494758
9.50276603518984
145.286309151673
11.9269717609205
1.5887535384113
4.21266363117504
3.97212320169727
3.00547392034283
6.88312258974624
1.73286964241873
4.12905612167602
4.37716920337526
9.83402887372651
2.6748139842786
4.35270103989493
8.48452400213794
1.33981145560608
1.63691046877215
3.44813946869321
2.02317955601231
2.54029678194329
3.62918173511563
4.17474328267398
16.1300053513883
7.45247454699822
2.19411181911601
3.24392423628463
11.0319427186178
2.44180360627169
22.1010413414101
13.3073627435803
2.42545034266909
2.61879859325438
3.31429054770158
3.20149034017256
8.19909242359693
1.8724621537222
6.35449383012635
10.8576581516171
2.83024363041394
35.0965738488843
8.89648217333614
1.84227521364983
197.974937164129
30.2886081035034
4.55515587061125
2.7329017301253
11.8245848356388
1.43805428392361
7.83528034498632
1.43041242629193
1.71079122510203
5.28304994611498
18.7469135771165
156.378600588052
61.9749931252948
3.84448858678177
3.21891755268897
173.677193392666
10.4192617973641
4.8998535133911
56.7392219959175
2.56727030258823
288.006110111458
2.00115177194804
8.39595462267588
24.3017936346347
2.39709663694019
1.91172378289334
4.89750435231184
55.8342206036724
3.5096643733275
2.79548093792172
1.44420694480604
5.08781788277118
56.3290121738153
0.888673585539245
3.63161016734143
4.22480845906971
5.1617322418164
13.1341917169974
5.61766693878487
5.82265239177363
14.3264841925151
3.37519009816127
39.7637767026143
6.10315493062394
9.21426004278692
1.93073417593868
3.01187222626317
2.49510554229792
124.876837527678
2.71008983379661
3.15624297922368
3.60462069203229
1.33648202956777
1.87873155557078
5.22775469977656
1.38887545867157
2.61232444712373
5.98434224331045
4.67174151270912
108.042434232224
10.4834508440305
1.60775230568113
2.08410874032772
34.2768260957204
40.0373067591281
20.5457955746764
19.499620761647
8.28299182145033
7.01250817673367
9.13193095531332
1.50003313660258
7.42332581203618
6.34945098836804
6.03682000189961
82.3605913921561
34.4788811746017
103.247326996742
37.0516697889014
4.45381332630087
7.36839389148998
2.10351735768365
1.60845685048789
53.3135190602727
2.12366158409244
3.33925459464401
1.20291877933868
5.23003177885447
7.96796296499918
98348.5476625486
1241.61672124526
2.23330969976949
3.25679146420688
79.703841523628
2.32099607615453
3.41267404360507
4.10298411730756
4.76341066224514
2.640235026103
1.82223723408829
40.5026502473533
7.19104682513758
5.85102944828649
3.6003504739437
22.8938449202757
17.3237037903167
3.17688256690144
3.22248007285007
26.1272403087906
13.4242157890555
7.02370132647662
2.21842583271818
5.10231732332463
3.03992147553248
2.29453050222482
8.35345049710424
10.5739579713455
7.37323477492014
2.74912140831542
11.939982628891
2.26723790737937
1.11560318100883
42.2301010054898
9.48979172710843
3.01985047379217
1.59539246988734
2.06971714310059
1869.16914012192
3.02021006223172
2.12410060869606
9.4272063040674
8.15369323720118
7.32304862644216
2.34993790417242
135.655987001148
655.885197325171
9.33592255060912
1.89503243829108
3.23765554270317
6.25004483149661
6.70929293644467
3.87943417529068
2.13299521364809
1.39850983499647
1.19059009414853
48.2236759928531
5.24670161353518
11.5878349180883
6.002495735169
8.90019493769766
8.13414126117332
2.74656902359071
1.32075773662284
1.7504406055969
12.2464108494442
0.865007913519773
8.71363331174312
2.34388199192377
41.2540737401658
1.60714699831706
30.3534622149778
5.25216285610997
8.9169365769914
8.35545363630251
3.23579478778017
16.4695163854292
2.7831397582303
5.12223350374364
8.46036598908885
5.14063691607372
2.28326850174773
1.83467383972363
3.31992716522883
47.4593774176045
13.4479512162337
2.21941603334628
3.02408888276937
8.30135243774211
4.99954236664457
344.901110840663
8.18987692891535
5.62454534650555
5.35178939464589
404.849163323022
7.58607968890694
2.93615555783844
4.54393430142379
2.85007153880251
3.0623336409406
716.397754045551
39.0390909397536
38.5789674883715
5.68914212576732
32.5913205549809
5.14902610732647
2.79342932421828
20.4082257609627
1.88998560163904
4.08097368748497
4.80071700752642
10.4744231360834
8.23900682739227
1.69686818751299
35.9650830989142
11.2430161918427
3.56857462546955
15.5404465888087
2.58745356793266
2.76352897129495
5.37957950102388
4.30249263764206
1.81604753563512
9.8804474371573
47.5162875495046
3.16673947960251
1.43279950515116
6.21085080462827
2.81951953775978
8.1326370378059
8.02652178955173
2.35699001593171
2.25958513620609
5.34078323454271
4.69241996036394
2.34354369499626
1.22022856619733
1.92443350786864
2.28502080660998
45.3767391940336
2.09608254604177
31.0817170663806
5.50268552528694
5.3630082023469
3.30728386659449
31.3457494964765
2.6457201701163
1614.40652269102
1.4688219268259
3.20534065596023
1.67777728263704
1.11478418059836
11.1444691614345
216.155552953606
8.31939081939807
0.87335789883794
1.37166636423796
9.59616806645889
0.742693901041464
12.9003430551437
1.84058993393926
22.77904519433
6.7862634287637
2.85809945339283
1.18513454519519
77.0931043606356
58.2695662781486
8.24587365444741
77.2744513830894
7.67713778260195
177.02329186012
3.96466749030067
12596.8926033203
46.3324226864233
2.69085069380789
10.63665005439
6.43572390350753
1.46981698688285
6.68632635775559
26.0013056072236
14.2290692810064
25.4647338915793
90.8905729535912
1.24615629458003
19.2522655946909
1.08463063034496
11.9018846427867
4.1780720208343
20.8947697399837
2.67792388295329
7.37651881243817
1.36040588480657
3.17002481725466
3.12800291912717
2.29778598577904
26.9576368916929
3.07609509680576
7.45850524249142
6.0583676800174
2.67296752526326
4.21275842266409
8.37779465458238
6.30260217194146
1.82108849009375
164.052038561325
21.9728923850682
2.44052868708017
64.4409376420653
3.01705055635647
1013.73334339397
3.0825071614473
20.8025044925457
25.5074422686217
2.08216028152471
1.00734581185744
3.16419868533804
5.62272866076798
9.05117802881406
11.5765253865484
4.1603695660232
31756.8204723218
38.3818496444727
14.8818442495272
2.95737618744146
280.317849285336
15.8437766036889
16.0211496595804
193.881549417063
1.62933111554187
5.18056027013178
34.1685880633136
2.41393200418663
16.003896875842
1.2903101380037
3.15125808676459
1.31202552166659
3.86827339440975
33.0658290399296
4.8563753548139
16.3888182834552
2.70649537156812
6.12446785168643
11.2864745208764
1.67103522540539
3.75889898174107
4.88948865926896
0.940247649955858
1.93894623561946
2.51584003159909
2.24573310992286
2.16178755199233
1.5675840664391
13.8199613203361
2.30644682614156
3.62435135694025
3.12730784739051
8.94990928603613
35.1073311701578
54.1191449598984
132.496692903553
9.14739185211902
79.6037204303173
20.189030821766
17.7553610640542
21.7140763050246
11.693285023204
3.00632226649772
1.83428856054494
1.70495360033527
1.01518635851193
20.1343479550217
1.99774917582368
13.9775455583104
4.1939565678389
2.05704191952826
32.6571970994068
1.22451158995519
6.98022091681934
110.19546846337
126.35059753869
3.05848453950665
7.75638874898223
32.2083658640549
6.36834304615626
4.73858618267469
3.66652778281693
1.54099577531928
1.40005341139337
44.7994060346275
1813.04793642008
1.4399455059395
6.30957649730158
6.72251399258117
0.938850197508511
30.545760507878
28.9389336878487
37.3317015241307
8.62025272856434
1.06935015432985
1602.97587194423
26.6309178254441
235.725179953797
3.50074648640751
8.57816969717105
3.73748428540544
1.64202115667865
82.4005280098073
2.92246544048653
16.9245333360378
1.37032570220686
2.01160487638122
28.4183269832529
5.16092635827203
5.12113792086942
28.643986705832
9.2336247499947
14.0670217821156
3.82322334762089
17.1552710372019
9.57296577473047
1.63987903019393
6.00265212668555
1.42451746088149
4.63271316307738
3.74348198577865
47.2262945290504
3.72929093042416
9.16186035111585
143.536980026648
42.4489452894858
39.0523162073166
9.47375523230104
4.72845335844215
19.1501447297017
1.97152544115894
56.9610370750235
10.5039400693933
6.90634433776806
2.90876863342945
6.36163460540137
1.2668580401611
21.5020586622052
3.27966901558169
2.51663485291013
6.10355578918959
0.985140482622822
1.40454236215487
6.07924457189119
7.38781256483909
11.13721213835
2.43830571027788
1.90772487979062
14.004302104789
55.4077941094592
7.90001189459514
7.28618791726555
2.4075821441447
3.8927707694909
289.098980042516
3.27430173516058
6.33607876766332
19.9796349149557
2.22968030517191
1.97802042522228
10.0209596896909
2.24572499853062
2.09909859358653
2.13482489553254
12.1972523392663
3.36339580283723
6.48221758082111
10.5604866201969
31.1735144170668
5.98920267453026
2.02662669965888
6.49876229611679
1.57856284919874
17.0198689012394
140.805619605763
26.825338051631
2.58569377598433
1421.80726994355
2.06075932592519
4.08772905005795
0.888687152661441
19.7684366548199
1.62741457276438
3.7463649753357
10.5325744643926
101.078601569072
5.08274974427626
4.86449495672701
22.2485099806452
224.864588100496
11.0291350346957
3.39943929055812
2.18263392620814
8.09389413322246
4.34501642196946
35.7992431212755
20.7061666256085
7.48910302255668
1.95674410575156
2.52662323191213
5.00711674566331
9207655.59093484
15.1240988510428
2.23794964709047
1.9402023830918
134.449870296523
22.5111057633465
17.229638271991
6.79455291961883
1.24752406157795
1.71774865047757
5.97723598546749
4.5645993281697
5.20114260849144
4.00036139005122
50.7594429534486
21.1385059311199
1.74402447186049
14.9714952209616
23.5129218364386
2.23859223737231
2.45899496068261
5.21408352889421
3.60206723838858
4.67995057588002
87.4833452702699
6.13142506246516
5.9167816450705
1.47645415896553
11.711520432806
4.81886882431946
158.707899281371
11.1649096062864
1.4851600059906
1.49326877646348
3.1672705044387
1.9680078860609
1.55099979247307
5.40545310708967
16.6576980901826
14.5513662814666
1.78867695187039
1825.08293649845
1.34543307026329
75.9272324723613
577.608686533584
2.19555640351948
80.6437643515829
2.47145747891374
10.0733935146185
1.45897338710121
3.24650274262031
1.04623388410894
7.6982533079657
7.44554741173111
2.13953546990057
1.80272390795026
1.89921941244733
3.02200885992639
1.62827647803007
1.60327455664376
185.510280895789
19.4753120338852
9.11244387525263
10.2915486459041
310.519116634039
134.303493748998
4.49707107313138
6.21214175380418
4.89713785983966
4.6952080353503
85.0791553248966
94.1503695685513
7.70750697194886
117.173424656098
4.28714758180072
69.2734480086351
12.6425292273525
2.98686383646635
17.292482775837
8.20624606136288
63.7966059349475
4.47473977956607
3.05765587706787
1225.99894490685
3.99423540398401
16.7387474374205
6.60123936796996
1.30623584249366
0.865708529752621
2.8771293114214
4.38788152773609
1.40375443218809
16.7528110655063
6.31360199461348
10.3987639591465
2.69325874038564
1.99926693804038
4.77280679962471
26.2112229635415
11.7135566062165
12.9324770566453
2.13175546656438
1.04748334813674
2.43783899786836
2.72610888171598
29.1125236202923
1.16374969727796
2148.92930584573
93.1501934092915
4.15195242386887
634.306149557428
243.147802341653
5.52039463862718
34.5379425712695
14.7260872233184
10.2991927819509
8.84335403753871
3.10339046214841
2.79556281784274
710.299591015182
26.4019416395487
11.8124844910976
16.8395446113671
4.19708562478251
10.8599233077895
163.043360445606
2.33484416346352
4.15767046520602
1.78703702003661
93.3525298857557
23.3229242907825
1.42723342333995
0.725487772081633
5.92053281803317
6.94401631896819
4.4077140038985
12.5532872699042
5.01989577856817
1.71194159229336
4.09072635748217
13.9047404594918
40.0555072710969
5.3665382600858
2.13883371975704
31.2233658064478
67.8699452846705
24.6761790371331
5.12428877769244
18.8744580085533
18.9797102017308
5.97397719157636
10.7054538969144
3.89876287275458
2.45948776142188
7.97436818438416
21.7523418300377
2.11726801330146
15.5039067015339
310.97814438733
8.58168049054049
29.6353001619282
1.68766044605641
6.2083079805654
2.00751991496708
40.9362140488677
10.5680681962452
13.1725738999869
1.54375558104963
128.173564071581
2.82074607909815
9.9395787092785
3.68363517062489
40.0987768403694
4.79863118756785
5.36711689351186
5.85766640863577
11.1332840550705
5.10321811140181
0.864858008529834
23.5232740833984
6.12813920595145
2.3148263903221
1.7263230537871
2.02865821690287
16.7929473529474
1.32904196385661
4.13823408317425
357.986426159398
3.42994581861218
1.67321449348395
1.65153381783931
5.40264833303394
1.36170521192898
3.26528053311128
2.98536830741045
2.18238282667856
2.61126082848889
4.57098399811067
9.12422891337467
6.486222495878
8.22105734515151
104.59562983603
1.7282106376901
13.6054248885342
4.66476214658799
11.7907837630314
73.808135410587
4.6000809365786
7.3890513207068
12.4932747279358
2.56328461118191
0.797438032955233
0.757429206154096
111.488373523391
7.43701795378669
20.0954923649592
67.3724934460011
3.81049312020682
27.1687059317488
48.7835965762935
117.74195299269
3.32000862448015
7.3918944750437
28.2889406522923
35.5693073691739
4.05845497575481
1.75581105970603
35.8346412356914
147.979320805124
5.11374168733399
3.48024488224419
1.86866674871032
2.54804413966576
6.38523631858212
3.43129841579258
5.3673436189744
2.5199870915017
7.86007186033285
0.791451971191015
2.16226535542487
4.97099824176662
4.93064885783093
6.04448518854859
1.33286085230521
1.02046097741501
6.2943848924113
7.76403154816352
2.699616886191
22.0138592156569
1.41885762694361
10.654936984332
0.979789521575072
17.6509735646372
344.718584192492
231.503550849727
14.0099451641048
100.749535868586
62.9732609691371
6.10920085943675
74.0778912223009
2.52952357165183
21.7825342974133
2.15792093552435
144.641035499733
11.8807753070105
3.54926955398258
3.0352164757938
5.58051527863336
94.6386055757075
1.5518438183091
8.75683636597703
3.89481549985266
1.36515193196237
7.74203135175499
1.68032506927583
2.51842338562004
10.4931036096734
40.2532688351585
24.3314664718946
1.98775946851344
1.21008375337571
88.6561594193618
12.6403142040476
5.36286707184791
12.9812097604221
1.08447535699087
7.77299468747169
14.538241758792
130.948268863412
5.42021239302437
1.34291363254123
3.30135264118497
2.27373138454276
2.1641341073057
5.92591813484839
1.99803312728891
4.29082206637248
15.4485554223054
40.2755225897051
5.41545978076966
9.76104461654933
7.63559457702726
27.6624093070912
36.6503046542415
27.7260668561859
4.08344521156349
18.4865181951518
5.55841999166724
168.602770627088
183.471133508725
2.33583425710134
4.35155436483343
41.7532903532958
393.30309427233
2.45216221569603
41.3703743118241
4.79982743950938
2.97883255919153
10.0880304996902
3.86454374358371
38.7325854147538
14.8514422651221
1.34959388524605
12.4163748424894
1.84268504263352
90.7884561469015
1.44137458804187
18.560706514614
23.7234642238952
4.49495982046672
3.75969762414556
1.18580669818114
5.49569538826312
75.174506663093
2.60185155690971
1.58931248776708
13.0398302751764
36.7348952005257
9.39534887224681
4.45629925484194
3.97494599242877
27.7483387522125
2.11188501593446
3.77099987894166
316.638748501532
19.8363237138762
43.3240382339575
281.895151443961
7.20717011905684
59.3872760826619
1.88249827522131
69.2701201517515
1.23534338204557
248.897625343102
88.316263207312
3.74516250508183
4.65532010074075
1.61889883200326
16.7234215525194
1.92049227364843
7.06855792988717
3.22247917074285
8.74116681782802
17.262587185716
1.23581780742603
3.41749886524491
4.22259883496256
27.552526956874
2.02159832323303
8.63138539091634
82.9812587599826
3.09654005327726
1.84851186507747
3.27241662711075
2.48477987677198
10.7861020330265
2.65676663604135
1.66736526640732
7.99919801785403
3.01099317172943
12.445518640545
1.20373029593719
3.53568503613455
3.02494847156178
1.33200081803435
230.785396325473
39.4650212299527
5.74792936348444
2.05513378496078
6.11095392056181
9.31006980530571
7.13265925222978
4.26315900238815
7.56934094847407
125.832449122055
4.07442711771853
46.5831017135265
8.48656748836964
3.68074678690721
0.77974197011466
2.87004273479025
173.852150420259
700.492384477285
2.97576838219921
14.5670059016765
3.09920236167821
2.48400507293003
11.5928174412432
3.38783365180249
4.36641137949059
2.20620397462917
2.34737616452227
0.922847503380571
24.1821089677572
3.61296812136063
3.54357283610095
2.61389747843059
30.7924188916279
8.99288528387875
6.8453860380836
14.2922559552022
6.82705220256163
2.31904475415905
2.92235788482919
1.86959692804294
1.24539701377426
1.86931474411993
9.78758538334375
111.572624885961
2.19997929610263
11.3593834661394
28.4977875925174
116.465540077805
9.88848355820736
3.60563153623037
195.433897121457
61.5067717273118
6.78350716590268
4.27368664563058
50.9874783197741
16.0832124378494
4130.74990861092
1.89144348813845
17.175719563069
0.910063474588322
1.905197453706
20.3185073160764
3.41214196609976
14.67757162815
1.00513382362614
3.98447407200501
3.08894547184504
1.53532655485778
31.8498458906288
2.28659367557996
23.6046588675657
29.1349532280923
0.878719381312652
6.60737793411161
25.4900291985402
1.73358468038044
2.44697223408456
2.23878770814574
1641.6234170781
2.39813535363027
3.24672607206274
5.7683421780588
4.34972069631377
3.52346416085123
1.56237519266983
38.0161183005825
3.30959267638163
25.6894200500976
7.7000255018563
7.54253777711502
3.1212138217981
8.64219115479816
8.30735428854457
1395.02654467841
18.6913895264527
34.4132679691614
42.6968460711476
3.24267262359503
3.25453762821685
3.47800514257501
13.3543365256878
1.58817888413987
1.466625075485
20.5569212476469
0.999710838810077
1.00589751514166
6.25435854161421
2.359269633461
5.25648694784072
2.67439574289462
1.90912767483823
4.69030227192541
12.8513705057695
3.154611454552
3.28475035093646
1.58795787881613
3.51929028498386
2.64577294292414
25.0080607905567
8.21131047778291
135.312993184277
5.33526765277855
94.2704844483928
2.83740919827562
257.776627832242
4.37178847645715
33.189038151733
2.4340662113535
40.6376226085205
152.370439518274
5.29880115794184
30925.7190659225
10.8219778543152
7.55503734228756
282.42852724361
59.8350232359335
12.9887938908855
5.4794254192053
9.74426439943001
2.98470491673875
2.35407871282137
2.70831966805084
43.2565776968858
150.062230836498
11.4924736764088
2.13143378193091
2.78205788832147
3.5419222563781
203.472227030341
10.477664659552
2.08362064293586
1.76013201982572
98.3597502153806
19.0330926276724
6.79089589428194
4.28974116725659
7.26737954958427
4.02611078762008
1.78546358300999
7.06209326045563
1796.63962160915
2.26470204993583
5.36821740472458
10.3310080070108
0.993416752054271
8.02521443685232
170.196775383122
28.8522155240846
2.88343973629435
3.60551520271137
38.6027529588831
16.7471872295795
23.7963752301516
59.6197587301442
32.0650202813432
18.450154483859
14.0537596902957
12.1280477978996
1.49472449828443
2.69562327647024
46.5274914002249
10.9651865014381
5.42283149898626
6.62065817137629
368.748826055639
2.14462729322275
1.21108782093999
4.84196661585205
916.493906020426
4.32534717344457
1020.38544430442
7.2470569931301
9.12160876914421
1.81090023344803
49.4795685579562
10.9362635367089
1007.87087952814
70.574321883971
1.32858256981532
110.110010431832
16.3574648555432
22.9734726254045
5.36204174563407
14.5057397055745
2.49658537010159
4.84858751796164
58.7791257905867
28.7830684090562
8.03499412298139
276.641937236095
8.77939364716522
12.2386627573238
2.322803258519
4.48296282707019
19.1166233533627
2.42832203593008
8.38949165869601
25.3311306081275
2.96545205440166
3.83790049343287
26.4674480233243
4.16876386784854
3.69997498238055
63.1208703725053
2.80413159563347
2.50622574950249
8.98949544918393
6.61593541682785
30.0865055472532
7.23382034312446
34.513345263302
6.99516420779779
2.25219518950085
121.960723440447
3.88701259371079
71.4079993948577
20.0368012666672
5.86808860141496
2.82496512146367
3.03960706691913
655.73001650298
2.01774337365024
2.07547198294568
11.6684792736266
2.95463200291302
21.5554358314442
4.83745239918367
2.53913540167576
2.42375338924478
2.2693029175615
4.61469066092116
6.91676000861673
7.58278956784851
6.4184428730698
4.64769751057476
9.75516688161265
4.75151711401952
24.5177659899723
2.90701716311206
6.46819381920811
2.56576646537767
1024.68456037445
50.0158709072289
4.75992127557331
1.77260249735155
3.28276525815846
8.50253772648693
25.5639373314025
9.62792289272201
2.73963816574424
5.69454784332645
4.59681387409688
13.6929719859621
45.6495835929402
21.0945487481527
5.29961984356082
4.03931384384532
3.55933427034289
2.82674256095903
2.23314761200195
3.29355836700746
4.80412838769092
77.8955264952049
4.49027000253501
11.7679912226653
2.37606601094049
97.0485666711607
49.9474256913095
1.56918170312024
11.4360529511941
11.690203846187
3.55282125615718
1.37570015378839
4.12688976122968
4.22440122135168
1.86266590551859
2.49524010894396
1.47863729798908
2.63546747817513
6.89886204716908
4.03141410630847
2.33069306274348
1.8909638776195
3.99471142895954
4.46771932365347
14.2440997980449
1.86945268767546
3.10579625675744
9.80670389413639
3.50713970548417
5.88683373141352
3.23283769799435
1.79452919073822
5.93150194519754
2.65930584629612
2.4775163445721
47.5114051411899
2.28543903979691
44.111397895421
7.53957099192011
10.1902995265271
12.1425422876685
49.4575460783007
1.06162619266549
2.26744863528146
1.35474272030423
9.27545662932164
9.54340346554975
2.20807491698987
2.46722422635479
1.20707839734962
1.6416557480325
11.6199171189288
9.24737110301794
14.8898209002316
2.96148360620869
231.628310629975
3.48357039784702
1.74457241117149
18.9594136228649
5.35431660562442
15.4145392033623
3.18571269197803
74.1838242779829
12.4113540190524
1.80028014291685
346.594620574561
4.70312145284877
16.4121767801611
19.9420488298891
17.0596635402544
1.96919718074052
5.23314170067369
3.09143416714779
33.1202837320623
31.2877142136628
1.42880635598969
4.92206080051818
3.07668061834328
2.2939424348458
4.47016157501378
43.8758249823464
10.5667804999534
7.72830610308872
147.992958807177
8.78889953049278
3.88824998125669
239.701104824776
12.9169399346702
1.56742174310174
4.99685013920545
4.4483884643997
5.10056075601229
3.62259641731489
2.1606883997239
3.18020101394748
4.06606595105766
5.86884010414518
220.405090031401
2.16064435251463
10.7093194961995
1.6841772949888
2.49130270467448
46.5054197907004
17.0448335385492
3.87467875382471
46.759495430503
23.904947444399
4.03912245532391
13.8861306632983
11.867276019117
19.7482433656989
9.18855861486212
1.75837096586294
173.708298842165
0.847625930812791
1.35657151483749
32.2748359573294
4.32468340575096
1.72581922598405
14.4239437113016
8.11445335699904
9.44049634425335
8.55961135409394
29.2310213420787
1.85553799301578
4.34727672672529
44.8906551660576
1.59822829614142
93.5322678819637
12.3865781741848
41.5491176103315
3.76490444529247
24.0979336572287
2.78707481071686
12.3892678387595
5.42902343670981
1.58004401871605
2.04727498911538
28.6126370230096
2.77956098968606
3.36669579463333
3.70686831191373
54.5481673779998
40.9359687374694
10.0508102794949
2.26096456973382
5.8035449900981
20.9796935707231
4.1934394945308
1.82960161121748
4.05380011593149
1.51042700506392
19.8868720132217
20.0946421184749
14.6970145725861
2.89312390905914
14.5743806133889
1.83496217192131
1.91170572880286
14.2808637385795
1.8791337236158
12.8746448398897
69.0275100638964
1.84813680304545
2.00153487229502
16.9678835175981
17.9575275182118
36.1681159999094
2.20187095250891
2.9366456283297
31.1173447561111
16.7401308819401
2.45468688597358
717.642611185605
1.74772911125424
7.98840490853143
145.309051797537
6.05615886139513
15.2724001828495
21.4005076786255
59.4011052928903
15.2640728332428
72.8690180668881
10.8983703838112
3.95590389525052
1.7678714395487
0.849097185676959
4.91322445071269
2.26561174385823
10.4553667279352
7.02772293093787
5.473841951438
21.339156333869
42.1212447143747
4.55246491793295
596.103443109291
16.7122680214097
67.8481875145546
2.02191805845289
4.74315485656492
27.6960935413124
7.9895388947905
6.73289258430404
2.48075365355326
20.9301408051039
20.7569928913173
5.00901916695178
3.18069337289585
7.49705053097239
25459.5528287507
1.74550064734558
8.37641939281568
5380.83975346534
2.58226159893128
3.72695319626333
117.274377927682
35.7767485850826
1.15935081563891
1.10281641372717
3.87106818816964
5.87387187972505
1.17889536175337
35.1083976002493
37.8041667169805
10.1805058109937
24.6656349127091
0.909697057295836
462.820098530674
6.93734288906521
1.95213529066686
1.09497696301902
7.83596929789055
3.27597461772295
4.72545830853566
2.45029776228258
9.58919831755265
4.80763626835272
7.92352475022571
12.9973633676336
4.83871800644182
19.2060946701637
10.0889672840925
14.2967056993073
743.143643652069
6.17941372222958
13.7534178253242
3.23081880886939
5.50266335833419
3.91246822627005
2.36496911486534
17.355131238372
2.63344868536762
2.64603400984983
1.36261448179318
2.24644168696311
3.29411821788661
39.0730643306943
3.87653128570305
7.97873425890136
91.8149686727217
6.49967093860106
3.95436079563566
34.2608446334137
77.0001546386784
3.36445372929656
8.33307574390957
4.63920974311099
21.2487303533303
1.4187021396414
0.654379683128049
53.10447663679
9.85966519777059
834.65087646542
485.938630178115
8500.18447720221
37.4980412139312
104.460505261918
2.73128576727697
1.76375808358586
33.6335780470204
5.37996368444027
5.66205759567814
6.8723077384779
11.686829237326
7.05605288580837
11.1473889136745
0.86538555108712
8.98457129572604
14.5450631586754
60.6174654568586
28.2688702695004
271.444557305495
39.3287626095003
8.94105711307731
2.02499753689427
26.2679308676781
45.9983335428967
9.10184734252129
10.336865884783
18.2909064926616
222.064668268452
211.255400164692
28.3097548741098
41.7571935498388
6.05285655920595
1112.10975004523
190.411562475904
96.548781938116
1.60291020855302
76.5870958645983
7.05180202786982
1.82742205497116
46.1613607149288
6.12570509417187
304.408645967362
0.823494744789676
1023.33477863279
3.83852328658301
2.93505987191933
8.23582923593518
1.79455859325421
13.8362358549447
13.4593416553074
1797.79749354209
5.72636408976242
19.596520071368
3.02289174475304
4.07256699343417
6.5093165451674
3.20534321623803
4.39600456576992
70.8537768492429
18.783923679301
13.7616830689579
27499.5477885675
4.18760040709884
5.09910703480268
1.37073516414511
4.6952165121649
5.48001645442885
446.502270041747
37.0900781123136
13.0181074452307
10.181136590056
4.11321279238076
1.79565661675347
8.83658679934957
2.24946970460372
2.88462140796503
28.4031637972072
2.02768554706149
585.077118253242
1.91383371667621
209.457189438433
0.900190627358422
3.77315528595918
2.02851498453851
10.2068452507359
1.31732787196553
1.88718538622603
6.78206604824179
3.98031682897979
722.609714304744
3.41476711664961
2.06210607049668
14002.1773034568
6.41700970101895
17.2641110025438
19.0770139512343
1894.53398567684
0.935932461051794
6.53215097512462
20.8387965970227
33.265276042163
5.83501626699873
2.81767826236582
98.1597073942614
3.33689199615304
1.01432998887107
6.58665673644033
3.11233466447722
1.58663448771345
22.7758977576919
4.96061931468022
2.00770800906532
965.615682901167
3.89128930432582
7.79606728304409
14.8083390127092
5.04675803269475
5.54452032430239
7.38256250221342
3.77820807322161
176.609156660885
2.91727669331815
12.5678496495397
6.84723427435601
9.57045700632845
13.7218027339542
1.19970938759605
1.34496610700034
25.2500854296991
1.88499922070062
1.95672840972313
13.8262548386505
12.4533745890724
19.1070551311642
19.0336413332115
2.6531937622092
6.75300774920473
11.5856441418921
91.2340681623479
6.40420075515284
13.7443405600134
7.26109528567789
5.16814340653884
58.5710469137112
38.3605392686513
11.0532373667773
4.23730820599024
703.004958685217
20.8753829031079
14.4806065303194
33.3738643669351
8.2625542602629
8.10322306340585
12.5898858341547
43.3863364934206
2.42531403511621
3.54297893053747
2.16511934795406
1.8477485692299
1.82144378941009
5.8972928201141
14.5943987200444
186.858121668433
1.72254957738717
2.09368262288037
4.60314203962817
41.5866907584743
8.365603654742
7.77679858316369
141.789998734683
4.40398458916246
13.8956434331787
34.0587831198151
4.18894289034561
14.4790689658527
4.79870785087033
10.0862521970339
62.3799204956287
2.62691363231821
2.30836582854938
38.2515955072
48183.276682815
5.12455649179959
1.59838610944553
2.44094458782515
6.49415600681
6.13846678134706
3.20614659446616
94.6502650670672
20.3976258046138
1.65557849970262
3.79898218323058
2.39902962890806
8.66291801458372
22.6149049822497
1.58223059745193
5.3679289878013
3.02382959276881
3.43343501772369
3.74377061348436
2.924954896686
2.77046687117587
1.21854732083981
17.3499847383676
5.28737233956897
12.4228667110057
16.229983753606
5.50566094726409
7.20671252659161
2.06482524289454
14.3734567580051
32.8581337154281
180.010425904546
50.4564419028358
9.92688620204596
2.59213210890099
1.75771209925669
2.1771153698088
3.29625423943329
2.76967202539304
4.12249539916278
9.36341758686361
11.0794531915542
1.95241441217854
8911.84853850823
22.492089983111
21.8945162835485
1.93585453765919
0.611934604369307
8.76127947644381
5.19801616095997
106.282375357295
6.4485462588499
8.20270269667308
1.60731372328635
6.48859737935445
4.18727295109477
8.26477658935523
1.34652020931616
1.13249929671067
10.1233776589569
4.42010549162728
4.52666046920199
3.9542014876329
2.9065751379246
1.02164888246739
160.346852492313
11.1503492884783
8.45265304482021
2.24668765223331
24.2922468783282
2.83871214914656
1.77766894979136
10.5381785422194
4.15530476919337
1.56649499430127
3.38529207169444
2.64156360253544
4.45881245839549
4.64571449028858
3.96438793394234
8.84931224145342
34.6869322651932
2.69302548487866
81.7199406256552
3.94991768042691
52.8821466497557
2.89539885109299
2.2373591963137
10.5876127362035
5.09590311642578
3.59337319897109
8.02932207449717
11.1753573724934
8.35926833459803
2.38578124275552
5.48351766498593
8.31428410586788
1.67830634371309
2.965531265831
1.27246948360081
307.971386175582
2.91137912391043
4.00320307951152
1.53958298431644
8.69442376686585
52.3135668614743
32.9357730157885
15.6132688783184
2.82040160957652
8.06925303449083
185.58476094741
2.20849588691146
15.2344442853555
85.8331246416128
5.33861113862777
3.86380786874169
2.02110413183465
14.8445903637112
44.5160905497251
3.1421150559094
1.57585950301938
22.4125884427651
6.37442121967467
12.2048224492846
1.43968978771553
1.96288744319673
392.766657735075
1.57643618551618
2.68162404661158
3.42418434505803
4.71277772475532
2.26342136653115
2.64718766119092
6.33166223724581
2.07559104502944
6.85713692283389
5.85350746886114
3.59009280232318
33.339708090691
8.83140681033619
108.992304088582
3.59294315646297
18017.5611365051
2.89308189622181
1.87346647997818
2.55608750737507
97.8772252986642
1.5681710570123
1.3591081730786
3.06437861756214
218.951789832228
20.1499343526723
2.39637550372557
5.82918214645917
3.76333691818131
10.9112658946468
15.3648478904511
243.048089497827
81.0370378117315
6.92058081307617
10.2598053366535
63.736508199983
1.42673364754049
1.36934379055599
16.2899215829294
2.4522910759484
7.37191636805945
20.7807642491508
2.74172897206699
1.7491585861354
14.8855313753108
2.8535735201934
3.92651680647951
15.6462074638516
2.40330617652095
3.56263509562097
6.86933170740394
1.06704157837054
8.10599991904634
22.4170078341515
14.731550103757
3.80524414834003
2.75185522418172
2.36209655851398
10.3093046396238
7.98242466485224
2.52249065153504
2.46450833993664
4.67312179662287
2.24778485536423
23.9904972130135
24.2719510280102
18.2437081608121
5.4377383913655
4.42109514827983
7.9289869159553
4.06946651968593
2.41878531708724
4.04285708724735
2.14936083361445
11.1196214414223
78.385234550772
5.83352394403473
11.8025470449979
29.2033035690549
0.829920108704552
60420.3604709866
12.279749851022
11.4464653071054
1.91883915289134
0.953356784286612
2.05325522176573
1.70405961382982
20.8038963648632
2.86978997304307
2.87478227285763
175.787124450149
6.07593263744061
5.10479433215203
12.9132396715833
2.5756194247351
2.83615492467061
7.26844087887297
0.885306457593647
6.13094394361091
2.13362416828465
18.5803189315507
37.940707362019
27.8191399112939
2.07997550983156
33.1257383015226
7.35511622137783
722.517166667758
4.96069864122126
5.76456631970033
7.75815560143982
3.01801290995854
6.76795709714211
2.80012614648245
1.83303281869262
8.73445066242877
23.8805658949242
77.5854866779405
24.6189123262307
6.7422957402121
8.4017616958684
5.98477542466581
11.8850578144837
19.1127934781525
1.90068483029361
5.24331897372497
11.3334763183484
2.35336564293217
5.21690459032504
2.19263183784719
3.95566170203115
6.1645732340219
1.99374474216155
18.1379117069665
2.55762301498755
3099.52038817181
86.7297949849704
38.6165512865397
2.53653679882215
42.5445286904307
3.4068570757643
2.06888854388478
3.41810361388933
2.74612103765404
2.30173281446759
33.8050157937871
218.814239109001
2.40766701930451
19.3854372874753
7.96515404741874
2.70843575034248
329.908413704672
42.4763914887483
4.04898526456556
2384.39673743661
2.10089199752383
4.31650748685056
2.40395225183937
20.9316443437498
1403.89131721838
3.95511293919375
4.08246214531886
10.190437696276
49.8756160678011
11.3831319837425
7.50889680268852
1.13959802091282
7.4455027340836
