V1
61036.5105437702
193.425093739004
42.9589120438652
36228.6577564239
19.3309949343679
7889781.60505339
305.032474401409
33076.591193558
7078.52957507244
6.38730665369446
771.744973377788
4838.14947919738
208507.674352394
734.128013004763
52.2448714186319
17.5743848987879
28.3578570893546
385.060607938218
44.194149675884
25.380317620317
136.026083210325
3212.50809254231
221.514350587012
180.299008012523
55566421.2870936
81672619.8714649
1418591488.1403
53944.0130357421
5.79789972925833
152364.26726995
127.642166559075
82637.8903047844
102.752115241803
12291715824.902
1811488.54310051
5039294.53088723
184.852124560945
62.878020873028
6690.48370045946
7.92828221442135
29.8136963624567
32945.7853119911
508.537713191361
2913390.77417098
1.42711227174406
301.969278380111
123.672115199544
64.7905740844715
910271.675011459
2515312.15710179
334.049241255127
11028931.0777257
173.268812609764
44366.3905754405
8089.47952107145
81.344656340254
28.1732033805802
73.1275669073112
20.5276973050555
12937830058652148
3.87570321984453
19.7110502844847
2007.48619851827
516.300902346882
4136.70008213697
122.657814970518
23137.8986138288
18464826.8487892
879.980588374388
221.703427702639
131.484317665816
11.3345644052405
14.234273999282
3945091046.1359
105.450885753587
2.91955421884468
32.7807518858935
158.457183460545
5316.34062112306
1659.53689274608
28478.0211921621
66.0781155859196
22166711.1944712
17907.3809219088
94.5672872507309
114.589059113425
10.7481829397515
73.222898779802
37.9607598468154
8.76103868046514
296819.625283695
4.03344505921864
5.23082858600906
39027.4086319298
6.8204144377504
373.554367716939
249.336881459354
39492.9888412933
103596.737210941
12425.7405227703
5.19823626215741
125027.810053173
18744.0650139539
31.6485500869444
37222.4851929212
60.4435172277846
20701.040729153
24.5307041442616
1951893.4909565
89.0093798719949
139081681.855015
146.503776833394
20670695691.4764
138.613228571146
983.745530408589
11.6589571812234
7374.88406186448
400731.848213197
565.857078210289
44.4323434274177
108262089670.194
18.3512896046553
158.417403130272
86646.7122296288
44.5441482593372
26.4702484850454
1787796.53063433
770.200301711891
276.667964069433
5712.5731764644
3082.57114324469
567.593518128751
6737.11853714725
1124652.16608278
920.665469341017
64.9703074754013
9.49746620258928
1586.40378893322
362.263966558233
5961.21742150658
39032365897.1023
64009.8049662421
239.986235340926
108.037162036662
3738.22575749252
3.62793273552494
1973198933925.74
34602619.4725146
5572.67005429923
8680.08545298873
9061.28671260632
95.676235128747
21.8902067899788
1953957.73606616
98.5737633384449
208.606697649851
24240643868406940
5232.26891593269
2.51707208604987
10921135.6059873
1066.29222712921
531.746266047964
83.5098735728462
132.62183065392
316.306094702503
312093.786512307
8.20970437958758
492983978.188858
59832.2847808642
3.90791784247445
20.4735951871827
78.902075591864
110.815582404658
60.1519981925698
77406.6302014939
2773.84200870897
70.2157812576863
7.5930708910861
158.301816078894
58.8569006321487
3427582987.70739
4.49729115978388
18.0723184319668
16.6132039828278
156.112747396822
13637945.8926736
23846144.0453642
11952.892278981
207.023059903031
157.88765385651
42.4764134885371
64.8948780111204
51.6847970664781
2770495.75210443
84.317761856214
1688.12795795799
19603.5124096583
68.3971608781932
12.4393081923082
20.931565733455
406.587222847619
84.2439868409065
125854.632117407
745.098341436522
114126.435320683
49.7781454276574
36329.1839718285
232.264269325181
1275.60815532857
1141.3791302146
60.5574439022663
2009.53374629834
14.4826122529314
135.92883354393
7585.87839183806
333.008327447747
1481.44264631519
25.8031276684604
394.934845065766
639333059.357866
9.8572690152586
2391334.29851852
4.76188393811051
6922.26609258951
272.077104645096
8642.60004346618
27.1163545558053
7.1076996380878
11.0116621987864
149.495092713675
42119.0920385714
3.52046996167444
52.4717614714347
53936.4408786051
1247.26361562616
32.0082943291162
2.71066184100492
127.921832608396
353869.974843984
1878222990666.13
587.330956158772
3636.9703781518
2.25081984276094
12.9074163998459
70455.8648726215
199804.497779857
5.23389898813774
47775.6753520984
82.7324936690023
487931.833829088
18.4163746314764
246.26263981521
5554081502.60988
91284.9397181108
217.169527993274
626526.292945193
913.803015332134
5.05978078241742
15.386940186375
2067010.1627125
3094.95808612925
1583.82814227304
43552138.0961126
3541.82071896431
847612.171898588
12164.1252046486
21778790.0664645
526.470847862682
5348.48810672449
71.0969878321076
30.4559889294365
23.4970174688003
12.9104467716139
41032.6278596618
176938.97238743
100869.62544604
84.0194240331119
83.5793539297255
3928.76529086516
2108.64032024798
12541.5098108438
15232489309.6628
147.291584399815
2036.3298786595
20.33719916095
4465.74726197263
5.67355612345827
32477.1842363279
29618.5984343335
83.4785725846433
539.092763947662
8182.35050126732
56.7340711044035
30884.8994872717
1041.24080330745
3.60662454050158
2954.19823051396
4704369406761.89
13.428373059197
132.890703703489
3.20744294878666
64.3934185407238
292.63201346923
67242.1787985617
110.078021548761
27.7559533354351
304.92678119976
295439038665.387
26.7089736207704
93.7313880125655
2338.17650306874
445.891020705744
1297.14117873587
1266.64804210667
376518312.433037
115.064798171918
14.6942146638982
449537047.840571
114.086785404655
29191.5931988817
18.9012569830434
1454.00142552374
41960.2257859773
11.9926848526497
143978428101.669
12.8059258509842
28726.3460558113
10.5629883656759
8.79987955237883
109009310.62109
6278.34419808515
94.3750111769461
39.8625651860159
187713.321840722
97.1229404355895
38576.2607124253
1581969975.34634
1217055.18560728
7943811.34606426
58.7290557383197
25.1318911394337
330762.57394276
3862.69172953644
22.245813295478
10.8013678486237
54.4527346855638
44.4641049579553
1215.47202007985
92283.0491118111
5453618.93706735
19918.2221620498
9.82222220714286
5.51720397670663
3816.39390175784
545.404917336182
598.040626964754
4112.24043114659
15763.4276303992
6157112.49125039
7.34784488860584
961.114793651506
8.28880151316439
152048.646944303
6.14369032778776
29006.7534979893
9945.02759304258
1582207.50416249
20.6693621011131
1095.73906869796
271360.849494699
1407377815.95806
4772.11635724535
4820785828.35634
203.42047934737
393.115485691012
25.6279889512512
1799.77017893743
359.677576549829
264.607872994765
4690513.44940193
36504.7857499716
20578.9078584877
1632.90138350772
88.1357746864412
10607.3340755063
86385214560686.8
30.6824908891781
80.0850139835003
152.864591690019
2758.43572054023
7816.23589066056
2564.36585149266
4555.6295785007
6.19750379141163
79.1883698289417
5799.31528294978
203107.368425447
92.4794715031614
10.0700504128641
1162.81045551735
458.772063580996
45.5304648500525
16.3012058199558
6.23180296861976
1715.68989746245
8.37791333705806
115.891533101061
14.4968594758456
1324041.49556868
187.906100753549
9862141574.41778
12922.1864316535
679.556501507591
7.47834655209863
101.41114493763
635.021981191089
133.668712329064
2894.53941691341
54.8574135526108
146420177.067653
1141.56048564871
2867458.00194383
25.1830995517817
1014284.66984439
952559469.519787
11345.2907008149
16.2520531765739
127396.552229938
10789833.5251395
32.480723628608
6.03637084442195
31.7557635254712
9820.18379044509
142011006544027616
117.039775592143
107.004653243418
93.7901791477433
19.1580695162077
20625.3263461652
18.0566169723213
701.808983343285
1106.47343085915
86.8913022671887
69.9266989569084
25176.1529030969
3.65140132462878
148.979738304071
362.312291308199
10.5071690457801
2036.22426869741
512746.388387618
374.584019701557
19.6867632161729
22.9777024584144
2079.92060154992
178.842149288182
15.2314655067962
262.55654505868
40.9344591767528
689025.426338654
54748.2958380252
15.2368849305346
170.302690035409
4.85535067793839
1285.17056539176
1998846.09913802
543.44450911018
144.430896353555
6877.02150377028
13135.404547041
90286.152347669
98.7320773486469
79.3253304799293
3147800.83424338
8543.88196208384
9.8313742877149
67547.8059063442
13814.4150945312
369316.885431158
44206106518.3461
9832129.26025236
1036.03305408022
1996.61247930937
6.54732106725039
3982305.35196247
11.8567903998247
2176214384767472896
31.9154065731031
1747308.22584692
142.49675334571
12.6049550805714
25778.6086723485
5091.99130745378
27.9784826333349
314195345.054301
85490.1863225237
5019.15244867465
6584.65382988822
1622435.62865427
33.3021026803013
3466454.29161496
4503.5835429166
948211.420005651
19.2075786870585
9.79301044911107
2552.99507129046
15.3779160774474
470.293718802234
9.07161508085698
25980.239173318
30.4671792153686
145693.837340515
921.105927149421
22784299.2776622
10577.4833040421
23292673848.6422
12604047.4930936
103.506163990175
120.434748616467
3077.48595740971
2.41161159145159
1279.3813642427
1070.99060174526
25.8375274035596
1052.2599499563
29.5522994863974
136392712372.795
7.46722165738733
22.1692490874837
334626327.400472
60.4616042484191
8.24616162987232
1535.65481986471
8791732.60136057
143.298366908343
262.800653899054
283028084.463134
114998.588431794
1525965331.95109
9.05263417509574
1885276.67598079
18.7992930239569
25562200020.4717
26739.5647354782
1722510.16866241
5.41084337086659
5023.86237564982
427.109684066689
130.526609971002
125.096597379868
366120.717169473
75191.4158205453
5.4767739382548
2472866427.51631
1553.26452025937
116650806.065119
5.4778998340505
9405.60976851817
20.6638623682795
68.855079597223
121.969504196154
23.9563188184451
213.534745875135
19.1761314983779
5526857198144.09
31305.2356533741
36.5772367421448
52.518950332915
26.1404751299907
25.7346948298077
4925494186.30465
11.0978928375865
4.56108962272776
5593.0670864186
15343.7664370396
10803.1569486709
4106.36647285552
554.041782119583
11244724.9225716
5123219.29706661
242.130448924361
6769.19728190363
460.548171727177
12.0769182630291
2176.87984248931
9.78595847124017
1536.52795210943
442906.663267032
157761055428.247
47.5407999404238
1412.69916550425
909571261.931358
134.044937686415
18.9029195516213
8010.20380755797
42508.3962031765
15.3569466621611
448.982023257435
95.3600354662314
49.3895075378936
19.6070107923142
721.547678459553
14300.1290276512
4.28340565051179
1786.63695092589
59.5760864123565
75.3932981389411
33.6737239969775
453.431753013777
68982.4251896935
10969.1122733817
626737962.736857
3233194473.17958
454.900865142749
2439.41336989527
116.091771937137
60557.7667584718
9550.16612743367
21.9264574951213
2477.76031612508
47746.5727675513
14.7840104630926
10027449510.0763
40.5320069257694
6.70110599538108
10036.6824741461
6811.14027199067
9.30552621469825
2396.04634578183
1036.07103215502
68049.8423132728
341.440320996482
276397.90636476
32349.3535261213
2657.81095527108
3996.35381592207
12.1763317783965
785.596187311754
2313.45538465277
40803958.0207528
87.112954184469
124278969.854151
415.267732455601
26.3668544417545
61.9021923634027
39004.789823538
25.2133346978249
302.711033890732
832.376111929058
897.398558858268
44.0804851913501
163.265539025923
2807286.14872245
143692928725.997
600.026336407119
187.928577255427
88025.7350711275
131454728417.463
164.600946152822
1533.00919584273
29.199491530641
26362.4294454508
12387252.2210486
5.45882646108473
362.430593678511
268126.103441639
95.789259077124
15.805168068091
40.8738408473006
2850.77311657879
48.944572809965
61795.1853018431
3976689.62658232
21259586556.769
12.532484995184
5596.39422304723
37.9982461439499
89215811.9564295
237.89052509444
102.736446000918
2712.15490690266
132962.479465434
3216093.47605357
42.8836375443504
22.5933724374142
356.99926956726
38.2783258542231
10.9556399862091
970.682389064541
735.292687460353
270.190332562497
336.309442261318
17166625795.0271
7.15936983646256
2646.65042311284
17.6196486136502
3481.6952304169
7.62525882246982
1226.35237691378
1010095892744.56
5697.66031545135
5.89279402511761
77688.966006586
1850.35331773121
58689325.5017451
20.6489437953248
5834649118668091392
9777.15617883594
90.5700605876183
323.634291455922
248.399846727351
505.504570687494
3326.59884365638
2226070.582558
1579.03946568433
1278972.69259472
1587.70482737465
162.35076343701
111.777109059584
47.2065213935858
30.1335226450125
621.028452279596
2406.40943205256
9837.63293542288
1608.53004229449
284.797473052848
56.7451340605418
17646.5339870007
3.97608512866139
91.2022351020096
4.7688912025358
219.556884087034
1008.63886672244
59.4065220722403
7.51038457455764
43.7159931703036
964246.40556518
17568.033541629
660.711366194597
5613512.71326605
2036.30586458298
3183.38636669231
59.4563614995884
80.2148645018544
22.285497620143
2403410.03216356
181.062766803304
29.6025462147272
903239.186912398
725.059629141594
102.434332144975
4393.04760051896
353.122999497982
12663401.7296796
5.08539231175371
89.7869080088955
470.651201638479
18247.2505706696
278.288567734176
55.5926908192577
155312071.307858
94907.7985766573
8.80866519585387
280518596351.668
102172949.522062
93.9393077904727
40.9367923373434
28.1200416178772
22423860.939206
9.61493476193058
944.159064947283
11178.2264168315
1.44656617687435
547.836316701586
16491.5077311789
51.7990589897848
93.0241200174246
3077.9941205381
168.006996274191
2959.78562874518
2610.86458877995
149863.81671514
11323097846278.6
90.8768987160805
53609.3094231509
14.4266414767419
50.4388307198554
7462.61199461375
445.699478577508
5.77801642424818
10.8637532844871
84.3743300925077
283.989101354558
2930.22335956228
81.0491171340576
4082.02075523979
16.9319173948104
90.9862546262004
32220111046236
7.67794699758174
9605.31951344272
63030106.5914405
4239.19945820605
571.386835090209
5108.45871867176
1724048.75656304
24.3664558839579
7478152575.05796
47.2828654997256
18.1579342386287
487.386151497884
126633.706763267
52.8279198898788
20.480360442683
2465.51128144731
139.271166581803
6.8321336796287
99.0705828716484
536.942718090588
21.9216773278115
23528.9279493254
59.4253408947
122720.704057561
909.82463563111
8.12415123052422
3133.72001475143
72.4209130282055
404715.655000211
59095.7890180205
38627025.6724077
5.45819036266815
98823.539077966
20.105420799722
276153.716067642
59779.1440806875
89023686.6775716
55456.2363636391
276.17788730487
28.0317518254582
941.099957414728
201272.777966325
214.900910011419
49260497095.859
93677.1110686929
100.383980404751
19.4690504191087
374.489501811179
738.870329722423
202.767578079325
1737317.6953289
3202.57523249493
40.5255620415217
1679.25600912582
609609.262353227
734.069194977493
16.833941970235
17238.3472607344
8588588.28069244
31360417.4107944
317382968.051331
11.9241407251257
662154.499708993
14.3126288255095
77.048088453293
102838.152555217
445.862814020325
5654.57577955579
1319.86120725694
2797.7544163384
652.043862897921
216187.635101146
16977.0380387479
67.624228573011
1057.67943578335
637613.76557375
51.5326165213003
1064.8690125931
4.75123371491874
24857.0957008289
5788012.45426611
3903.76147713011
241.196646029016
932.435608491978
19962.4454613518
712.462352067838
707.473783823844
13.6388966217631
134656.061810269
2397049.26818391
4.10434875723307
3939480617.46197
152601.305870219
16.3817274932798
16.3671970629402
10.9594691272379
78.1571509603982
91356.3001662729
16.3604566107874
165.172430524591
5.89424647493985
6.59758724160055
6530107.09579052
49.2648723675062
40.3455491371976
301731184.217539
13.7655548871393
77508400.7059078
374990.679421114
19.5443299611683
1.56121062685643
71699964.9004927
20.8524510477719
73805.9562452206
126.693658994233
364014.929930896
36.0558443755344
104482.27060694
28.2531765069063
2961.66662222205
792.664181311445
1866.00886890374
8.47920538878415
41048.5640128918
189.178120350038
16.0194076775518
1658132863080.9
1425.0443652091
3762379715.63096
130833075320957
20.0632517782245
84.4055863079052
900.008256722797
85.8637715671508
16975.4143407443
3300403.6932182
68.8418008239523
52.5630657112564
1821.99060737893
1181.2193101965
509.383922804887
41.6302671356849
11000.3196574589
2325.9401168196
809341047.773107
30.4499837792638
3621.47417553638
14816.2284889261
2490.56352276201
662530.622793975
139545.065483501
454.504748116802
62.3178982843749
84.9124484809412
20.406180398269
5587860795186061
25.3888362902881
219.211175621441
117533.924283819
390.354288463601
19213.4162991865
656.839456391412
1727.18756433545
37.0760597933879
61.1833885323826
35.2047991290958
38740.6915097147
798.6666379759
392.234684336986
125179199130.223
790380052577.966
549.694846665115
36.6600269454162
6.06394869643802
37.9130781813752
12418.3421213079
9.67422999501146
25.60518020489
17414.3227277447
10538.1687133331
3935.03005534001
15919.2926755569
4322230.29139691
249.559628929256
6158.24789321986
43942.5407706068
168.866368608033
7.56144521114087
43.1113759177173
267.690324177874
464699.95102514
17.7214706056304
174.438454553848
72.6109401421142
57494.5449523647
96.0753364639436
17.6765656516321
4262.47041484095
263730223882.852
181560.334503111
16948.976983825
13586.2677480874
119.300072672486
79.544953797793
1006.79396668903
57.6943926824622
19.3005053495398
4720491.79327694
8018756.4637291
28.7670437575568
159.901290773471
27.960903249087
8714009.75567942
207190.595978073
179.637906125781
7.07293842790239
431.380946991121
2.87223969539244
291994.304825179
18.5089858117918
238.781697152038
44.6355684648432
68.5428939126104
4222.49827065921
238.315324073556
14788.8266820433
216.192387279271
111774.45907003
3055.53130919975
266871.048174829
30.0117903220703
2856.93955472859
13.0178953578856
4877.20416852177
97.1510863945163
1.83074881201636
71.6702104124095
3061.43840999162
3.81632423805225
11884.0888097618
43.0018975978011
6813.0709754887
39.1081060154362
10.4855313848123
344.991644607691
15146.9773654051
11825.1228883827
217377.955797956
523.986032156981
147.531345291594
14.7010997274058
3501.17452502291
23.2199817837304
130.281093688575
108.375013161354
23.9631605293422
975.386502363807
1294041.08980026
600.309182727685
135.864284927503
4.36092455293067
110283.500873992
507.136682499929
34.0840101017811
106.762189430061
423.662581621344
420.52227580362
957610283471.374
166.742318684626
24933434498.833
899.770737786047
852.96552587639
305603.203449121
81.1374666599886
106546.697849305
62124.6568636659
1959.42465004032
10604.2893965965
1795.6052445805
32835.5997020134
11.4698403933937
13.5260284977743
124.975905426961
42.0648649499352
216.039515974698
48076701.240286
94.6850380012467
31.8081758122603
23491213.1647971
49.1370824865481
27409918.8967611
4893.15755816356
14.2213890577246
75.1704994180325
234636.868301999
132652.98480303
4263.68880984081
77229100.2696532
6683552.10893312
13915.7154951082
18.0037336875864
106769519.179682
103.962075186733
29.4366665324663
337.567169413727
47.6843059220533
1501.03143760714
135791.458389091
422973.281645534
37741.3529839441
315.807054115406
683.604527905654
1711.81428361218
7533.55928388119
189.325289577646
43514.9072215264
1857.34169835749
22.6720326572317
2935.55347685989
36.8257340689743
27300.9642138907
23.5459323017183
3538.84647773325
13247.889806456
25.734343624918
6139.80859004939
5.74556763119146
7.65480232213564
27.0843870199102
70.9730207296765
34.9775311782577
31.5957148775221
611.702711685714
43.0858179977546
909.237433294928
94.4201058218514
14.1135977367675
276.475145705174
460218653.327696
26.4983007059219
107.448513006577
575963.367021151
9.92075790084475
4043.19269394348
17652.3261690459
41.9066177842099
94.5225996342184
3009.65358734206
129.557466125178
8076463013.05677
411192.171744571
437163627096.288
8907.16138971063
15.6361314628628
77.9397305129124
17.8648243304367
40.4588560890741
2032.43300576338
1293.02646767908
54531.1063806734
4522513531.63794
37.2843707665371
52056.6826706066
35.4428739421661
13779004897.6436
91.6947891130131
56909805.5212592
9.91689804747471
43.2904497309413
119560.721800833
12272567.1032047
1433.91597779864
121.529181113072
769.071918551391
3292505422.86582
336273.818774813
19.8828330768705
127.194433330864
378959.616437498
15536105.0312254
289.911872485495
98069.8793432708
295612639.830729
192238.372707897
100224138.865971
14.6053790665002
1483.47556190099
332583446574.885
484738.136804532
4222123.27756478
6316.58299043799
1735.06200204299
119.948430893919
20240.295800317
18.0586846051401
337067.437727526
3111.10287683464
779.699418166597
12.0275288967526
10.8170255316911
296.286947662408
156217388.083479
3374597376.84537
2303.77749968908
712.276470992596
129.609689856742
195.075787725017
145.446163304269
119.771408893481
4.41398404839662
253.722121476865
1508898746.55615
134657.139949326
16.7699919043558
5709.59948260103
181657.017731546
11.3123837652065
978431.702152766
1291.74061633276
197.374896194717
228.487756937344
77970.5237002198
115.350720185388
46.363998724733
58.4391058631888
101.201003353564
3293.04704358094
6.36445778959167
97.9326112393089
159497038897.983
1644739296229.73
32.1700858082186
1939994.34504251
420.639302214933
1054920.02490851
112753.871588691
10.0487281326892
6045.73508129789
974.123955404103
1095.39096603514
3290107980.91654
628.05573056864
187.5430781527
1796950384.26554
454630.554959226
36446.4148124973
19.1624822036298
5222.60429929375
1094197239513.54
8.4778749049539
471.964471969151
1210.39564944905
2669.77917302663
300.192912314527
408.970724828766
587.018560154008
1941720020988059648
41.8496429023174
2989.0944770543
18.5077993964874
2375.8249606765
48.6901485879512
6.11996881588342
959.612099121017
263.096176916722
46.8373022487899
13601.2961007435
2896.90901427969
458.98636623664
1101.04502511091
1195.61499009518
14213.4796078107
3986112870.31992
23.9866074242254
4197.51021226009
7.43874055843212
102537.951862949
4.19872948206299
2033031631.04406
50.7913556018006
113.837093960607
10.8529040453225
39.4999279878671
679.243720101888
9.17066549762584
12.7473354266613
140.327969299129
227.110670437586
4.88738593014071
16463.3273013197
285.522846052598
52.16498341939
38.1023375757669
284.814537120271
44360.1621426277
244.138810281449
134.363193012977
204.818389676289
33.7958540882061
496.941281144828
3.3276961930548
121.442398432263
80478.6665024941
250.155743073828
142093.867211356
283.886979618848
55327.6736074403
131.471636179914
169.971752899685
3218.66050195815
4676156.22490622
5986.7088270212
2918.72707246809
6.42919240918847
11.8923029262651
4.93968721160547
2910.78095943538
80.3382946733029
19.4565401230461
146.575837461257
930667684.128887
12138.0328732496
295.309236281094
244.23383857815
73493.9426200529
13036.8203323715
11372.2746325833
124.10768525194
29118.0913583673
192770.544023089
106.039845219445
898583.97905699
127018.109616857
204197.773648224
784.813253508925
673.924111862187
6.49538792113436
7.4721777456793
103361.363008939
818.971652053797
173.514674322999
16.5525006331461
281.989610477791
56198.669905064
208.930077895454
40890.3369740246
178812.92550218
199.36108552443
250403.978534951
71.5069252257283
631.690143150481
22836.4594708858
1469.84130380314
256.983170617195
356.786168775476
1478.57220896966
2114366.28928371
144.017345521697
813290204.976905
174268.688179758
18.5984086353733
13.5839214986136
52920.2500658218
158.566877239515
8983328.80553131
72.2028410759137
63.8622516590651
401.618764059544
18.3093829553155
2121.6805045199
232.333169089204
1072.00926946657
74068.1134794775
1.25770870988666
198.644484759011
25740.9272389203
147230077680.148
3407921.8054965
41.6908884856087
36.9490620848109
78.493743523272
253372.693401564
47.65178624391
231551.027312502
33131942.9443834
8510494301452883
36.9904337155562
40.7978601711105
7302387.14973154
236.316347925081
1780.41021061946
3264.54372028013
6432.92565037658
133.241286317348
60606.9425021126
314326.896616156
10.1241218032315
54.7868026584749
500073.244816695
10005.3832333693
41.0998694209603
21.8343437684525
2338.09764447289
106.995198619783
42.102847205763
151.83411178685
5798748.23963964
47779.6890384596
52409054.338231
518161708.499141
17033.8878335781
14512.2299778997
691.948350018164
30391.7458004682
7189304.9192419
4435013042.01935
15.077320920131
9.58630444328958
214378571.07433
13.4267208481194
1197.24712702353
59.2575048546966
31.5225654063238
25161.9489325739
11.806608985096
10.3394863453781
294.151655121064
10.8328407227148
1231784591.78521
31351.410632693
7.04773533312789
20.4653562147044
20170513.8390886
6059446.90384039
152781626.846444
13647.6322857554
2182.24417409106
357652.766108255
40807341.3465346
151.507198447971
54.6121910746357
9.60369894918539
10.1914068052849
5.8700670774457
390.778044586715
204.139489052598
65896.3676261979
20614.2499564637
222355.675874011
56.0325960463476
65964.9177823853
124401.613264278
38.1169672824994
261.020396392646
61.4405687310075
85.9411310771181
556995695.916503
2954.03632043924
10353.7871967527
6747085.44137995
171.102414783668
8.92754064034634
5847.64941391088
41841650.1835424
66044260.0866846
82.2493290426342
12.9993944974026
15.065415673621
35.4277109703475
1146.30739371076
111.684908336622
2004.76756301593
26405.7976821421
415.550574417157
56.375376615104
1475108.1634141
2284.03673008655
6.55351604356077
168.830493000148
283.740648722045
98.2715508728007
942.230334767816
12.4269175841235
212.576679021932
135.241484407696
952733.223423194
154462186.168344
13.0112747299296
85031.9933202461
7.78128679884372
9857806.17706404
130.718184629342
4.32419381833806
163.828519702261
434.796225853565
6283403293.7677
485.264692407057
243.275714043662
15.1127661323191
6350743.35613345
51.3298138920119
16.1497322836976
382.698525052804
694340.235235692
132729.033069814
405006.425114713
84.3923779352522
13283.780546808
33.3351101445653
7210.9490372792
5583.98691444877
4.06980810456623
11345979879033.7
66.6005031866111
12.6784796061241
21944171.1206857
121.947075872486
16.8096430156659
159.918982683353
186.124253453481
135.811570224521
1.72737159192875
2953.63924723498
20041.8770618675
388.199918287613
1406295.46055787
18865.5577211531
6.67256096360548
12830.7410611487
1063.85795896875
288.782132138457
305.234030371994
1325.19083139324
1240.07234277742
13.672883051156
2006.36122106169
172.284264333944
2428.10870077781
44.5933590223791
3.43623567057905
15.6882327392497
31.080126456288
368411938.540264
98.9680306586413
36.0628940540903
4633007.96412151
53507.7200039131
5.07451714115199
10160.2545003624
76.0894758384551
6.04143303312509
1791.03708394407
55.5373491708285
188136.293243553
1192.64870683198
385.763927286123
80.1031375399209
11.5270418982705
58307.316506285
4069.61700404085
6131.72581944575
526.018468119831
1527.99313098181
16.1348553460904
655.121001662092
210.028346743568
612860.281589184
11038.3949363329
214.471134998582
2633.10093465119
236.272813865392
77.278801430839
9.1516140942961
3967334.90411174
27060077599.1901
392.624628137512
300.119734422373
51.4853527819661
50.299601655764
1144.36848905421
8.18979621866962
4637694.33081945
34603.0800025635
59.081572174893
202.155288340557
22.6940477912809
42.6329358518212
5571.5498774423
22.6792713032381
13.1145890128617
45869363.5404057
3.54066157899225
174.863849458312
47127.882740998
372.829474733719
30.5680737967153
9.85290518062008
4.82193927083831
4175.66217534556
2216.11382903995
8044.09108371685
8669.98129136514
6789.917746397
59.881340681615
7.61507833386178
157.726919322652
361025.394769321
10040.9786045139
9952.95900370503
22.1778339693572
54.9738217217513
7.06112704675032
60.3635779333911
252.734558624032
28239.5270739487
18.5540103640692
13.4636346216468
68162.1767919585
2301743204.21457
139.884956645695
12289.8173432791
951.948845193645
10.8200988200977
23385039.9782396
5247588532.32134
112.174721485095
214.001474620713
1004.83530700141
379.616698152716
23.8823382901354
1404.6275004053
19488936186.9092
3.80033745245062
8.38103254396366
5.97550551349905
14855.7220460961
96040310361.9168
2227.2427043081
1723.67867554859
88091.486256104
278.896364348727
4721.72336666718
39221.2111761504
927942.203409341
4107.14967909425
1077.65242682373
232726.903577796
3301410.16665962
114.896908449698
6.22063769118089
182076.082425122
16.4874276616332
3201425.60886042
283327183.608189
8.14999014744413
70946.2449009646
143.89949573752
368.444808827785
860.66000495781
14111659.2181753
346.867393923853
16.7095172115406
53.7291673204469
24.2001145529383
1307.0736279911
93567434.2933042
93.3682591209082
656477954.908403
155.352651802466
4854.27591796498
7.51197488238041
1976.64845377758
4891.16423954873
5.919757631682
16.1834323520647
1377.44444858089
11.3654571986496
199.569379594464
37142.3497410802
41.4807171291467
3547.81764075754
130.677035856616
11348.2007374488
21.0341725157766
69633.3933250342
123.200608075112
1047348515397.18
1070.34621793567
312.430091861453
15.498867438531
55.458025926945
524973722.872209
3237.25934575146
882915.088349571
22.9016424799055
27497015.0360945
17.0761026737684
563.980663506662
39410737.0202108
1289.29192689211
275.903430502301
3605.30565416651
125081.520108496
2525468.81304744
2766154.31915483
145363317.560988
373.134261440034
3042.2682889255
11749663546.2915
187.864031727864
96.136920316065
9952.5074417973
9.87255272916413
32377.8785074387
888803.881628103
13.5191601881107
25415.0038982068
124.947008947263
17.4473777507002
3893.52665343539
8.14400172560505
48.5487391058531
11.8618969200372
18011.1184043126
3462.98134257308
2863.51893688811
948.345337722161
245.107065423279
700.149781935686
11.7384225437286
712395218.433263
99.5418235180054
10875.5472263636
19.4339812834842
453.048413645809
68.0751079044105
276369866064682
29.5336406704334
183.419606641536
7.93947435443083
302320.574115715
17506.6850597217
3607.40045395541
9.23231197387758
73.9128903833257
10.4759761287684
185545.390173842
2393.84472218604
235.012506942441
2271.55041339037
146.987907641896
5529.92488335719
70.4100191418853
108317.256707079
17275.3413271537
140.087136074095
373330816208604
51726693.0756396
64657.114287836
125.657225778998
29.2082202792369
208.559246005316
2896.01624092389
153996.089573009
182.300400068628
55.0274137147413
1.79229487429511
10162.4096957748
205.946732841356
56.4356970992118
17.2792202639422
118.397237828775
268.487722821191
6.40596949205074
2459339.78096046
606.103590692897
82.3179670871539
40.9109052591467
404.030847062802
7.38708132487258
7021063.35801972
7.21902139517072
2218.47403117355
5722.47938486604
30.5610093073308
624.625062903536
644.108856831776
13780.1011771921
72.1627183892317
41.017322098527
4237.35382823077
72.53081699339
23.2104898056529
7.36059799167884
4216403.51588182
34.6574611425927
8469294.60239854
67.3681638898294
34.9631098392161
5.44706172208582
8.25137185400441
562220.468882433
143.585354920985
1013614.12170047
10.6205763511617
1167.7520281715
509.14182614239
75.2945971150122
272.845040076057
61498.1401711501
207.708922207711
4117.33707977274
9260.49792984508
15.1010202816842
12.8164407052727
4.18488503511792
28.4052438693522
948.539155820014
431852.876855915
42939.2950282639
234.127158027574
155.40493449386
26.5548080584663
67.6054452881408
244650.340113627
109.299973757975
6432.60696707887
105438.79554073
34.5905293237678
111.939788094232
112393.186138105
160739.621078125
360.441752291253
1337.90677860607
15.5709231659124
698.408707379186
1.81967252493843
1342158.62107748
959151876948210
114.771727832863
76.9484578605102
21.507237464815
58.2828665062715
310.032697233381
59.6804188507132
28.6142378702699
186.048848020151
1232.69392297855
370.056595826238
2069288.46169194
1616243.07272176
104.757334597784
165140.900571547
58.9901091453073
2194.84573024987
25326.2705144733
10.8849221914927
20.6564110790426
265708.978211756
28889.2899642684
1186.52715268684
12.2681964783118
33065.3174226285
41746507874809.3
965.633106639256
2051045980923.63
780.377725832661
91906.8346546884
8774.23771598073
23505.3667576406
5549.96737503883
970.908851119764
1013.39033744977
25579635025.3504
431.641120752729
167.323829926144
55163.3023858187
21730.4258008698
50.484599463583
3180106.01571282
40.3299802256041
123481.972263788
21.5493255875748
138.532429250309
55.1657830906058
239.799114435873
893.980943955593
7.66633110534508
3568.43967498334
25.5204532465487
50619.5709529845
51248604.2564836
40.9282441306967
349.087755644659
25.0908739880568
56.454327482353
381515.638414163
354152.702201674
11.6369405713198
77876.2008092159
368.471694150626
88.0015769454975
2398.11120098669
362.719554554427
12464.4948404111
17.2432677982176
1153468.06795471
892.617498978457
6276.83575467021
140.018512431784
140.290008064708
37.4415423996331
16772770159.487
6.44175186532166
27951170.552964
3.92844407895898
16083.0112910472
308996121.707165
10917897.9942157
24.0410650095509
2577.13224633225
1345.51500147495
240.06475972842
35395.228175755
6888.5984710519
954.587048105006
529492.388989951
11890.0381278887
591816.532086647
33709.0004801095
45226.3151493758
13.9959665790754
515219.709227562
25223.2917358827
7421.10430511133
63.7536930835078
1132.24282607742
73.557433819943
43.9870808521178
15.7622841220353
20.5790916840091
9.00420343505541e+20
6057.93845312908
10.832239354197
4028105.09493168
1542.16749674173
3619.98982631995
1619.19143086465
13.5200458806848
26682.6820648488
11.3583411723095
2835336.28723465
6.71215478919265
7594.09792643271
123.494683795251
387.892151619175
148.9888827804
244.85008976748
37.0239308682325
74611615813.3854
6.45589323037494
13.4557105430254
963850633.481958
28.832255563771
389981260849.16
23.9164712128851
8762.07332562056
19.573585528056
6967.5531110419
41.3258849926272
660575388.952294
132.158586975145
27.8466568383561
596169.602584189
17191.8075594144
895.538979434108
84.7108512842472
51.7793816085663
168.640451298224
91392118.5726982
16.8002695916951
52571.2786354792
449305.558449081
238.807311929679
803.400222266911
701.898289534302
29787838.1913661
41.6649869172439
18.6170992134576
8.77297072482136
6006.36577579924
12.1148006050014
482985205.322691
39.7419019178387
85.819284990975
1108748986.23198
32059181.9169496
24947289.2848043
124.127077913396
210.563171490776
167261055.529209
