V1
0.586683961630845
0.586850603537979
1.48908673126378
1.14232082002624
0.636515824213448
1.02530209910508
1.53597444927418
0.4838869373843
0.481625710896274
1.43360033942129
0.681178426869493
0.879928169860432
0.848501013370821
1.1065167298433
1.34811591614692
3.39960755513552
0.868891515351945
0.706962963421618
0.714550217976607
0.864594213034211
1.05930644838093
1.39937400872385
1.03147487964055
0.648642864217973
0.753943385000142
0.739691552961468
0.759307838114363
0.694034227865907
1.1508571355366
0.775884973354015
0.666894110861434
0.629517264587568
0.991276205064167
0.909371297598423
1.01795081333367
1.4266099992716
0.81140497244466
0.789663005378912
0.733606131483681
1.23724730916994
0.741649885201871
0.987140696561697
0.860054946926996
0.894647941094462
0.679174628268508
0.810420524488927
1.36071323530116
1.26675181731394
1.45167926481255
1.54819695656927
1.16920964096486
1.1626629259338
0.559245905528693
0.723797950094539
0.735347575287244
1.72956857708075
1.27836510523166
1.1243454004052
0.630260533402138
1.2733446228199
0.721506421932845
0.454128082811129
0.470692153767068
0.500209634214197
0.549371160180313
0.758493537754336
0.79812184916462
1.49637123424328
1.29440871480762
0.796383042269768
0.332940993965977
0.364208053166033
1.00882256138983
2.02905466028443
1.74522414977817
1.04181397445622
1.1036022476371
0.594790521578345
0.616979796713134
1.14348658170005
0.857633008514841
0.845499248049415
0.805662788959441
0.671939481369681
1.15080189571986
0.880889576254273
0.840217913462367
1.10021685358765
0.706840669407684
0.908798301468247
0.57965800262531
0.563538852129874
0.832935558959854
0.77386951877325
0.847471558146344
0.9744747218315
1.01627156314333
0.98528444780634
0.898152862199604
0.793327622135107
0.668290713678554
1.06851838287034
0.697824946956047
0.788551942239342
0.960439967527103
2.17271383197572
2.23893879191304
2.1661058147629
1.9689275428086
0.379566677231407
0.48797651465209
0.483878711376286
0.641013988094024
1.22209548989493
1.19740893322511
0.59781257134747
0.933056427806069
0.864241530547413
0.557905324695902
0.568779182581435
1.13474278034127
0.972732847764745
0.567573512824025
0.562926618207029
0.858970242176634
0.904150906999566
1.00914051164899
0.966490992584544
0.871131794125026
1.03858769014115
1.13010437984217
0.719468164739385
0.558275896847839
0.56887474551117
0.54339542567256
1.25361452672616
0.570419627734414
0.937199318045259
0.661986576791967
0.797845746773277
1.0997342943111
1.20850855480673
0.716689203699806
1.83453858945605
1.17458395025041
1.36713867860076
0.747144255032373
1.62090883306028
0.930085743288795
0.604909148497701
1.64690702750524
0.731453959757748
0.565134795604129
1.1923068976782
0.384001814939743
0.39958570744582
0.651520771725955
0.771346183773973
1.02949047975748
0.995285110154766
0.931616713959402
0.627833044855379
1.46489709839694
0.955324027727076
0.82702198522586
0.600641516968685
0.675537235654797
0.959734591434597
0.919665373094756
0.898139390007713
0.393644524111368
0.600302250363439
0.595376678877177
0.872086205884668
1.1322139911116
0.943324538689892
0.683984515345234
0.948224585735822
0.97674682072979
0.889888593441087
0.801541123561375
0.95453544679486
0.948734013955523
1.08567379124076
0.826146632524569
1.09887815466674
0.907643589513695
0.929066463193715
0.760757219707755
1.16611883553089
0.88312899662951
0.754430589777051
0.850887803394558
1.30344009982713
0.91248986539829
1.47706498418729
1.43386271228978
1.38719399753736
1.55429645074956
1.34787462499414
0.910420771568365
0.87051873316474
0.755204277578833
0.873104524560313
0.891796777744038
0.903099990720994
0.953980259591533
1.520151498565
0.846536465812094
0.950514558970997
0.96391197575327
0.946723218904361
0.848659697896862
1.05977497727651
0.873971947957641
0.906297282845439
1.08690488281465
0.821007528218406
0.929607709097387
0.702458467864149
0.646820795781681
0.665818611927615
0.611576640339609
1.77905620183944
0.995699862183279
1.09004545804513
0.718463769446705
0.71572518895909
0.840522127406442
0.588775101097398
0.73023710222976
0.671206795148516
0.805238316527969
1.08454018007595
0.810475634958327
1.2404385668135
1.14221458912979
1.11587293505582
0.580780145965229
0.773645129150874
0.69366232519859
1.26857471677783
0.998491389099207
1.02697039104485
0.92517756289978
0.931437860720782
0.931294709723025
0.997100920470687
0.691653618488012
0.769103290923743
1.13164010411076
1.07792694373485
1.01837284140507
0.720331324429735
0.99174484250451
1.08526619726271
0.947784806365211
1.08137999648483
0.838945947081293
0.783308236136486
0.607997201392151
0.606540364280825
0.475100461222202
0.524233019398166
1.19516948048387
2.07510758389737
0.644238036034034
0.824909991344544
0.68225963302435
1.16953940457809
1.04835021007981
1.18955703698737
0.594752456203069
0.634328702941516
1.34647356406211
1.87564012282678
0.757486169387212
0.80020926841739
0.779037574499932
1.6892826983683
1.46064920814513
0.653912322479012
0.632858133278251
1.05772185299327
0.71886478410274
0.666364807098811
0.992791069895242
1.23580428372925
0.563747400084154
1.70363124590013
0.700728339407548
1.28157911350956
1.02493633657204
0.960769262785954
1.06957107112795
0.643204863329085
0.637299857666638
0.483187742512565
1.85992841420889
0.823181144377313
0.742800333891339
0.931008659927696
0.835778210115767
0.809969245949528
1.1688238654398
0.681644512296516
0.686193239973652
0.592135964917267
0.773071297382957
0.824074780628961
1.36404697775835
0.725119362317099
0.634292547235896
0.96266692431243
1.16473081472823
1.0375757681517
0.852512847122158
0.817597595877468
1.41721545605447
0.967178121875445
1.54912460434903
0.73339194976534
0.969535294610732
0.958667001058583
0.752804283979406
1.07147735308874
0.595176665917133
0.556936527370322
1.68179890949321
0.624742321411793
2.10492955286104
0.728500475963356
1.30912634170827
1.12078574795224
0.48361506932757
0.650247642622631
0.452412909300635
0.83513908428183
0.84422941719653
0.879977447217697
1.08725959774651
0.952678488533523
1.13844010905043
1.46773441850425
0.438075942032085
1.69161044292828
1.1216614235282
0.991873331371543
1.07527570665128
0.784059004987565
1.24369153332024
1.39179321717858
0.943844264965279
0.979176663223906
1.20025135816897
0.526271520899928
1.08332855836419
0.94589576593691
0.887883267632311
0.626486533305464
1.02503668275126
0.484050034762563
0.606470009679214
0.849219148956654
1.15671373783824
1.01667083302481
0.705367736574354
0.79527604355407
0.567829546209498
0.566240714813324
0.539839179241132
0.676390978208363
0.845332701102962
0.607685986502848
0.447305264100409
0.407760209160689
0.589412500527692
0.858785583426093
0.70793641403972
0.503855378252452
0.725799843374676
1.57735595648088
1.96730384745221
1.52822663334816
1.32536381618327
0.603328774196086
0.710816478455333
0.504710137322256
0.964514512589945
1.26204573051033
0.607172101562246
0.624476862339242
0.754008980928018
0.571795996895919
1.48324758800516
1.99612140462502
0.88860807606032
0.88006896963129
0.665128515903677
0.741891702478521
0.755779962546466
0.747689121774089
0.591667178896821
1.20898963694053
0.955391571523482
1.13423906637957
1.27040532106791
0.55836969507734
0.99453405294732
1.03730707082556
0.769550269770551
1.41547901456148
1.45970155435596
1.4439999415604
0.790891095668281
0.651101327424525
1.37869444909551
0.979691159845804
1.27726490657954
0.952144281001812
0.79438106669556
0.786619994827274
1.1079228988185
0.83214880665565
0.996156973400453
0.983939369686986
0.751570696771678
1.17725681613062
0.675454149684703
0.672451694382858
0.913336866358393
0.608185709741867
0.511129651410638
0.942766727214264
0.863587547272688
0.830380707184274
0.780996976866105
0.676237454881866
0.867748806185291
1.27820915420202
1.68140037038041
1.70555914285947
0.638466545717294
0.925963001794246
0.958295877050018
0.73055774669395
1.02454048012982
0.583703576208
0.967280067821948
0.386575147138453
0.564485264141359
0.756073262068361
0.381445612757418
0.394365553130823
0.402453386004135
0.546671612290533
1.27968633868495
1.5454977086588
0.751867625836532
0.625189171901616
0.839339505012595
1.01245705066242
1.07195962640098
0.719171085738384
0.518373631707238
1.54585321401334
0.74117463995783
0.639900233459061
0.890783381032948
0.655513749766935
0.591522238193952
1.2649403918474
0.588835748056076
0.877118654382923
1.4262234403429
1.43528724512659
1.41001169685851
1.14691645768769
0.6883202979757
0.75366975321856
0.876253365361424
1.52871115798403
0.777688671545329
0.534975140243675
2.05402852716402
1.52927688576567
1.48303698180106
1.46352366915766
1.28290623455872
1.69450218240732
1.45002239334582
1.1187623168263
1.04567080694975
0.79023887959048
1.05371435188862
0.388281378450073
0.696823589478961
0.75331636498032
1.25561814859156
1.40905039672186
0.754987565050904
0.922298181909122
0.982062133721972
0.595855554209082
1.39973509379607
1.29465467582899
1.22256608724272
1.59094630568124
1.59094630568124
0.609757464535744
1.06898532054692
0.774876203350856
0.689922504511848
0.460244227980628
0.428083075756898
0.82850782282964
0.607237072452994
0.920799743625802
0.906174125413437
1.12311042355424
1.11733009982928
0.897473217760795
0.338009931768616
0.439716534259991
1.03218601715744
1.30157490939926
1.36957846128461
0.706662568000713
0.706662568000713
0.928657949601926
0.905397685782702
0.610296118157504
0.876653904665654
0.9268645876281
0.995211929531135
0.643001642702823
1.02371185969095
1.10294602020159
1.11047627514015
0.97015628684932
0.667539309369839
0.966055300030256
0.654489327569278
0.541541812205194
0.634257662105147
1.03914296364515
1.16370513875706
0.954850972897842
1.22135878845234
0.578668213114865
0.477295253260921
0.994419220730192
1.21270693826387
0.922678800655225
1.19458996382998
1.03771834085677
0.900483894130729
0.80464990241015
0.977191243934934
0.71824898089213
1.09933032614487
0.794500232792798
0.829350014538576
0.71940773195176
1.11335390979332
0.621473504796273
0.590326207974732
0.908791303748267
1.04426354986328
0.976413513921917
0.9399948335092
0.740205817276925
1.17076221206151
1.11861912441426
0.782669317330124
0.88683174910794
0.714914016616457
0.733879083730563
0.631740228617533
0.7299910537878
0.977785067971412
1.22098266787104
1.10201872233378
1.2203723291345
1.98170978528019
1.8825551944066
0.913589530277437
0.956538633912609
1.19449081697764
1.09190546165609
0.877387971147827
0.553299407459215
0.88783532323037
0.901921311977865
1.16729487594189
2.39412303767854
1.82700314720046
0.44531383419613
0.44531383419613
1.66250749199354
0.966149205169134
0.966149205169134
1.32777153585428
0.809680138537467
1.03148478184692
0.634889062548571
1.00253371444282
1.14928728721182
0.556935970434073
1.65271104971703
0.71484538816508
0.873643396276796
0.889905501484989
0.969323668155786
0.627369874998974
0.628198550039176
0.661463813914825
1.12241655573972
0.764418396742658
1.02913701342038
0.779689122221215
0.885693787869543
0.833360464436611
0.968792624304942
0.88375624086247
1.20923145904933
0.737281135673603
1.07179241374219
0.655970146144289
1.10891604259781
0.753604940406774
0.949430165637176
0.618770397491354
0.570922388860205
0.475108537998695
1.949917375228
1.62066409430473
1.20586964049013
0.930184430621428
1.25277238075694
0.76812484534714
0.606604660967103
1.46980391391706
0.846173379555831
0.694495219625537
1.01065001191468
0.935399937973957
0.555013966881554
0.515109901558864
0.475448362075995
0.971764585347955
0.538212400641857
1.14733515860302
0.933555466484118
0.929018896208525
0.923096591908197
0.773349653151047
0.581971966463083
0.815465633043301
0.732920530319236
0.922984165590204
0.954298178776424
0.872737897657036
0.965343965712845
0.980030191636228
0.75858532102518
0.597009650934959
0.692257695738307
0.605189891469936
0.64085503633581
0.654881484115652
0.589030095918568
1.12004067319467
0.762794969545767
0.603165897416407
0.930586357105326
0.938357568053029
0.74370859073126
1.13416420907151
0.927792472477854
0.483549785699955
0.612167096646884
1.05544248915961
0.988545409146151
0.830695481118189
0.90519544253111
1.01893656490341
1.01811196770245
0.466926696706961
0.824837402459263
0.588020187023623
0.520958445253472
0.587151735131244
0.840955107784934
1.15596327417418
0.806603546259274
0.50870296428158
0.780862656937929
1.05891150664779
0.85103161558512
1.00513913026098
0.633827147328885
1.05624926095349
1.59905367317174
0.439662012790143
0.72188819980139
1.27546523212991
1.31149013713112
0.575814338061493
0.607517680796004
0.620791501376403
0.535690344681224
0.911111405460192
0.807895952832239
0.953564986997911
0.960600470455323
0.524636309635305
1.34608987377481
0.997234371416545
1.80293519373392
0.830385689483464
0.636199554448361
0.767965091994232
0.806226144118614
0.777193441609035
0.769747299858387
1.13729541417879
0.736562636891396
0.489229291809651
1.18131237185236
0.602606419101694
1.37960054896978
1.29386388343374
0.549649761978112
0.563248141092073
1.20241375618804
0.675825751648202
2.4838182670953
1.31117410609134
1.0886222435715
0.65369329853954
0.867106042493266
1.05629858894578
0.980313265229432
0.900979296495663
0.63081288352343
0.602698624937383
1.74431163619094
1.26399836220508
0.398341739563746
0.358817993839723
0.391475243713084
0.968248993589153
1.03156658183345
1.00755588269977
1.40258364981784
1.32662085682413
2.21867462093196
2.19946907127376
1.47464310824094
0.663284679572434
0.708095009558499
1.53390688450849
2.74650721286629
0.636642503466634
0.861385620220362
0.861385620220362
0.873929124381377
1.24454624296278
0.515428337864711
0.50674467593512
1.41983547184156
1.65237723580133
0.790242830794755
0.916002761110296
0.945648162838047
0.8430584396119
0.667052183496575
0.991607316865999
0.889724869003005
1.7666639603298
0.846197072742162
1.07156832537773
0.964179884115475
0.81966054003701
0.948679273582193
0.958681477039592
0.665141818607022
0.695768701020675
0.79949659950038
1.46644044747224
0.646359776927041
1.12993939664677
0.587235703832987
0.585041204024933
0.576974619755731
0.576974619755731
0.529600145300726
1.23347328639547
0.883984279388318
0.542555442843284
0.595240353227597
0.865747485605585
1.21134341008674
0.720235526734274
0.961640594994325
1.08524427510694
0.954830539305663
0.884029363736208
0.734106621513054
0.828427461468414
1.12540053116975
1.44247011257496
0.902121560735914
0.679956808323914
0.723013055201166
0.725976960143826
0.851706751312215
1.45944321004498
1.11114164968875
0.574672480269231
0.570148742751517
1.05423406656066
0.633323454990992
0.664910389525143
0.74746858601379
0.741336233642412
0.564283214585825
0.928124496019976
0.950548302836791
0.706834307870286
0.799421450352092
1.11628030301724
0.881600741058714
0.586166148340937
0.576056230877414
0.758087852242189
0.7449940851724
0.83454718052575
0.819795795184359
1.01716302080783
0.656497101715989
1.02689419266883
1.53829090778232
1.27381966895481
1.06323558758274
1.22769447511117
1.08748957747093
0.450097073766843
1.5977381933929
1.32974474132747
0.774640676786889
0.774080039911933
0.810149889232352
0.672841156652353
0.51681102165983
0.599289195628129
0.859477184152695
0.879690621325065
0.815558601424565
1.18018357687484
0.794202351061816
0.921134515173653
0.72849756196728
1.01797035817692
1.00342275429155
0.787754331332987
0.757432389778384
0.811213503465391
0.735405670040404
0.869982658752981
1.05958773158167
1.15217907817809
0.896293816105982
0.429677651111258
0.457404115426281
1.0238342005679
0.511137318412911
0.94714564634775
0.666304836964869
1.04261283099029
0.939887962172381
1.02372608938469
0.773830052434193
0.564355447460097
0.651232863177328
0.525995300865559
0.91449333437208
0.586276357936203
1.0830284096082
0.59593480826807
1.39180435156886
0.54901528298518
0.897952596441796
1.20608551047556
1.59072358878899
1.25146516887476
0.742949651764395
1.11305334481577
0.686738980502548
0.787495990282558
0.89635207709749
1.32274086935003
0.580681421732212
1.44211530856994
0.811793728526109
0.638672165047951
0.880487101690368
0.751443692056124
1.03472045660533
0.570111114176252
1.12469962499377
0.581303083383137
0.570660966276449
0.854535698702114
0.778605328605416
0.912559582287158
1.00422977033341
0.656299525825036
0.475733716691064
0.638253333499447
0.777922013146283
1.13580766842366
0.580480540714713
0.569863739636857
0.519695612174658
1.05385102750328
1.09713232670185
0.875076471887948
0.806486597224076
0.714773192426821
0.781871401632632
1.12499658489175
0.775984292986926
1.01640958219289
1.07476324487689
1.3874187411687
0.961965011076713
0.729844340331185
0.806785859261322
0.806785859261322
1.27317400607202
0.543690569513
0.617633524405571
0.579917747589014
0.688056721779639
0.904643803545989
0.899457927403567
1.86705813077221
2.15603955639407
1.38096979174649
1.01513945789851
1.25491143453258
0.660229352856025
0.868758585119518
0.697977787354843
1.38307876038251
0.903099087621455
0.728275404091678
1.10214546177423
0.914041503422857
0.659421726496292
0.690573408286498
0.698917898009158
0.895073894883382
0.730403615270834
0.819364695985121
0.832350211035808
0.800194864780191
0.405423532111455
0.73685805773671
0.970898740361019
0.780055662238815
1.36849281608003
0.422377421883096
0.618948010081621
0.87789261430224
0.877581895317282
0.742293916771492
0.854076936220661
1.00256760065504
0.774990118525309
1.21452007650666
0.82694507575758
1.21486626405784
0.650022045833947
1.23439626956636
0.839157388100406
0.887941869861827
0.878059429745923
1.00598571321384
1.00598571321384
0.887342711338422
0.887003811156746
0.692320001734651
1.41370653004969
0.582622974967533
0.565543535803128
0.778870878296119
0.846588952700051
1.12770884091385
1.37144784093289
1.47556652382562
1.0083409736908
0.691365950421828
0.66136923135225
0.641255054671224
0.685302453645906
0.680940737077797
0.690288260355977
0.803491236919758
0.642607603481207
1.23465675465945
1.41777253118679
0.974495575813684
0.854029109251401
0.663992118038568
0.621730226363108
1.1810040895559
0.538420190729412
1.042025379958
0.700709419997797
0.690777848270976
0.783413206472984
0.880083930930945
0.975796713121206
1.1972293353553
0.597816756050116
0.598028420644181
1.08217564403577
0.605602771752092
0.492970472619428
1.12828411910618
1.34583414099418
1.32887537258121
0.670619746074186
0.637730818018608
1.58911300169364
0.932877857895473
1.06248308320471
0.800581452253239
0.631725698759369
0.570501774075202
1.05501881405868
0.47892848181224
0.604709561412377
1.07308169741513
1.30362650508907
0.761561003654996
0.901220791305983
0.94250985828108
1.11672690445278
1.28179187330098
2.14206646295236
1.20781990121541
1.49068985091031
1.81532406502116
0.426762767401995
1.12319016722517
0.963838913994584
1.00498420000561
0.646052828938919
1.13905617177937
1.70125463594057
1.19212210443091
0.997678458954378
1.15397095639435
1.29035967843162
1.01269217048594
0.939392302014195
0.737673473590413
0.75907780269154
0.610126479417534
0.584548222111011
1.11719602826176
0.853927485834113
0.938758895546832
0.911507004779922
0.756797170515103
0.703790888730793
0.849036586465799
1.01688059385374
0.764028642756034
0.860578019332625
0.529998024394746
1.70025459225629
1.85775728600679
1.34080341804455
1.03244533485388
0.720734102205992
0.979971587583047
1.07786410242588
0.585279949536948
1.30955973424989
1.41901646308105
0.975411349533842
1.05180496222203
0.761161289062339
0.822271209318475
0.523595415873998
0.594791711160577
1.31800074324635
0.753467043320648
0.811928497470558
0.687822134436928
0.770774057190825
0.620466291842021
1.25494531759873
1.55255350810549
0.404262847481348
0.913437978345944
0.909973955691532
0.707093056575091
0.760856885431499
0.82360189743534
0.796394191710406
0.790244411281998
0.722936419879058
0.62590104215659
0.664692334680328
0.81882491252865
1.06489339972851
0.663722591956142
1.07540517764036
1.00054466627684
0.961410694213795
1.05544744975097
0.549773996862332
1.2710178040292
1.51206913361136
0.785926501867189
1.43253270491165
0.87932474613391
0.598322124697162
0.57760502017649
1.11324591970167
1.0497207747557
0.973475910232443
1.11368128396444
1.02898275734385
0.937764244549574
0.617193308658233
0.998667398702721
1.61449303955646
0.897309892498212
1.24495078622646
1.1612743735626
1.31450740698151
0.639509373836192
0.999113709987211
0.62698353416117
0.611735670939179
0.529738918717318
0.675748711903863
0.688064978509841
0.629051594131092
1.00922154888567
0.957108135174276
0.631468007246918
0.679332215061627
1.21473870979683
0.814692123245994
1.01011248910209
1.10135958173378
0.937617120881758
0.811425257822537
0.880050488376982
1.10750529060974
1.1555067588486
1.81001114008158
1.90182509228042
2.22259626210245
0.365068599216436
0.630322301961021
1.07491683951866
1.15221249185585
0.946208152290971
1.52691292341972
0.548083297964852
0.683394491340468
1.11144614421461
0.60823862420036
0.68843594549988
0.958637666297175
0.733981833994636
0.950208352512606
1.31319880939393
1.31319880939393
0.802048659710834
0.597045472588654
1.37143138365754
0.750378900016761
0.971915998065096
0.540573859994574
0.522275005168968
1.38663507098761
0.619984376781506
1.02472183984466
1.49846312570349
1.41709641495596
0.987938628565637
0.890405768938811
1.02847261129565
0.550852610592337
1.03576087338608
1.03060694944994
0.856083808933877
0.881152120465142
1.054575904654
0.839080189171906
0.730544596772859
0.933934286775371
0.819493346341179
0.503010114869545
1.14880583670941
0.888594747039147
1.23569306634857
1.1795582453066
1.22228737394935
1.10063270410663
0.884712982619034
0.695700519028947
0.877961970558306
0.792758217343196
1.20995842558778
1.06991424456965
0.739655308963358
1.0624115804993
0.902932029743575
1.52831068812448
0.939208199165669
1.04546629374196
0.994261717200237
1.35822269068952
1.29827050765354
1.30707001179788
0.743189663261685
0.892042055582075
0.990565437407985
0.903183982925708
1.23171930216468
1.0669856251318
1.26649849228382
1.04789322901733
0.748568172833534
1.18954633102221
0.985729897040691
0.815783726664412
0.865625423815673
0.881464103533531
1.14172810934237
0.70859864413117
1.12864861373937
0.807520368544286
0.986217855502098
0.860905962027107
1.06086827480826
0.804401304000737
1.00691308581842
0.702390332697375
0.928260940349304
0.862585503929022
0.596146402680791
1.48746897339758
0.577272415484215
0.921648283004473
0.743336829383976
1.07799625666572
0.572343467587892
0.491543420730453
0.778785207211503
1.14722157804465
1.14679259739884
0.926381261121704
0.88604547810922
1.17096125855603
1.28148684313516
0.904307338637423
0.885817793680049
0.870115776283001
0.914921783384825
1.49243497873658
1.31808377990881
1.35465932221484
1.31204501480748
0.65530598484074
1.40151668969015
1.18219159528758
0.542159521898735
1.05638552589705
0.84913168388884
0.951090935578745
1.21552246899982
1.02788983819307
0.646380460770842
1.15799608694998
0.905127102855055
1.0594129140288
0.98210377403921
0.931560352853148
0.997742821267749
0.789834380844645
1.0375386236041
0.534510448784485
1.08564567265371
0.555337079026793
0.953527321924814
0.814691308554278
0.753705176529402
0.658820608033411
0.664960259674464
0.876041337703388
1.73735874967309
1.41654668820084
1.47020669536801
2.31234462740956
0.343111435410859
0.326227594032058
0.671473988620959
0.922710633622963
0.949405006071153
0.849710989217915
0.492967021838198
0.845447674168304
0.557751364073829
0.676083290317582
1.60106494745998
0.998048376897801
1.23339311323751
1.24004665015248
1.03841581810123
1.75646101891329
1.16488573422851
0.710593317119261
0.853104696386001
1.08160170210816
0.968340884778812
1.05176604615838
1.05088734735638
1.02117905909415
0.646800097847384
0.679196362204354
0.660074877261806
0.717345274427776
0.708684389754615
1.04142420059822
0.899861874692351
0.448576968074829
0.605504672049358
0.87227372457647
0.77371398663148
0.99949480165568
0.807496950793157
1.07019149526669
0.938840195587427
0.696503124340433
0.715359546817056
1.22135023897074
0.417567112127066
0.367846333511604
0.606702938882476
0.792609192807081
0.946447573238973
0.615114407513214
0.577394232815159
0.635666006876683
0.949778480498972
1.26651495687124
1.17020272145305
0.978696690580836
0.566956328651145
1.43165483145924
0.63217501544434
0.714670272497525
1.05155687069499
1.02453320591823
1.08289704622946
0.730771100704154
0.97853913309737
1.50836155680102
0.546568847687597
1.51594195768535
0.674981497227584
0.550039601841255
1.0559790013488
0.978735839231427
0.603513421050518
1.17236139367412
0.790574802492866
0.846771835664484
1.04196817433495
0.972343443496437
1.21148272258921
2.21565262738008
2.76021893263058
2.26009534398883
2.51352462198833
1.15325571614877
1.03742086965298
0.999507234448843
0.782926074972159
1.04636954840246
1.18269058542031
1.43938220899415
1.65756059420598
1.79240626636709
0.72694387881941
0.676579717619207
0.654687013195231
0.698817959895488
1.31192168837252
0.497343174108932
1.06920747877797
0.623743532941385
1.08006972582367
0.880997051338423
0.754675064890969
0.632331814290423
1.09679698460923
1.3327480319019
1.39541100622881
1.36847913122029
1.58180088722684
1.80915701641251
1.77359223285512
1.01755999526322
0.920670656550961
0.856130894838219
1.04308524159566
0.734334964177788
1.08037888601791
1.61303581037973
1.10447609459541
1.47400914801562
0.559908444826704
0.556735509569838
1.1145413778692
0.906511647500453
0.735964054824184
0.742970454645883
0.703190107881753
0.772963074977069
0.759681509486335
1.04474955875423
0.880108573626007
0.961860643535053
0.751299428716973
1.08043712000926
0.674956523374206
0.886789182205597
0.62429329312771
1.1305712093447
1.44706736281933
1.51241392467851
0.559366715691315
0.682278736561523
1.27546395666532
1.21037109176649
0.704509826183303
1.04730667781873
1.08110514462488
1.29321194033995
1.3041571890635
1.01655554908906
1.23235256862153
1.08438217408273
0.840386814236932
0.852428452527895
0.860041186157931
0.635727033742586
1.07869987875494
0.969135831430864
1.2090887781555
0.760640832756968
1.03496281651551
0.802292519568206
0.88014289852971
0.968694781191047
0.806930286856014
0.894938748929031
0.886894716397439
0.747218973193722
0.841729984215027
1.07459559488773
0.804949287856086
1.44834568759803
0.621741417607903
1.11015983449667
1.27921933840407
0.776487293763432
0.812181858684062
1.04686637794024
1.05414456588776
1.65794021904743
1.35118366880442
2.8044571757066
1.67754430358867
1.10816999317493
0.543923318881564
1.26505930183291
1.21118957924212
0.952380346828223
1.44100530718772
2.1682036203657
1.92598976646514
1.03882929373528
0.622957488051808
0.60007657914615
0.665678139020912
0.658576230922587
0.694740419713334
1.05495984015531
1.6993893828833
1.15049237164277
1.02903276712108
1.06515997590708
0.468643466028665
0.559396362912891
0.805148940035322
0.662142824060542
0.74766968210964
0.935663664386963
1.34535376395825
1.46853895738911
1.52719695563765
1.35388874031184
1.28915633429897
0.917224148358009
0.774974618877935
0.759555412822073
0.872817320419404
0.785858915094301
0.823258527041813
0.826165634115635
0.997031664246048
0.92411542159093
0.642955348251169
0.772187409499019
0.727461647164787
0.727215079461985
0.966131814639957
0.854500663456695
0.97540188808964
0.476011626323326
0.739990448721742
0.752669544072155
0.663192489409338
1.16185631778861
1.04408008887508
1.01244601494072
0.459228211348696
1.29220362831929
1.61818799236686
1.8084570081075
1.96215625765911
1.45720031161894
1.05046171910879
0.721031105834647
1.15388902736496
1.35574755051577
0.627497244011117
0.634173311445531
0.870949746604682
0.968320065673596
0.864793957367004
1.07776451238394
1.01242009665449
1.14398181860098
1.23108759221013
0.905788177448764
0.870490006520538
0.695706780361794
0.95241920473907
1.5884806605632
1.0899217449065
0.908653177967922
1.26965727265568
1.02557876293169
1.2167398161719
1.12388563716443
0.846180995150518
0.455062730638114
0.451433591999706
1.29582816447538
1.08751937509358
0.773460250058938
1.35906097267307
1.02356599114432
0.888339756939576
0.933978649707604
0.674300784374268
0.594462287811288
1.66009528280285
1.41585558206061
1.67753423835305
0.921221566498447
0.876904663539198
0.905478722501919
1.27489012700617
0.768209343727454
0.844891552582768
0.920096705306134
0.831121737225346
1.30755110207741
1.39108914795523
0.742009672637595
0.706496521808424
0.536883582683144
1.3846965248525
0.721443653604598
1.0419748429526
0.905728940839017
0.715828976635914
0.907976846641008
1.19473690743238
0.976688901360647
0.987572862617224
1.03479506263977
1.17377024555413
1.15974482213405
0.708606438759125
0.816684849226779
0.666702073012283
0.74628404042932
0.725590843117265
0.95039489672092
0.783526809623951
1.17275420053248
0.968772086119012
0.612196481372751
0.662493852771686
0.927216214047922
1.27588110157862
0.817118624038739
0.948571130309288
0.902363361714075
1.76521588967244
1.28367620926876
0.567616082433828
0.550587163611893
0.617746561683132
1.4563990718087
1.50898011183442
1.28512244275705
0.999482396003191
0.990534571869843
0.965835837198011
0.834465398909423
0.804569441443024
0.86416720897166
0.784432305912511
0.854107683543814
0.506975804200586
0.698854299374221
1.2716343971759
0.816038290897087
0.622179899854147
0.841326050774385
0.876643384881917
0.914920319511143
0.639609145080465
0.613267536651786
0.884616554159375
1.02730903900583
1.10272346815097
0.615191301619935
0.723473037763223
0.723598209425793
1.07985243765475
0.826316009944829
0.898392701030871
0.820005689773287
0.666438111259247
1.16997572414454
0.806374503377765
0.827474490000552
1.03216867657801
0.960505855968823
0.991939610561908
1.11293648035006
0.67644035655206
0.409353988381845
0.667722240200986
0.813609302957185
0.856749244541674
1.0189338137784
0.801707059747755
0.789492456589682
0.97568528349932
0.732782754210896
1.41725372138837
0.76249220004658
1.25841878457659
0.513480615542432
1.66695231819959
1.68346808178401
1.87553133885442
0.576825779505052
1.00680349936196
0.423248416188297
1.00140630792488
0.911679478220699
0.678451013869772
0.845952557122349
0.821016559350888
1.70357332342246
1.10471744898909
1.30309994635304
0.91962270161143
0.966046219153116
0.814895821738056
0.869821726847772
0.813018836968328
0.778444952427036
0.392530122296476
0.82855919190708
0.95558763798969
0.529867131048714
1.26116008530535
1.68841969542547
1.43588875649013
0.601741095561314
0.589032452043664
1.5386278303828
0.408565105660263
1.01769086189316
1.00218220755666
0.508358180566684
0.621825980190823
1.06895485489942
0.608270861701729
0.617208738683824
0.712942861448484
0.963076337323685
1.96700680699836
1.89595373089753
1.82393271086771
1.69914808672336
1.25781740413893
0.644497716284612
0.510806208721706
0.524701893272901
0.685251057889247
1.05865761011191
1.1477631944409
1.38782392659531
1.4441010250942
1.27202230481995
0.782731150648577
0.781582162726525
0.694057131373332
0.753823517531643
0.60642210044089
0.750972684537492
1.04200308085347
0.766193906217717
0.746360165283746
1.37867514750834
0.551523406315834
0.569608497859927
1.5793367809136
2.14311633271629
2.38563419775351
2.25912597103163
0.697421720680326
0.944826184643561
0.620223116721056
0.829222304470265
0.85395395799649
1.29908737668123
0.423991445356377
0.504898429317751
0.532964212818566
0.726698940006756
0.998341466888662
0.986705759502143
1.07318740116815
1.00148636354492
0.721928626672521
1.18613722745583
0.819359779811694
0.746465409486593
0.788141213681515
0.612167096646884
0.636548923896892
0.435430100321516
0.482749689916988
0.482899365519382
0.489310510613065
1.54128733646837
1.62797840052248
1.55273516749281
0.81557001932491
0.685018797151042
1.47393987121368
0.648153323680295
0.977495979670625
0.85862242966534
0.980794913388417
0.682526448699928
0.755171049321647
0.539800852020038
1.22191463314616
1.22399855067453
0.559967798267533
0.569591409861312
0.753357798519805
0.734791862606187
0.719010728466765
0.980526800711769
0.665852569542736
0.874049734922478
0.482853009405421
0.839178367297348
0.973444272779472
0.530884922331593
1.24791604992954
0.6629133441355
1.08089510630116
1.11426834867906
0.907473331546998
0.886908906826425
0.728743835761151
0.956005607846231
0.949476024221652
0.829573969275031
0.870260227490983
0.793999855281604
0.885238658240913
1.04286924100976
0.784901536717474
0.77807605695472
0.695124717413956
0.891582772199072
0.691218013938206
0.686407365666395
1.16682455088375
1.32189987362211
1.06530548669795
1.35528125356606
0.653613552821706
0.60242988128495
0.562654227647649
1.17773959038719
0.471338857955022
0.537370756992789
0.674658258512265
1.14361465936942
0.936583031052863
0.700211392669874
0.876008048765049
0.842948849138285
1.29452651136033
0.518534870978106
1.20003293229914
1.11757035162689
1.12933391141471
0.904649231425094
1.36568345095432
0.883457581729296
0.782819604266135
1.24256153138014
1.01598725013721
0.660070256753837
0.649746494907438
1.06196928440962
0.777530816767808
0.544917430209264
0.667588041518125
0.372067496114291
0.999124911113801
1.08658994341654
1.46738954144054
2.28093170035013
1.33986250434443
1.07569428540645
1.22692372502166
0.766909098717638
0.961190364133473
0.710399351621183
1.01455581903771
1.0494347648152
1.28474981128283
1.54258101916768
0.948288593055582
0.743423804880981
0.772768312823237
0.950900831502258
1.19103300262281
1.18096039321297
1.03431544283319
1.09672668217574
1.21231287254808
1.12983657684005
0.997632467037542
0.99840330607426
1.07275928480997
0.940525704442962
0.69039457293393
1.11953676827884
0.884558171393453
0.774016567951046
1.01686940822873
0.850220118569474
1.21310477138069
1.17240242704098
0.818881413396872
0.81405365493365
0.757111306519579
0.912743299021541
0.895439159541418
0.93385565281896
0.830207175751139
1.51539631680184
0.575706670847473
1.27765069883302
0.530426966280079
0.536233273947632
0.59001636805564
0.740164366911779
0.52695822659799
0.968833992633207
1.17181637235334
0.814230323744644
0.533805894258395
1.02916171300509
0.602230509992014
1.22267979117599
0.603206914091983
0.454391553498273
0.379110333064749
1.62864437987179
1.53570107015367
0.700188986263813
0.54720980190289
1.37395027061854
1.02407319135945
0.736347591999506
0.840607865035982
0.726319702149764
0.970445533548508
1.05657960174348
0.811802658306237
0.824642763800548
0.728489548538172
0.819309800389513
0.988162817273705
0.999784211285735
1.12973037719329
1.21860285295035
1.01243184079573
1.22521703532804
1.07918551085367
1.59361018656567
1.73893350995898
1.99116720108187
1.55856418000039
0.959799951585762
1.06385499634327
0.577265488256793
0.895732911758477
0.645010940702994
0.556654788773349
0.82679623903965
0.731037149802808
0.99209392869028
0.9093864842259
0.860049786612795
0.84625207733952
0.86983390443719
0.898261545271124
0.678562967522983
0.761391194485608
0.722671873564311
1.26227923056857
1.02248158602996
1.27411013295097
1.06590211825137
0.583670889722963
0.773202730675026
1.08580038818528
0.926177664896554
0.974130500722516
0.753992392912907
0.989846498396572
1.06573648993184
1.20531024676632
0.761304400836768
1.19078886588214
0.760837103409645
0.562173926055209
1.09560486622033
1.15561653720508
0.400158724233061
0.591038570850023
0.564459862876005
1.4635500128208
0.679246624594842
0.66290605212882
0.798235988749836
