V1
107635212903326
58.371001543911
4.93463613123511e+27
3599.73731914365
150310.229259044
1598.49418074367
1626.41384329124
538868436351.968
2.42261729164157
7231793894331979776
133.262477417156
132.181474265638
20.7227135902092
125542443849.517
34474168.7223065
5.36740529044218e+21
16613764212128.1
220546449.863338
14599877673856204
0.203613963518733
28060354673.2428
1233.67120497521
117434.636314555
196728.229794633
12.9266671615442
0.454878602300318
16668416.6606527
5.1390589531448
157795029027353
20.5051014004806
1.12366548354393
6.16466515636099
929952957637396096
2261.62545627662
1.94285060460502
6.67699375258194e+24
667159918476.755
64.8893784847833
4138915.58565642
92947201974.6998
8.26460805753886e+22
14291690.5655638
1236.58785594671
524098458065.39
3844.99335277338
7.27774922571671
578202.489416235
923.758443702177
709831.671862037
1627.79185310082
321.716989773464
6478332012147.76
3079063406672.41
1.09280715337063e+21
1.07985161305603
10604983341.0518
3365831470.26383
7073.98564759513
357.152570364743
28418368071.1881
237.384353067783
75810724700.7402
570880272701632
0.481421425880088
30369303.2785979
32862790.0176462
4723238781.83389
1.57663834486712
7429720260701104128
1.9860776037862e+20
295748087241.212
10581647076.7946
11991.7268877627
1974.62070447936
242332024447.696
616.007057364355
11503.4153806272
18249523252775.2
0.701144839915369
1.3444007197884e+21
450763552277.818
711402143968789
392.338688758551
96543040966.2634
1.46916674718372e+22
2112.78094271726
147112173708.24
1.72309400863766
13350588062.1129
1786951.81118379
50077804625543.7
0.756894272983914
561.802541110426
1999731628.5687
1477744127.87561
616.45614893598
642.536789356953
351.915636029931
9521202122921716
669488.80318806
4282701.64735425
1202299382369223680
10256.898825163
22.4553051051735
14.5070974257968
11.6446391579013
131378565949366
11944.4944375628
4589206972.0686
1795.20494833585
441229651.30568
24633087681556916
4.85859422041346
451.162047069355
17.7781651514594
9248317077702100
6115.1468917194
17904849.928885
870830.923111139
2.94738379484986e+26
1922745604019460
850627.508368929
12662673329242594
11.5437853553365
162328.678891039
67870271063448
969098.321235503
903.325531574741
351.936381422151
1.08753740463245e+22
142702.597039498
130.507793776257
1.10226621401106e+35
6.45670738373907e+22
170538417.089122
11045369.8956574
2.88123967095295e+21
2671.33023533779
21398169962723745792
57868544314.6385
151.508672464498
1874117369.75256
95666469.767302
129374.443335073
154077.905732727
18.5831761092624
1666074613750.37
20.3928743496199
4350113721.45731
3796189876.41584
453.724169095317
8352053503674758
599085078.543918
144699822717.19
74427586.1614591
0.441388714893714
1553386431561832
48442904090703.4
13903187390594
3.12703780401806e+25
10.7260590332626
267.760020493172
8534.57741651392
9895251.4443679
34.1655388966227
33768363.8514199
0.625711856975719
24820323566057440
8.81865726374586e+37
22743.0136182997
13.0332149300537
1790.44147036381
3650.82296571711
83215.2726278092
1.21142417240521
124398571.838508
138.136737894069
43858419.3944701
609122.731885493
24726343194.8921
2175872.8664916
1445263.89917253
472955934.085561
83339827137843296
461.156267198785
14.8325002748932
34290569.4325065
281.078294268317
83074.9884364279
183317620.879924
148.353182955481
5846846.10337571
1.0182418574097e+20
32.2326937073158
1015607952.67715
1507080.29407569
212.794538424823
9273.40103502218
33820.9751450837
143.34107853453
24.5115707836766
159705.59667395
21.6221154844912
1.62859877387559e+26
123657.89243772
62997170201.21
110726.309883174
53.451304347563
109.661280771148
225679878.074918
962842082.518198
16.5967115090297
2847359194.32899
913512.40594528
31.2804982570761
171.61587865216
18.4260101608694
5267.93398806925
49759799.2870682
0.740055489486346
3460.00696437799
1.51192480868776e+24
899823.931671383
2.09982262994102e+20
463.39223424561
3.71474113164251e+24
75.3979689448177
4105828527704.33
31447822506.2044
22.0064256858678
5496802537493.51
779446.489699676
940620603423596928
2211279445682.02
63955286162.9942
112.593489441793
1767.02709816043
267.373415830726
3.16701330967702
132357.438241226
3.1605233961132
23146.848560191
330.344773281196
57153887.8043744
832157801.142336
68.0707142499079
7680.03241674438
12.1712791220969
7.39212725179923e+25
2703455.52642216
5704.44185557226
8371391.58513451
3.78184903005452e+31
747429081.986469
14.2507328595301
6579951.95344122
3638376.62225611
206.32090380565
8.34390978009347e+21
63464034513183834112
97878.5865328758
1706064450436.97
16798.0185189037
1953877724.56065
121862547.012583
47734685075899760640
80790.9992468376
166003.67223604
1.10627983345469e+25
7.928605948427
2374902538.93661
2803929256655.03
99968.2141768287
40045324436262.6
7068.99210125835
87929597091164.1
450.116656450675
2.71531949223684e+34
32.6610696204127
53.5398048802791
4.51090505480459
61844617.2635908
3753029.18170576
6009461560.8418
86.1901338267573
8.72352168410354e+21
852654237.020702
37.2296244798532
8706389667.25011
55.2083085197313
6644269881795064
825324009.406769
32.0656084260418
80430013744.0776
0.450667584610807
302.085993380969
23036440799.305
326618052.331783
2398298.14776948
1237699.98979704
3889.50601301328
50.0695056041723
3024293324.71388
5.78635778587957
213448.866582633
8.15949201246701
223.833038069228
34005102499.8067
6476456255.2866
245009.079489642
1805405.53520435
3.92921255158647
123309789403.569
2890643.31410831
2.7143959017855e+22
1874250395.3601
876.401962794244
12576.857190646
88948941418.855
893347984804205
145394318611716
47190.8523296874
2537071.84895518
9.76751321864528e+21
100561.961374095
7.53520759542364e+35
927868.773606689
90656.5213834743
455245947.374054
13.9020334069521
2.00005153986243
5.52287620913302e+22
1304199675.55837
53.0335114575832
11769430906898.2
2896725957963780608
54.9712020161715
17.1180198857931
60393063095747120
5401124.0261562
24972.6745170929
5071003783024.42
1.25837765036897
1.06988685644266
386991.73533205
5008.55560855332
3087234156200214
163486108.356817
13047.8487253388
956.149089248174
38857.701248826
612100.73393075
1079717151859.36
80.7395674296711
5.49452142659923e+33
12082.9535752976
5178587.98226453
1367293.8852844
141.493471043168
215.224434888905
4140175051.44524
2982297195.99505
58530903.7663926
18084.8738004107
41414.7655427407
0.549307464166446
17774.7073115441
241.865530709838
21534.1336368682
5439663043788086
787710108946333
13017.8031285823
1918.52373893053
1508434681.10489
2737580.28607824
3532178579.1073
1.14820361673572
180943414.729053
9.796133869469
3516.06671976543
452915646600177216
52.7731339588754
36.034860411747
6.37654226924612
3283759044.92595
4.06741403526168
0.334609777046007
2082873486.57301
30.0013878733587
1022881104607.43
2360.41703348435
478.2170200868
2.66276632565076e+30
3745.61591474458
387.529607121637
141756503074137072
95083172614.4093
1.01780619909649e+24
2376958.84356146
113.455950103867
811149.24795432
41449.551126477
39.0326948726333
200.470636703408
2.14956613357275e+23
8.62103533529622
7.50037900769911
3.03473191842265e+36
75342011546032352
63.0163589742922
288734967409.721
9.90225013249017
12954.2522010322
296758843809.104
76268384194580688
128146244707711
147093819.061131
89892.265893882
8041.38370352859
8449.13510436606
341.42594668705
7200469027.24198
29.7557483297807
1684299245648567040
242815.591077683
21.5232804590847
254.369233306483
76032.8884402225
13574.0130958062
2.09815521778264e+23
63.0364751850171
2162026502895.94
936893042666268
5.23670294794506
271.935768484252
141064.729431366
4.32018505811491e+22
20046530711317160
1.03953502921758e+29
73.3666833392351
65579836.7976168
4.46301816691091
8230.82865670128
14.0747596032972
1.33408812048417
1439026.75872716
651902.065482049
3421831.98182852
519619939207.02
0.395650166594727
16093198793927766
2898.12376172861
3086594.0595968
86.7056835013551
1407809.41556267
2.04633670530563
7945979361393318
6.4968961782594
4225.00602420073
21836849.9481455
3229.54631906013
2012470.55809408
419121702.089509
3.15328371998874
630736416677.6
2939665510.35565
91411475736.1363
3.7815571563159
303482336.314967
252013356.132508
120.93795980943
244717.049465685
6375338312.14238
309593139202.215
152.426214571616
91.8299675156343
31962288582567.6
11.3215666698729
2.84374102022411e+25
1083.88536562441
424.045842745269
14599307405.5186
10366.275631527
5835468898419.81
1.19465167678333
517.139906197106
3.63763814917335e+29
1.56333793618096
139007545118.88
4424.00769044371
560.88817480056
433.60433981767
80.5340890784619
9552764533697684
1822062029402895
23636284.0666333
113506818979844
22096.4849456944
3675362069877.14
41608619.3142654
1.43459987483797
522917.210722283
477221416.350844
10619475339152054
20.85173295251
11.0421875046862
231348100581.987
2.38825730470899e+37
124448.005258167
6556214.69848259
1066.90425861721
743370944.898246
272113.524854078
1.96554979503627
13039.0686877321
1179.65845006582
267252267927.36
1130.88304298173
10367944290875267072
797802.08695584
1604.6714588408
318107061743987648
0.900451744675185
3078250161432245760
88371.1916759564
3347.05967368703
15.7910923011712
9066.22522338818
0.92854783315014
28172412.0379111
1242411.19203573
41290747.49068
361274436715.586
169.566942849752
2697405377184329
4.40266319848914
53189994.7079956
5986.55459666971
1.78487527415855e+30
4.12866640682361e+24
1274.56732185887
860679593.451828
21396112.0198999
77492.2784281313
384638815352466496
515869377846303360
504204.365620604
218964.441374483
2043174416655769856
30612686394.7613
2612843.69410099
1644.97298761954
3.70463089300869e+21
1483.86992618893
2.12861804368942e+32
2.79597989859944e+29
92.2554993408182
5186965984234.78
451.337382979954
2606981153622028800
2991.12929902887
185107.908947928
934680911765043
6.02852381886412
3.6682037563871e+27
47405.8629626196
61.7792308320733
1365395021.65884
0.961430897054766
2041.73147803168
4067960.3848874
3.88064018708838e+38
83886247357.3565
30616353724785.6
875.693695373265
68027232013642.3
409548.864819458
10232351817687320
3451111.3783272
909042902906369
42.2845668679646
5975334601510.94
5285729886.76711
25.5201451805312
124556702798.928
56161.6673120403
351286.947394645
1509223179.69362
3183778.55421352
8.43117393664815e+24
632580302230.98
2621464148.92495
247.001441429186
2.18053721347205
32.9524169928459
21613.3039771493
913.957604974909
2.36970378782124e+20
37039490631536.7
140.768116635939
3069043912558.79
51121.5980148345
24.3424223261821
289.706863283307
2.7909316552494
42962245.0001862
18014.2428227856
212293317274.519
2041840478.96053
536355180.6498
136031.002135532
1.99694729079745e+23
7980626403.14732
36078.4288742883
11161617103954248
2019.45358273976
2.2989922962062
7251052789252.03
243293088348609120
1.33922072850534e+22
189330.217984577
3451.47132564199
48480325.881054
13320799866.4875
104037.208149028
7575.91955639152
22.2868662085373
563944002.96654
7.82723122026235e+60
86.9796299559515
46504.1061470954
338.480641947481
185.78624749173
158643380911626272
72474.0447713658
971981257109.371
72.1773270378761
4377.05365675487
861903.678349567
12334831873.5722
23381879357.4385
27791.1172413302
5425887702297.68
9.35283945461225e+28
8748.3751911348
18348.1353798634
16613105968392.9
262.708712025201
1.25810816257755e+27
90137483.3387167
1341502201.03199
4.93814814585124
9100122050.94804
4.81012937694667e+20
44846.6592501831
75.9592750431499
505115353151736
14014265.3146035
10070958241047.1
4425.55579377297
10880730791.8724
16639.7642075283
40.423102976069
6.02971064059179e+23
27423.2001205311
73.7827984313754
519216177895.357
1166792795346693
47240229084706
1583396994364507136
16323.5277602109
2525728047511525376
2069939.55119063
533.426473019166
120.407715305812
534802535278.749
1105818271.10074
18.1598443629916
87033244182312.7
66.795770320509
8000749659.16664
51.0587676073964
57628617581.5215
10552049931046970
1544.49139101463
3351945694688.75
119510782011350944
65040362.4645717
180.57316485916
145004.623210831
308.429186427636
3.63453345076854
134.701354041149
16299422.8768706
71681667367216680
120.216990710814
1135868295799.85
11.2892128211055
79470.4068241332
33324928935922.6
2135.10739949578
12978.1713635442
1037.43964742616
127026910296383584
31084226.4491194
3.4290734684837
311997474524598
6.55058457043911
4930329.90282918
885819559.947893
19687503.3096669
2358289827091052
8112746925.6039
51584.3021116042
590.364327770865
2.52443961752684e+35
1.74765665613547e+51
7471.67743900039
9.29795666838313
0.249347346148334
5560.00594125338
3248585390.99068
9834.8237164856
222252465.832525
1.06903701208921e+21
5.30193104404202
97.6957579799758
5.87026912611152e+38
11265393448.0326
7.68947569274622e+32
6747106.5554724
15.7028238543216
4448.66811643568
53868.0015691972
10355.9627262098
1.32631807289129e+20
9.34056867976377e+30
238267461325125
2841325448075886
1214819191475.59
175360.037979648
4899.8746978317
1549802.84887121
7988.01204566622
12038912.9649817
535491644.476894
28213412931949.7
862600264838.213
175.304561562823
8781475.13775136
1.34560051750767
71012671257.5723
47173.5117523266
10963881.6472733
7.38173952028962
147.145149623603
1003.91688296438
68343402.9510439
989862.01654555
1159778.03307788
3.83295423741992e+21
78122.0995344319
813.646901808734
1.04054264993624e+25
82425.5064827485
444017283458.632
1142.57225540664
30.5548664547381
107909.964171604
1.24561715063047e+22
1.52771239690462
5.51799813310019
61958.2415812334
75471402.2505688
845025950038386
11.5190558420229
104.400570167918
337.689763974221
30424373894.0866
4208.755754825
0.463254924517742
8.3176590470051e+19
8092218.68595666
4.01693799013347
2870.7345717913
29.4555183744753
1051561843.33729
879160.571708675
178280785934243104
58611839.2056578
486553.923912546
1084269130.14093
158220116.289721
25.5452999685959
12.7038038930559
2.92892184948268
7292819914234.26
12215939.4112324
8460.36519720617
2.72533690870832e+26
405.617180280459
5866245.79395442
354690954862.299
152860.864799822
31.2948643407974
1335943.54474258
6749060249970700288
14.1746916339536
48187002834.4294
852.231561392359
4849.17989722269
4269272.03031795
528169670304.28
1.60622429906163e+21
65617.2267148056
421.970860267218
3752601765.7631
1567.80574791048
1.23216956939595
5.81541371048032e+24
9.02605554813935
61355.0014730262
826.31836856705
55512099.1792009
16.1079050516591
14678867301255.5
9.12585167271211
3229.98302160756
9342077288.54076
218.528035558424
391759805686.746
326533158040.461
0.797729718955884
10.8698087500767
1.22992152396537
3.26421044473891
240204230.806698
4.73086795468131e+22
229219.864455034
11975309321.6292
22434099646.4665
95.1107187324332
395396221488796
44.4498950710429
10458476718017613824
2176614833027.81
5185.34569353412
33077.8369932668
2950551.29597508
11323361.8344395
926246.063746215
80.0330181690769
49103259.991876
117956.914545349
1449644361749553
102938.955433365
3.3318693646134
1.94375075153327e+30
19321.2084280398
1395.49264866719
1119782310.28006
9.56205274525587
14.9117998353552
1654.4849930187
161268.537343511
43324537.7093846
2169486313.85787
856.75342199509
1.16274762202783
1271296494.42531
5.6765702124872
25.5164827126378
100.030544598905
88910.2820338603
16462578.7849853
736781.551315624
4015.57709143098
2.10989859673349
9235.54506554743
2.7686216856682
9290.00114939307
8518809986277972992
2551.21166844419
144.508424610691
16609795.9392991
1078.26970221221
30754.5107421242
244462.607295794
1.94195685750417
14.7791777576991
19610619.1757466
615166094423198336
2920723.38734778
99880584.9002951
561.476291970219
2.39733351513734e+25
192291.435647188
31.7093408545051
146864.165068162
3538373.88629756
8254.54562472468
4532.67661943493
4.44115771732162
203399686735278
67554251185.6368
30128012.7531112
6.41645028547083
777.821307147171
2.54530227051528
195232715.416755
84380401313312752
59850.7868673119
82899.4507886467
36537249.5323699
12155.9791877115
206.713679354035
1222.54561148839
2647.21943150965
6395534127.74964
594041361.61213
580713806552770
129101446315.596
262.856195951873
6281057335.97581
2.41995607009063
170660.203043464
1476.83493591721
116.790585040055
0.909057042801707
83.5479653341073
1136.28656917088
30751911.7608973
14.9491570190902
3.36343530724287e+23
3.08365409791263
1.44693272601022
1615.89346016047
3075.49415698446
10.7401019974129
4.68425849868509
4.37256587260921e+34
3.99283099688861
40423797278132.3
883803504677.027
302.44014156058
1678.84233137011
6.52778524975433e+32
9.81185931358805
1345970307070.16
366.313360872642
47.5122005755874
8270.96142042728
2.40822015126205e+22
3796450560.94908
2447639502.39369
71.6908007886508
3462417874647.17
407964.405848211
11899199709.8861
405.287135082894
5497093.82994923
280.259305780121
651.399041629573
62697480407687.3
9261664843167.43
3187685.95205936
95461.2976837175
1958169.561349
106.259749421806
1591764102.94585
4216.72630798927
43.5737194445777
182.501378213404
2045076676.41563
124214106465658
6204409612.79183
13.3763230719209
7423742255494.92
12961087334.1703
55.9502702661058
67.679912882238
1067138876.09001
1066.74838578885
532880.394397701
208960761670375
1556942979.43641
601.112779358699
364175.659675009
97809.796111596
9144.76315080233
12015929783.2308
283665556.582837
2595.06062670536
0.480719223651869
4445685333.69079
3619575143000040
124.236061384652
317399.343133015
559302.394057123
30946910033.7655
912940718811910528
37.6699796426895
327.517698101009
187319875563603424
24.7943555067147
6457014610032617472
27.3458197073531
99129181.1295473
80.5648329540324
51958040702.7653
151.614362120412
21490835289722.3
3.19539829685801
38347.3178801873
14.2586617643193
52.914620093731
802.651291914434
194.089357399986
1001368233.5015
28065843.3521319
81.1118399088666
4.3866872002823
181.49066734568
17.9409129556915
590776.814356894
153.646402589874
8358.69034546087
20586.3679225253
3121552694960091648
11492.6170153108
33583688375.9122
18635761228.689
765506917.077007
719706771198.889
14969676.9222031
1189.26564986885
29.3773738410662
49903.0694692262
10.6781807154864
1.17589740927033e+41
725443.227407138
119283784556934064
1.85392946071892e+22
938.387706063882
10412935222890409984
1.16386037560882
0.416856829486285
2.01493559460802e+24
5316.38732788953
2.31099795949288e+25
77188773625782896
7.44869881677213
24911.6362994727
7.350635575376e+21
9.20014151945577
990.685306066831
181227328.038934
12.8806505165961
10.5411987223247
304512.023010096
65.7554492574049
9.55810031082177
3.14421702512058
8439495.64674151
118222677362.697
413.863134955306
4.83362282788274
148519.762685941
38132.2962195152
2.80905408537235
6489270.75333052
2406.1015755159
2524713896376094
14393104128274638848
2376950606.01735
1.63674746384613
9.52315649904347
50.98601152431
2.0718220106259
4574024.07149444
1.26153466834846
9835932.77081431
45115.4710517827
488852654167601600
1081.22188796446
84951888.5394764
2457303807.28799
8923794.18218126
9.64828130136
26442295506.7389
35184.8923969433
315494.332215871
5787.04874801985
198946861.939349
146007903668077
39564703645.6257
103.762604652318
587899.650605758
1.98387487335995e+21
17.0175737528471
7.5497861791229
34.1585229391601
1908325.26610984
173.338948933483
36357593349.413
41419716.0855592
1872.15068794429
6493474241.86856
2470799.56032371
1608564915.1488
72122.8780184441
38.3955121551531
190499.606578142
3982481502968743
3799934787.58063
0.46225105760101
54560134.9487188
1995303574257242
3.37321820996206
2.19875820168959e+40
242958920213228
69100.1356732431
4762314812.80596
45.4219673803349
9692146034016.12
7842.02530780235
220.56913094572
1.85137523540129
34.1681915831755
6.76766388362319
387.073311579492
1.74528423703386e+21
16002.7104399991
91031604.6631957
10783037.5530937
116.64073414128
921338644554.582
68061.9778107981
34928635723177580
1419367.97346227
3.242155215357e+26
10.4815895962468
40.2662676125697
18.8336969783674
15366.6647835356
220584248169.604
3958.96681798234
23891218306509434880
19.1144388043661
4.30152493904194e+27
4949833.97580924
395.488151700088
9179.35389439519
1134722000.8729
221.662342976117
5117749425142230
2.26690809589305
14486471.0236461
24.3437336271772
167387516779477472
320.642292215521
7.06603192418511
4201.44908852532
5476.08424650701
2193972246.91305
8435542.65595807
26599714.5821508
830256.271975474
9218407.78880111
208678603.930569
6.27535909809004e+22
97.7709505488417
297937175.304991
751.672692807473
15623.7995302162
33972018286.7455
5791507242.05178
1248.9516806299
227.820810577506
3400305.20932389
1.12954784654789e+25
1247869508006632
4.42914486596295e+26
3039.25131842571
4183635111461.21
10265073.2601057
155.21303422228
1881794.28700206
9.68178838003094
1.12084209915715e+21
223588.50957001
2890310243432920
25525874.2369102
249171.2057713
1.85458594773078
0.598336830373708
3901070.82883721
19600796498.7716
3.50500310134789e+29
1.23870140724358
421.291283832333
46797.2301408555
11349181607858.3
17094013657556306
697.721576745176
5.56754309312947
81.3305906985459
31.4610090788892
467.288743044693
566310062792595136
79425943211.2362
1.48929352487303e+22
12.12033896762
8.35435992873018e+27
125441019.094593
31.8697291763959
448060057.245288
1.95091944549372
28344772635.8551
11813734824.0324
1009105.36591964
5888487694957114
151742207762416608
7700488678886.31
9518492.82148382
2.04864814640339e+20
12372495247186.6
139.260061152472
1.4927325669515e+19
303477.732668198
4266.38546128267
1790.78937711965
15439.3073347317
57.4177428300872
6.31116331126488
4115357887785.34
35.6941878130959
60.4849250032318
9392304367.70857
1496.05884461988
1.2494084775117e+48
21672340587.1525
10177865776644.5
2888675.63036204
90.4460108691548
0.806461935023628
2103430992.23099
79861698025.3233
2570.58034454483
3.25015306710711e+30
10100268007.2283
16673521774.8631
29166.6976004643
194187053719431392
204516606883.471
5215827.357191
4381847681.08386
3.08103356760075
177610.1912152
3.39146060199191
512701537.266462
53.4778313938701
3183813519556438528
8109.22282661736
3691500649.96432
11636856303614449664
209.737484142879
5.14450460885581
24261530541.738
229.568733929257
585139.525368724
1416220867.05703
2.70903343704258e+32
39.1168743408416
11986176.4147615
5416.40067586984
46819245277.6723
32270004.4920459
984.9557825199
25325671221176764
540.807181807541
18776.5682577868
37618360042726924288
7314.0886150867
3693.00414716191
1422492215391218
1.24310104999555
17869.3427881122
1.44630254124898e+26
25.43579883439
245.297407509281
9277.96908359041
420189.777600336
48650432461976.2
98802600131905503232
311.36180404923
2.46122618160605e+45
1.52977104243993
7.72689553298759e+25
855151.328575931
276738.928536032
4.61349919539596e+31
50397353.9284559
56342.7159399905
1.09896730356785e+26
410.636190333957
12.2451502559285
7.19439071042953
1791788786655709184
16834.8417300833
2739337480754948
9589177806.05234
81667.9000781691
101.994568486744
1.19068554755184e+34
327.984395391364
11.5158179287666
1.40098812052202
396828356.29078
82.5720962507728
128132.074924703
49.6313328555517
2.24642040210023e+27
5919019.36653045
1428602.14838669
4620246803379.6
7892025708.7881
9.71806118098628
29.2284377519847
2838988607.38611
90137034.0267267
71802989.9150211
87494169.6808914
107834987501130
6054227.693732
2239.78484931849
4991.11703268699
396891907.49166
1.51895425491678
2063304304186527
1236933504.19877
18.8293976252292
29410803.7658132
56.5159379584182
122402.607049605
408.839580871033
53692123052282352
18704991481.4301
190524591771640352
1775460.63692205
1213.70715771923
84509340478674
314428007.0141
10241341.7321379
2.84647250728988
515709905115.235
185360392.543563
13286104340.3401
650711883.135547
574816.53955666
5366.90013181604
55.7347845325477
3406670428253.55
3234.44041778078
87620004.4390111
545.068444540869
4.27866518567748e+34
1.09479904533328
72.8755036151847
3.3233060307721e+43
4.24555965883476e+23
7.83200916873356
292010371653.483
10.7696635259572
157.145683781016
9.31922575312004
97.8066161353401
919648062151128704
2.36894741179483e+23
6.64903008776857
695880494187488
1.51732704500726
0.729082135922724
1.60987806706254e+21
3418009144711860
38470.3760663361
22697.7441216315
5773.80496880012
7.25969182832351e+21
25942785.7384597
603427.365554374
86.9212568923148
23.4724736356713
1.28740245272191e+24
7.39708971254045e+25
0.95829653635169
3.05732868166581
60.7157289324724
2615441.40858931
5.66394473721296
7660.32763658926
3.88793628173707
7496140437119672320
0.704811019809888
127750.128460256
3992342.32111832
918.407330113477
60.411325827998
761790994297.144
359.147226767512
142.21032026839
1975717372.87373
1.44353561436754e+34
38080039599.0456
4.49128281507752
2.87176210608086e+38
52.4108495114379
115.925571117681
6199169089.40096
534010.815179595
655135.275382153
45718.535674627
1599.94919902275
24414599123.6363
19007071.4580159
14735866762716.3
458768162835468
262.550674918766
105523268012.887
17070.8260188062
108.564137112122
8.52277684367794e+23
8472340073327294464
107.050612232552
1209.14485874411
1497986.47470925
1152.65122640274
1.1692344650767
16597.1134814614
250116.771464375
2.43142611325082
5.01477931320164e+26
11413332.1487607
15190.3805742035
3226232569.62256
176730180867974
3.45566619389721
40802.8439805614
3291057945.24675
23.4983975672248
44444135.1130069
1517.62691722546
296783.088971095
1.03818466131586
764710564977.386
65.4155973426413
175569843721286
73952344107412291584
435120072.686471
3436116581599880
1321.59182792022
26908416.7766477
4831468083695094784
3.04608608033704
7.86735934575293
4696.45909806934
101822403011.405
4.10479735857828e+29
2.80849185526212e+26
7017339940.56426
349.426881927704
570800264538808128
146.853693608266
38180.2298805222
31.0697241497035
29870.6204386196
1112034.68401279
29535616.0001986
2.35753392474571
2.46740522499488
21.2062442313463
13082918454.3131
4067853.86524547
1.04376703266765
27398452609575360
61272979.1179569
6312225.76624292
2.47272732712621e+36
28.79935255882
2.24921549587423
1650.33984202226
6318579527.05389
2878405.74209124
2316886825.70897
5.20251540784855
273999678820083584
16.1882939422663
68099814712.4716
326466239.776484
36.9751004304441
2.98207355049771
11.3664359316827
118.783999704623
3392673958.91701
2252888662424284
3825748.37480008
1.84942227637271
2863548668217.65
8063.25282315037
1.52227456117904e+33
202336321.217078
16396198.0113191
7972769258075412480
1073731168135.57
541921035.000161
83.8957022418115
70163313160.8682
176825.861788211
1.84163781985601
487.712962519891
1.28009864300106e+24
6.36422538326776
0.845755078897291
66249822.2004925
3.18258849455845
17348045.361879
1304435079432523008
9441903454.01626
966858541025966
8.87288376939886
358.763528195599
3971081867048.34
14449.0217788337
71248.7732930404
4166871074.07655
93486.3961734017
9.11190215401061
943874113.83284
2272276.45608438
6.37103166107495e+29
165.356985922001
5529467632.43455
849.08504466281
371.920015030684
127237.418708072
2.06710697494881e+21
2.20176284166015e+20
3634720377.55223
887.430701193436
320301497.230078
10.1221034774602
2728913202327657
2752624.00926167
3639.35199676335
14.2228665825199
25.5873209734807
2.99223010065323e+28
6420.49397484399
2705176.46822469
16979905598991.4
12.0803484221992
63.7717960009014
4941650.13585347
2105620838.13202
134397494.848543
4.666708117866
2.35617647484501e+23
3313809.9544671
68115925.6083643
86.5974466390741
5807.29952676064
16218839848001.1
1822259.75957809
1234336283.73549
64781989.2196384
1.65656864766343
1446.70168167564
2.62729668284353e+23
530565.465594202
840683614815011328
244636620264.667
109438.822638753
41.9862671863907
3122066553.49251
23.6452769928665
42811060886339512
37.0766774515975
484418.851808129
1.80508289980009
573.407081984734
1.92021983517293
6663844.30170248
9443464.70630933
1.94704466836986e+45
2.22706707221363e+24
5789766.58661421
170.191862860735
5204744705.80498
70690451786.1862
116028935.425763
318.159961533942
48968309.3173454
8855601.99364945
8.4442645890555e+34
592911637667334
6.30262475205705e+22
9852540451198029824
0.565727917802845
1.81565146427841
21116570.3630871
12197034168020084736
146.132993353074
214.52780662044
7.17272101474745e+22
17998766575344885760
828567.81810408
15541977966179.6
927075479.644969
5.74699654916374e+21
216269634.209231
2861336444808.95
1454.96401947253
1151707.75826554
2.70873251107264
796.544508621782
0.331815949977512
72829.131210076
1405.95915273563
128.140892787761
4445585.6312876
2948931.28655702
32071581902633.3
28555561414745.1
312147279806287
102637502968.811
684453495.698318
8.30331410769678e+21
24.0741751577235
3825341.94406458
3192563.56524871
7.86869291792529
3877544704.63402
391738.812445087
5040.92147530558
180360961.720051
21084116.2043379
103246406033250
13732145.8524239
22.0882402224489
2302958169766.98
6.75154299130416
4052059905345829
1568505.5059726
0.513887785331637
2162825.88739582
4.79531237530425e+26
2270.48669713055
10.1082812038637
43857091.487526
4283719840.81646
7695.20498775904
2.9735405613512
223927624404.844
180879.336815836
25.1046472908417
8111131787278065664
8570678.19896649
358596132616.617
467330.776405336
2.52543665713266e+22
139170080.173129
136659725.893017
80148.7548407176
4537.12384394782
23350.3828956496
8.31469647457956
1838888.12452801
29.9934695439275
5547.52554306089
7.61781944397131
1.68806398023104e+29
4242.9854292857
6370025588.76228
5731837281326.05
30058062.0732889
1.79539631848192e+23
22099.5620791662
518929903.083648
0.927874878239556
6462031766.02243
428510.648567776
707136541549.127
19652.6146577793
2233.25041024964
16.3114382973495
3495749570.61655
167974.459425262
1420.72419934395
294.395363969475
328726.349225325
23261971.3279416
120835399219395
416.908382602008
876505992472938
1555098956805362432
136550.209407974
41012785857051.8
267278004733.039
127.754038496172
643504760541477
271114871.314402
7.47765940850396
287987872843.505
80.0192886329417
2.48270226798578
22307944926458720256
5.27112821513541e+20
33447240069871.3
4572.41392827225
87582.123869287
10398344559.342
45877634494.3617
42.8611797586715
53745128599034101760
1.23031433042157
16169994950979616768
13203043134.965
4.40290961066672
4.24867223077517
182.156783358767
2841313510.71707
5.07664779374272
3.17857208764041
15.6948543470984
7.17320973467851e+25
3279.53368515898
213810203.451331
3859672566.28391
1.38643635207483
1.95569737719392e+24
143.355489843933
26969241376881729536
89053.8256972146
8174993205.18516
4148570151458.79
32505996995762508
59613.2859578366
22987783576606492
2.08388359836727e+39
23829.5766901884
3620.63662486271
18629.9560265037
3823.48578907469
28200520720.5346
14460569.3948051
36990353.558888
41.4631216799313
7769977501585.42
8.82161179455296e+24
82786082486964.6
3485876.60023614
6405319180.37658
1.28271334518488e+36
194002.070896501
2443170392566138368
42399690482874.2
30386949643970342912
2163.8359347171
8699123319672.92
7.9864710054426
1342016877514.43
2.80778392044166
6615115363.09951
72.8897085612257
12491133187.2479
384428.181308518
3.5545527109364
84444073.3400771
18705370197.0905
24849400262663948
2562.4279512112
351584699587.903
18587.3474916957
303610442985166
598950596.099145
42174960728172634112
12644246159.0295
5612091198943354
7.18447169280776e+22
271766.381648484
354339537.270804
1.98260335912362
32139504.3691774
21056460.6922429
32686584.3268848
2259.78184996366
14346.1211729139
10.1820928570268
2028910.88706039
66.458551868536
2.86020559015506e+31
208.711223088336
1965459035233554176
88.5653837571747
6073326.73852323
7.35104951543016
2.5710140655876
24142665.0895457
64862453.8357131
491.918501272692
12903777212097.3
841635604507.63
41544243483.2626
7.44394173132274
110768411966138
1.5116128070068e+34
86.0624816131691
580.444172505621
50174.5150788511
3.54724357334301
10.5784526830107
747440938889.48
271.929399943667
12.629229587995
26.0772363293327
1.56057407500701e+21
14509293686228334
31121706699.9418
3001371.78563872
3.49118549178617e+24
247.051039078769
110661960.171817
5.70258779557906e+22
613522052736932608
1529.83287402791
6649984831.16563
1.02346689065955e+20
404.64433387322
222583408998117
410379441.849122
2.5088136611646
6.30983594198855e+34
6908.75316628892
5658646929720525
1512672641.58796
8720.19662662288
27591660126252261376
47930666498989.5
137709532.224184
1216387602406992
8367.77798936174
1099339.78215521
1.65244708199189
387040541794.725
89392341.5499182
4.25180390444455
792.874972804553
34115401692.3087
14910.7405598552
1354930.8328083
3310.73634303688
196.033587855124
31855839519199436
91.6087441882028
167.917544976757
3806006265.35691
4638032.98558258
4589.49346896521
456830205.460825
10464527150144154
21.0435363007274
3756.63689093821
1338959355588866560
461720562056770624
593.893456450005
8410864624842304512
84.337834030967
167830741825.069
238519329.74931
94840.039982218
38.4708328901408
24715026801.3049
2517562.24199267
1.01939879304635e+20
392300392585.555
3.14224604415765e+20
4.80057101575074
3118563446.39717
28163.7509672824
2128.13652774494
10.137138118097
30.6450470998588
6.1740953184386e+19
432.352716450204
8164.99473760461
4.91581214164423
11472791754063171584
5.36660665952978e+26
7.5867721322434e+20
10929502404.9358
7052659860056.58
910.280650414233
350146.628250404
1657054663401.16
2.06652920093895
3635645745.60776
32.3663782019286
39459738472.798
12453.8661176682
18029431.4887527
2014079.67994149
29014.8562173347
578.328900336873
2596.1186933659
2928017422.91063
9022.05698237357
3155708.61880156
1406.12777156252
86366311085571776
504391220.334123
959743105.867649
195.222327724228
1.66480256262925
24302.557567736
63.533650929595
757.438766979346
7.42061592873717
564.070503529881
117.174334169963
2.02148363216314
139770347.570998
341046871218910
52.9837696075417
7837.5611912009
157127.419560077
8.43685859166034e+29
30107.7775708853
72.4809229962529
2235.42957835619
583614.322878539
1243735519.00294
237.684587868366
2395.09986993578
5.12135867252605
112.401178017409
1.33090782865257e+25
9502.17273916537
17005.5760193286
121260341936587808
12.3136619152679
1.07209831587473e+20
3301679.70651138
4106.21133060808
2656.40415100184
5101.26502551169
137.572728105845
1.3677715890697e+33
116.308541532478
28.107327903888
0.643385222568463
743.789649541295
142408.19976926
107562028.542149
1.07154017156973e+46
425.490188969365
576301425837596
118532.770290843
2835.0008533282
4.63574040167169
2.93697548587866
64020430.2293195
707113550224982
1.01992923795213
5.01204115101623
6233133696740708
0.629364602596706
9.09116470736574e+30
10501011743.4201
2.76567420260385e+24
6259918340982591488
106033244.689163
335431.113121942
2607.5172775314
117.725192539699
2548322.97433912
50776082610.484
35596512.6463439
16029124762623.4
6149414.66764751
3.23032501392954e+25
2342911767580872
34.6306930569467
6.61299840449782e+27
3650828.85350586
5887788915745.52
14122827285750
15.9495530643515
13495799192389
8.82240890530084e+20
9929186037.09497
