V1
90.9887730037397
5.12138822014019
1.5151712047672
50.237398742244
1.55459608264238
782.531152208463
3.97535677465482
73.753645518141
34.1988704418119
0.595442602222299
9.49514344482761
20.9175636127991
139.839514490725
7.26611009337371
1.75611633355457
0.641387869609835
1.61156933327261
6.58356735124933
2.21850841856479
1.52840141885131
3.19665197519519
13.5160653068088
4.13396384026952
4.7031509109384
2421.76452995239
2964.20326885404
12193.1186899305
78.6459294208211
0.63316909784246
125.008044411124
3.90268689805672
102.207050623506
2.87205738330288
32796.741916928
376.313212612602
530.184842207147
4.25783138406251
2.51723408393616
26.9396748844755
0.714095603819783
1.78855999713174
51.5353786851713
6.85951723715321
509.059275288108
0.408915348026284
5.44529274534335
2.6893520529995
2.01746130656206
223.380493303067
359.565411700296
4.76819621801855
868.830117801537
4.96539566843133
69.841481417129
29.5875514119989
1.93459779816679
1.32429801923457
2.27502281400409
1.60992308999225
28434972.3181907
0.653807991068401
1.85849232269115
18.4226827203291
9.06296878022855
24.47874549474
3.58729206948545
48.0310880467902
990.941489782295
7.35522393920899
4.70674066483735
5.60593955295101
1.57370278373774
1.05963265977234
12438.7491604983
2.19277755423786
0.472235086126729
1.53744020934268
4.60435726639728
26.1858089987476
10.7466470929475
51.4042738463036
2.49383249631338
1479.68423516991
46.051737878592
2.55720325881155
3.21740631027864
1.00894298388575
2.30133255055004
2.06729165589088
0.875868915476163
201.862411072844
0.754694542254608
0.706927067583697
63.3499177465481
0.800272483860841
5.52314809571321
4.41858732972287
56.4773427944787
95.806059411611
35.3044882171527
0.786756540596337
96.4955711523764
46.2331743932952
1.78713279456101
55.5344709239913
1.48788260859519
27.1250187714527
0.949314777161111
280.871878432571
4.31985248427681
4762.45159397727
4.90852741230006
50656.9294145514
3.00431064718114
8.0856550056076
1.24578299912257
25.0794906574656
192.089856272485
8.98396789339362
2.49329020678123
87133.379099296
1.22526935520027
4.71286992002465
110.673901396123
2.03142755112055
1.52634818969136
375.472636749623
7.9633903542058
5.02727419294917
20.9213338979798
14.7330391609183
7.92333449432418
30.9890115150708
396.639400392953
11.6114914375146
2.0308157411013
1.15106994900882
11.6060905682453
6.59907471335031
24.3838951316612
53145.1481364895
64.9222339662439
5.16205709045866
2.16480222653238
15.9142362019134
0.459534789857701
458435.534320679
1303.37762713196
21.8356055000198
33.7918518102976
20.9245180033194
3.22629153789206
1.75567439831749
361.125887892759
4.51969468349885
6.44546447540697
54413042.5315784
23.2335422595039
0.441094586012949
934.448162543468
9.54365110095275
8.20966068012242
2.12990592512756
3.32374140060646
5.51683913577306
203.343341183618
0.983409006262799
6393.4591757289
71.9528406384388
0.588431493361667
2.03441718977391
3.23410634349621
3.84857163836274
2.34282790829299
73.7598271053288
15.2969681553399
2.8581781790228
0.798267024605569
3.59126136563533
2.29417182752682
18447.017203768
0.612314494860949
1.2312032904727
1.10349937069445
3.87780247001076
993.790359866068
1445.92736532154
31.9969202637268
4.6535178957713
3.282447196833
1.95639667294709
2.61631862883168
2.19857014581545
411.271176404085
2.71169336317637
9.53669619701627
32.9843726546659
1.98082224664098
0.798042929688078
1.111657947559
5.9614355411063
2.77507971650398
115.158884570414
8.24078809803667
100.91488853373
2.09433670982054
55.0494767551176
3.48692683122633
10.950422508145
9.77531238881355
2.23594001227084
12.9966434774289
1.16533752252483
3.19480262440011
26.2814461928998
5.4073848008175
10.414579016585
1.58145804141905
5.81444057501967
8510.36766590724
1.10123849783622
534.610210328078
0.787152767361365
17.5964224066421
4.66312270021369
25.1185734419837
1.7330387906646
0.88896865996221
1.021049818735
4.49504266858064
67.7489581142134
0.646051616159392
2.27717115374777
62.9090877302628
11.0663451941914
1.43297529696761
0.434569144972907
3.02036919474485
220.196821039223
439539.334561108
8.20847462733132
15.1045198478094
0.423538870024861
1.00008236034889
77.8468595576283
130.653411672155
0.668750574899556
61.748857546693
3.08523890134863
224.689257905927
1.13800186410929
4.26382792386222
20832.8068735264
100.421911562844
4.17440456211523
214.336720075218
8.75924129435072
0.610199366965974
1.20810368937906
458.247418889266
20.1266578551175
14.4151525208657
2700.89115284758
23.1870858006715
237.563061269713
21.5980827118905
1640.16961167952
7.12654365979637
24.9767396572427
2.19944567312942
1.52047130261731
1.25374381233086
1.31430930193229
71.7468026907276
102.260497856991
65.4184899150657
2.97096519593564
2.88298766474398
20.0329038977145
9.96655698581477
26.1394843042776
43054.7179270771
4.30358962620148
12.3775131448327
1.50043447559954
23.093306095575
0.67436312516365
45.7308637558742
64.6599022638559
1.97467113013755
7.82441682478791
22.5403884968272
2.09878811972051
50.5776461691263
8.80168523438911
0.667991405741288
19.2062675340727
880213.088716654
0.757981581061938
3.58422002227368
0.586190118209332
2.34605910103967
5.27849924277134
81.2796251244144
2.73760534639219
1.80008979975786
5.94661243988817
199259.157073234
1.65811211709607
3.00852954203476
11.679360132226
6.99527319773408
12.7568628663773
10.2325769875738
5071.95436087428
2.97068359363224
1.17116420903876
6614.66736820883
2.53101546971601
49.0084238109116
0.985365234552651
12.5605719292226
58.6856831385623
0.997744607891118
123368.061585737
0.975234510775141
61.9743975714612
1.22852957925195
0.645277316578268
3726.28785541518
15.4063175759402
3.21076600500102
1.55663542048645
115.446644817604
3.9976619514903
68.7093339887082
16681.1770523477
340.542091534522
865.325074270705
2.30454825450724
1.35625398697175
166.218772178232
16.4317946452164
1.09823548655442
1.4007471402772
1.60049653018905
1.77610629447505
9.8750532050616
82.6411056110556
743.983131771903
35.6996546706099
0.749398099916679
0.682031475473185
17.6112887380305
6.0133777945412
9.50945171498326
17.3801780537238
36.4165463356119
742.857780300649
0.966093561806933
8.63799593185269
1.16733581459069
141.247797031931
0.758751979749928
44.6716180526457
27.9002363310849
422.492488832272
1.43813499610769
12.39194987421
195.284653865917
14403.5060120351
23.6947252395979
21302.9698134486
5.16122502020594
8.36282751345656
2.2364021976515
15.5881265395514
5.77310394472591
5.45380145005835
860.701007723002
63.264711928584
32.2211750431371
8.1271696564181
2.14228525690562
25.2365879397977
3375497.23787553
1.85336787644583
3.55344568816948
3.55135538944228
13.188304202724
32.0064857960998
18.077021915633
21.9270905790385
0.928715969190801
2.06119435286614
15.2051235082362
134.866093997076
2.89174093847953
1.09763540366577
11.168099514627
6.95017697388748
2.20133216365375
1.48069699190668
0.640457971869808
11.9542893112776
0.766673935797251
2.69432369175345
1.43737839533717
325.488790914577
3.79674857954796
31934.6519300845
26.9532631660399
6.08661481384623
0.641969320189242
3.19432843864182
8.80978190003614
2.77763986550084
15.3334615104247
1.84872469172675
3498.19609177837
10.6937515406793
538.593502887737
1.34491516259442
311.440079362883
8723.22807616119
30.2913558642472
1.31178984893581
92.7979320975847
1127.46872288908
1.96054750523678
0.72521625591111
2.03839451412773
39.101132668191
109484829.769587
3.2840413937673
3.20226873216864
3.09135637782802
1.5014861469814
43.4909075095076
1.06025980902811
5.76326992109683
7.18508931475918
3.29089592605006
2.45143151150201
45.7235500048231
0.630663326531652
3.40168512076791
7.02814033468252
0.929740626230598
20.4734441308632
268.856207659075
6.27896049966993
2.02659009087403
2.15327194498837
20.279659250391
5.10230889163398
0.973226995218387
3.67681949493759
2.08146399942593
296.146748312883
72.0462761591247
1.09434651017651
3.55563037502761
0.732975165142638
14.0460432743263
320.775078439414
7.63857584143478
4.23807840494906
24.786157564753
39.9324440242138
110.209771625155
2.49223605751369
3.27419038657999
534.403774937366
21.8337786384223
0.738299833408652
61.743228367512
30.9596060924607
206.632848112303
68319.6539299065
944.939510160357
7.34377151037146
14.2935160033348
0.986870317088773
392.788813961752
0.785480805987103
341719620.858513
1.31733242995299
329.217089295919
2.58688121096404
0.831722335711264
42.8209097736492
19.6852712298351
1.67852552641842
4871.17232407975
132.367058643077
23.9413612225365
26.3738080449532
320.663857901247
1.37141101227649
604.46047438341
19.7123546225085
277.190394029883
1.60162515997896
0.746157057857307
12.5268848147031
1.00047822046759
4.85011343377665
0.673611687689594
58.2288318471742
1.50600121021256
122.320570267562
10.3074135444861
1984.80904754703
44.3427081217382
47299.4873901927
1285.20067376398
2.99085652536236
3.25210938394222
14.7666465199756
0.414436502636273
10.6508514994965
15.8790006759494
2.16239060081335
9.00694690803339
1.34417595889309
89021.968274768
0.916998332449415
1.58002702719629
5354.84902832906
2.30523503344549
1.03693297548015
11.8066798161115
868.808694740419
3.38499398952892
5.70298523919977
4690.51972586427
91.0886349482951
10457.1360733012
0.861711129329932
474.071876989044
1.24441384089616
55749.7466147654
62.6839330088993
464.882399433639
0.643709470405936
18.5349943859008
5.96618862534728
2.91623801150147
4.14765861331852
247.066385984084
77.5701165926375
0.599486688930909
14603.9428924842
10.172046766483
2990.88141263371
0.69576749684546
30.4989624067696
1.29721223099404
2.76201193635014
2.97136903292859
1.5490238183628
4.52647802103763
1.45642463736014
628517.783758013
63.3129059871134
2.22051894262542
2.14447508777873
1.41138906045751
1.44823049647518
20420.0706382806
1.09229283406678
0.556794610282508
19.9470631354916
39.4977087592641
31.1350662684591
21.3794739349184
7.75093458696638
1190.14593965779
747.322008137132
4.43913212301486
21.0043334461304
5.76684279784844
0.887415388709591
9.34958361665915
0.643165726210664
11.5688381069085
191.955215790596
102518.811284458
1.86138320649092
11.3194173898088
11437.5585577588
3.46620358156549
1.29144283281741
23.3682699806877
37.5888635023425
0.817857909682134
8.95728619727822
4.12805216154876
1.53755482457551
1.27080425843829
7.7091320428797
29.2754358082116
0.648832995988343
11.7403707406415
2.73263817202341
2.44631256430303
1.52695535914004
8.04911993720135
57.6322840914151
34.944171569545
7555.6349964452
17003.5278097227
6.11109508059679
17.5904089963435
3.83484065734141
85.3546032830573
26.0209710289429
1.51082352467584
13.8416580305185
69.8080380139436
1.15252246468168
30943.8155275033
1.82464638158389
0.776787207666588
25.7001371999169
27.1136770696303
0.831208923703703
17.0490677962805
8.62264488378371
84.7689416806383
5.34959566081811
188.537471439566
67.1489666730293
21.0989427676024
12.770824274639
0.773226623910526
7.20020018005169
14.0682831015448
1609.94162411297
3.00414252177305
4037.76481117516
4.74164964650302
1.57468811492349
2.66325930394868
55.4183570352672
1.46457475562578
6.5880553240654
11.3397876758676
12.2556422199014
1.89993051117737
4.91321174440255
441.258676781973
110673.260095503
7.16915467841373
4.02501874390591
95.172603675501
134070.164272007
4.00782177198354
12.9014642830356
1.58666626180387
46.8862755647675
1062.77331360909
0.670816395855345
5.42485039256856
167.711328469683
3.57324503660693
1.34790948990542
2.31831241041795
18.8146651937308
2.43874270550843
91.3700041885517
531.543753954609
47094.3237486174
1.28586470338111
21.8761492239016
1.79511660133713
3089.68770820502
4.08550429508746
2.96846487669142
21.1267024588073
131.46938431
492.427289368633
1.85798654460204
1.4711761466742
5.60218636792163
1.72901181865542
0.925371613301691
12.8620232522529
8.4224999773095
6.04691484829757
7.16742334661911
48235.0089932803
0.823087602754528
13.4980595842153
1.31844988295185
23.3377138264942
0.88152581650139
9.60003624619803
307328.986268658
21.2388136608907
0.860142249433046
76.50530125118
9.59601413237904
3259.23109616848
1.50872128600296
603348347.421127
24.3567214722111
3.53790494034924
6.51092770467858
5.64284145671418
8.665641177525
17.0454920502485
468.259737112828
11.479326598884
325.502483489192
15.51853708455
3.09802706113851
2.98657128470461
1.44346417346382
1.69933926370824
8.81361623776214
15.7909801931973
31.1610394649354
12.8334993431698
5.42611566007978
1.99261198057563
43.6636396316222
0.804204833764332
2.47865129294048
0.793573027833178
3.55870442296685
7.87623421877265
2.93270992975914
1.03009261215472
1.70093718134946
336.954851880699
23.7244818230926
6.33243550189174
640.580658119822
15.7445248112322
17.09242321879
2.11641525107407
2.55176135153903
1.40297143995561
550.628549685767
4.8894447601135
1.16211086855364
238.464205028903
12.0352196956653
4.76629294391068
29.8831153310258
5.38721791496827
988.374718245235
0.633756939123943
2.25702926387931
5.31338448711025
25.5827353482181
3.17310045335709
1.73205011205727
4316.65848696257
103.276200293255
0.676006110141352
90154.1087985765
3573.67635412842
2.94591313683117
1.94470246277288
1.6001656417659
1197.41513908072
1.21838373557741
12.1765162961535
25.030095581544
0.263942678458113
7.42745783606536
37.8509564380352
2.08781114462957
2.96322079676456
19.1623626904032
3.67188347191971
16.270366343862
10.8445183300446
118.715575763478
916996.681910594
2.7386894174976
72.1436582156767
1.10006407313908
2.04616383714
29.8801911988945
7.13976120806371
0.758361267113054
0.767808294958917
3.22302055777918
4.47217025952082
19.9268753766123
3.32028975309497
23.7276275940097
1.528163363809
3.69750622820234
1441762.44974307
0.831371920254481
37.5343512310501
2902.83871030504
19.7397375425825
6.12669897358105
23.7576096400817
377.714315945236
1.33668015057823
24964.8567468085
2.06306835155087
1.4029710733237
6.84233631889088
94.6272392762987
1.70715679698892
1.34409923695303
16.986656383084
3.91518785712824
0.865389908801928
3.04244252113346
5.41084939856163
1.2529889616101
57.0802593573331
2.87996243715152
96.2466149655463
10.6920536168791
0.98605810699447
18.2653791257466
2.78817129844361
238.902945351578
71.1820052368973
1798.2646485465
0.783899877718205
99.1830297991339
1.19719534845075
157.882698459076
90.0864653710243
3506.83567894905
76.2975329228568
5.43141649831361
1.63491335202823
9.55784760527528
125.485142131662
5.10384866651533
61784.7955787949
69.6133567507444
2.50422472325052
1.20712626816185
4.92685454706704
7.35303494496504
5.98744076921612
294.158824305013
13.8439683442154
2.04037240931657
13.1389478534493
244.702360084348
9.31766931703301
1.60998599197029
47.843688769375
891.741100602785
1684.30603340341
5564.92467654952
0.896672459476821
257.5782279893
1.11197044541036
2.90109500210886
89.6612181528764
5.9463945501094
23.9000980381714
11.7757143947914
16.5665576947291
8.39982013851878
140.622623297164
35.7073457070537
2.16115660001012
9.69051589469902
343.639064164114
2.99423671312145
9.09763159506705
0.860061426093629
45.6995450422408
831.425448655526
17.2613664449212
4.51900327983815
8.51358756968051
45.3084435407207
10.0230447051302
9.29784045075181
1.43646071977997
108.247468901364
570.403731038079
0.549157945878188
22935.867734111
93.4082203943401
1.54092925184
1.20435776875033
0.850355992934629
1.97734325710883
76.2175415218086
1.32377168197393
3.43641699507225
0.826443873404093
0.816513676046606
761.405317191706
1.7215766467383
2.35138594380818
4080.42287045608
1.16163338026843
3107.63827271099
184.095768171328
1.43865692144407
0.346508824928161
3163.55060358256
1.21466172854361
100.516986603414
4.20323259973715
184.115164814893
1.91965956632149
95.4521585983202
1.49627756210968
18.9501262726831
11.5148349890882
15.2530036400298
0.931332192431085
53.6280066071106
5.09256625832082
1.49565966950589
503883.580099637
10.3733647513276
16519.4990891755
3449298.97504463
1.40700989741183
3.0654662252479
9.57085310552379
2.46447516717832
41.7233138213468
508.328225248735
2.25769242730988
1.73632745859479
12.2768937388757
11.3486764564086
7.08824215654775
2.02637830923632
26.221277043251
18.4509372807752
10211.6382441782
2.04411535619355
20.4656547459598
36.1014873666837
14.8440856861224
168.042497033118
71.766860428365
5.1176689733992
2.21023581779975
2.32046066950425
1.56829773253823
22623943.2396782
1.70135783233588
3.55142753516608
101.767471597874
6.53095549104942
37.2458513810761
7.56208799233958
14.4372073241109
2.06698311719392
2.63936072508955
1.7691577442349
64.9676705445541
8.80722752310004
6.12371567731307
111574.069173424
393875.145901203
7.70484634648004
1.73342273803612
0.786520470483278
1.4848012696864
48.3700493698754
1.11526015531642
1.52348537211804
39.7378654363514
33.6116390348619
19.1478756221213
35.5467679234464
666.194337212956
4.04370890527215
24.3436288906156
53.6504555650373
4.54676603374552
0.698184450934335
2.0219448168584
4.89800402020641
205.21987828871
1.1839927439545
3.71467032724227
2.55182216140809
71.8200404822931
3.32313194703212
0.997503392171141
24.1285905418065
192638.016705517
136.198656022614
39.9144835608337
30.9632585998853
2.63102984514871
2.07119976444896
8.913774900558
2.57696118801203
1.52390331897048
765.37326989447
964.955834782313
1.83353002739586
4.2934440624066
1.6641025805437
1038.79812946222
115.559850001247
3.1753439990018
0.759985087889659
6.33999931396112
0.586710615327563
193.32199469705
1.11676213034261
5.94066299971694
1.84627527875853
2.79001994740423
22.0551800251685
4.92011901590834
36.5678883157723
4.19890057460459
86.194128227028
20.167608183688
188.445116257532
1.48556665319079
19.3754441542584
1.44962277141755
18.5468986371925
2.39675216365794
0.331106206849169
2.91625998842967
19.5451554582683
0.437159892326967
31.8394545963911
1.7946421611841
26.0233835386074
2.21954619152072
1.20937723861954
5.10116362576585
50.1675305236966
39.4479538605698
126.965703796533
5.65559539446696
3.92631257107075
1.13934271199635
17.1932903433665
1.28633034712533
2.84398308454865
2.00651854829659
1.25651022176079
7.2158881263051
238.172721328736
10.5800884873051
3.10256633121288
0.600042658176746
93.448153221144
7.90357473722401
1.54311339045132
2.23469955706317
5.31795614726884
5.79154284226656
256975.683194298
3.20673147387305
44263.6674583249
8.73046754072039
9.5924318852277
178.990867658279
3.25308830957678
120.435603495753
66.5215527427182
13.5129090993854
29.9818771962896
12.52046606183
58.7594597920257
1.13881173886556
1.12594457943829
3.12732656687407
2.09314829073603
4.46957821071804
2686.7377237496
2.10512926446258
1.16726634222644
1180.7697994488
1.9461047748528
1739.64810144524
19.9334708733369
1.02467012139907
3.19695823448949
119.407206476429
86.2501510179571
18.6506475693336
2417.22984598418
835.911674527233
36.6978225531836
1.6541635252538
3779.51660410319
2.50538636958991
1.7632230375323
5.75196555479461
2.34879290851608
12.4487692729158
131.969082722045
163.771804442712
43.9825608361858
7.88449833701449
7.71716882248012
12.2351390568284
29.1176879048515
4.44987585830128
64.8418548529865
13.6231309276459
1.5109830087631
17.9758739517834
2.16380408809546
57.1707284138541
1.5127163110484
16.2619589932859
39.854294096723
1.37995700147078
22.0980648361237
0.68961557930915
0.759702841050525
1.97998762578443
2.10797713546647
1.35676246459634
1.78862045939978
5.82925424954677
1.97463846047383
10.996796552916
3.60671503131708
1.00442700244777
4.57810996016876
6133.58759902257
1.3760164299782
2.88264541248653
221.078069740653
1.13098511525346
17.9492725263349
29.4970069977185
1.92781407019187
2.45802788152186
14.3610403453607
2.80055929318832
31701.6754056275
180.97143401578
235553.2010813
34.0394728659552
1.53259986936266
3.02957636936671
1.43740687020223
2.26234447945383
12.6593069408356
10.3685558555587
82.8975215698147
23016.7446932023
1.56284907985606
71.3077205479992
1.67099312337245
31552.9106768529
2.78968155869634
2362.45942153454
0.946954687225318
1.76367359146875
90.7409009656466
734.551333968626
7.74589549709725
2.08595561830557
12.9476605610337
20388.1105922244
157.780803227778
1.17183890249894
3.2706628471855
140.534967841395
1501.90636702139
5.81021671738812
83.7951102504246
6218.98587312714
149.067627565504
2884.39005949955
1.25837137020309
11.1461746650915
141964.625998673
171.389188488738
647.232272578636
29.0156608619274
10.0338019744263
3.56658063131695
40.7088777615899
1.63046170910497
226.622928220328
13.3619906673814
10.0038760066304
0.966451971383586
0.757924533746845
4.07898049198517
3547.27428595184
17366.4906849519
13.3511590250536
10.1438229666266
3.15561530010487
3.88105877103772
3.67695285174599
3.28886617139281
0.577127176718463
4.90537825192435
12820.4051624037
107.115322872656
1.27611195877483
30.0545016484444
112.175455401641
1.00651502459543
251.018090175945
9.33518717739339
3.58471276620369
4.06448315954653
83.7450398266047
3.63240328268064
2.04997072134139
2.42201301762139
2.57989632030541
15.6501877014882
0.82748681746516
2.70839708236988
118561.545206517
292642.755340369
1.65097402315467
384.273363936807
5.80229270014363
248.610430371326
83.1339093855614
0.782170065343648
25.4430864825514
9.32200893490821
9.38076075882209
17025.9765235039
6.36998318111066
3.73995437105818
10625.7788383772
185.808621436876
62.2453331644181
1.13221855876646
20.5333431242673
326704.680597451
0.882822855898303
6.52750790268307
9.18496272668324
17.3154020465376
4.6006151878236
6.34840223391795
6.88231512115726
423653222.872996
1.77178171435483
17.1960423520409
1.20941810942311
16.4063897938775
2.04305745330163
0.75139550881395
11.3179158791684
3.7517023802215
2.5409762244766
34.2690927131806
17.6104182285054
5.82084901360847
12.3728355960643
13.9126480845768
38.1097786717513
16628.2371777481
1.29014059630367
18.9887364974716
0.817366374273667
83.4768637036611
0.510618963177088
13375.471743069
2.13608126098849
3.22662464580889
0.971574405895739
1.45126095246851
6.40377959631348
0.733973617120038
0.879286503659576
4.12805163630729
3.5909941757349
0.57357399309571
49.1575612847738
4.63771737459292
2.21104245531175
1.7855000097053
4.31811941667533
58.602796941502
5.48238297328708
3.0386569986651
4.24350537789906
1.5932875035226
6.34554481532
0.533164720665044
3.11222459147651
90.0466243445173
4.38024265969591
145.446955621027
4.5616688226193
89.0405711191913
3.31241338639438
4.07461803448441
18.4345229864169
751.54672431407
26.7664817631755
16.2828158533028
0.542660894960064
0.817358537071382
0.517077445597477
10.0086050109037
4.31656988033677
2.17854998248375
4.16784599628016
8959.0017661554
31.8965318312703
5.25893697046525
6.27897931060241
83.1720630466939
43.1281259972745
36.5863122311001
2.48364735053745
48.1837640844444
111.523051704563
2.60861867359856
262.41506029878
75.8592653446886
118.107888663038
9.37492221210298
7.92865277824633
0.691295824404812
0.783618229777103
88.4330509668145
7.87501556882904
3.67715742021338
1.42705869522183
5.74796276624132
82.3116835651181
4.81428094065705
67.7608709471182
116.890896501856
4.19882077005013
210.764370064148
3.06556388247157
7.59137985197211
48.4639971359077
10.8178267483089
5.03242097713082
5.15072455036579
11.1949072518965
491.500140717819
4.0025823894825
7279.43593163227
182.239118483848
2.0058559681245
1.3348104567529
72.8914281410496
3.65134629630146
1078.04221138324
3.15453965007409
2.82750048206347
5.80084021540959
1.0725727542372
12.0117008884224
4.34636921820747
12.2664681230795
64.1640174133622
0.397893127814249
4.70305941189463
44.1357772210088
106937.571979445
500.433407347919
2.13071302709488
1.73343546685835
2.034978669764
192.066903416099
1.58158804586596
165.223755769023
2189.38198822929
25324729.7510082
1.73423135470227
2.31937138248927
704.039037949449
4.87719889859958
12.9351629425375
15.7898893099198
22.9450753875987
2.9583929843789
46.6557762499091
95.1949861771222
0.597049540505646
1.31701728248456
185.758660066005
27.7034873325209
1.80893231897466
1.48972038712885
13.3347182546003
2.68312955297201
1.52567747987973
2.69988358128468
507.392411933518
72.3213102161989
2482.78288243212
7936.16818616539
44.0422938863528
29.6693606789785
10.5221339487718
47.5600057117249
957.713241125812
18076.5947587669
1.16699751160996
1.00540415626647
5194.13505199824
0.986999480178601
8.45498701272082
1.83829699091275
1.3539005222434
35.5788002256037
0.720641930243551
0.681110634057924
4.79623775988961
0.967640631058027
10700.2116190486
48.906176493682
0.873922171824865
1.22776904070474
997.542813879129
660.744261394226
2871.97426270146
44.0418157178906
17.6612841636632
159.800363864506
1892.68144320191
4.0474677784262
2.41854457826545
1.04250455319016
1.02431318449176
0.784153024774925
5.45574480115866
4.29625898929534
73.8362664535025
46.7274743280536
127.973317825216
2.57026285873889
76.9380876537955
125.925516125622
1.63796748656967
3.78867991941686
1.79799031457587
3.49661076424705
8060.09330564559
13.5759080604099
26.0906809478016
872.990756939415
3.60567186452324
0.810638113422432
18.9692813828501
1597.84445637662
2273.77271029898
2.30459047500533
0.97670957431571
1.19438959846717
1.81860192235106
10.2987849586597
3.73901299135495
12.1612093983104
46.5642259862247
5.22971372595317
2.4285663788037
336.778708933115
15.0515157826073
0.769760562409036
3.72414886202487
5.28978277985997
2.9560536827199
9.19470024027193
1.15041048586457
4.48297666249688
3.16466325513825
306.899699204094
2913.1982564062
1.29047647516137
78.0716742066156
0.695742079976851
1005.12026379258
3.57879176731814
0.5733265024918
3.51673573422505
4.5682884402618
19236.9112754605
3.71073557929571
3.39709307993667
1.04175083144951
963.914493032867
1.79690232517221
1.03008169316683
5.65481302691429
195.816121337122
69.7955928675686
129.359711070663
2.54257976436966
41.1933117757888
2.10253230257151
29.3602083843899
25.9755192467202
0.682764214960337
925120.082726304
1.76598647385117
0.936454723270634
1302.68693219688
3.01837603397475
1.68947990305626
4.76963623457308
4.28902363666254
4.04005813814932
0.42877856774897
15.8494395898557
34.4307129649564
4.58648578494502
270.698488376218
33.2995530307998
0.64178350352749
33.3643906987444
10.4518496046107
5.50047880775297
5.27533283497661
11.5840917079192
10.9483950576099
1.14760268240461
12.6545048047805
3.8517205039805
17.3355938692379
2.14372367090518
0.613100242748136
1.31023936075403
1.59999367102495
5857.41120257874
2.84152012480249
2.45536791143006
705.85181254269
75.2144214613698
0.78031980604065
26.3797787850983
2.40818838472395
0.689095023067051
17.6170455462298
1.84936299494751
96.1871091451264
7.24431363476297
3.955387896982
2.09151124479573
0.934466826591102
80.2194342242224
16.7528930442926
18.9712967486993
8.16750958317782
13.8468755296768
1.21417435991267
7.33747041767378
4.39620262960562
212.722714587352
29.4555850725841
3.86251280251827
13.0462093867925
4.55605146076266
2.6579289164581
1.02312995307394
575.745334738495
36818.7144671092
5.35409630212375
5.12676333596442
1.79636118361424
1.97557185912961
8.65125579882345
0.76150113545623
660.411298939185
77.7887534677294
3.22718716360137
3.52341593325805
1.28864279244388
2.09434723990133
18.0619072885988
1.32785817702658
1.08388413886414
1976.91479103639
0.646413539955116
4.83819012910893
47.5299683184378
4.57763023335418
1.20418554081063
0.922561169800797
0.661499844342221
19.1566083817287
11.7612835654573
28.8664757611437
28.5761465317612
24.233189967354
2.39446506474286
0.680773935919489
3.00379643212818
196.770124510731
33.6300935014717
38.4088331519591
1.12895681822532
2.4624749665129
0.734350616747576
2.30294429117321
5.30057209822882
49.749233124965
1.1116749649848
1.04736510456227
74.1109226233345
13304.4317149539
3.07956252571432
29.0393279255339
10.3394949766311
1.02679425993376
1670.69904203055
23654.9959520412
3.50749185566454
4.23303055327405
10.1021911234299
5.07532927098319
1.40062760794005
13.5123298074154
48383.6032629871
0.571104576162506
0.723000718970064
0.762851209455796
35.3026249726708
92030.359527368
10.0202815943257
10.3370228479878
111.130863962181
6.34897260895608
24.6626743932153
46.2930048696703
221.214593349987
15.9475171988173
9.26289730108309
136.736212048606
521.546640492672
3.31013017212017
0.784387664051751
129.485943846164
1.29328364032349
546.148142487901
6668.76746068854
0.963341543120271
66.6313544377145
3.7460143371266
6.86472747344622
9.02253780659479
1131.80765788604
5.49269103057983
1.44184868828578
2.64043289761825
1.47545594884736
10.0622369352772
2598.50836825539
3.47527843574375
8497.55464464629
4.13338312107259
18.9136387832718
0.850548431212193
13.23203616184
21.786765460619
0.840750469650562
1.04916057160669
11.6590649270142
1.04546913646266
3.92253370431285
55.4727565094773
1.82421313909133
15.9272399647014
3.9208474965132
46.9687562029844
1.5832877910643
82.5269689860397
3.38278681038821
286001.091998563
10.3074053008772
5.61173951568628
1.12432061212546
2.45408528469338
5429.25259784049
18.3808720511661
236.288149488573
1.88393691788199
1145.71409210214
0.898435705720571
4.8917585459589
2331.73942339634
10.0948144670998
7.20237861039313
16.9262578089474
104.488995413236
544.260510873116
510.10580606138
3753.58731467567
4.17491095142218
14.8036298145183
26786.6818718226
4.03192129042597
2.81411096422034
31.1752739126119
0.950374277276455
56.2948878885249
301.428342760042
1.65551618212962
49.4058514778093
3.22569082307589
1.61873836551054
15.6740611004005
0.619546334308454
1.64030137171375
1.25246992064973
49.3282601086723
13.382996119878
23.6164416375357
8.6113330705412
4.41163566560514
10.469010577382
1.22564727992888
7282.42270689696
3.60868818580467
37.445927673632
1.47281634632459
6.11838806094436
1.65953457796345
3405858.06059661
1.1351392880853
2.93090897938987
0.70873216515644
193.204940817842
52.2238570298664
23.3903074391827
1.03544121176878
2.35709669549403
0.852248353856358
103.146136901531
11.4853508923276
3.83436270884641
15.1967230520719
3.86855300939664
25.1800781430121
2.72632394556885
119.22199477304
42.7854708980941
3.27084297196603
6226910.75076101
2348.43313376355
61.0902993715161
4.25801147451395
2.02003728577947
3.2416969856881
10.3698551844358
71.6717466804391
2.53407027573368
2.50574506796101
0.388529356709756
36.1093310728502
4.44566807149491
2.29326787342676
1.02881658581542
4.71397533884834
6.50511942295829
0.977999148993012
518.951858978871
6.95070635422859
2.57660920911031
1.74171394870517
5.6660422667505
0.902369434957939
686.323778385047
0.837330501492777
15.3786211682752
24.0372714110873
1.99316807816677
8.8366748853692
10.8496437852945
47.6606838437365
3.44844412093843
2.58277424596909
14.7911052674275
1.88292071532351
1.09065784111824
0.847463478111528
699.866018181768
1.36789750361948
1019.71735725744
2.34188159517269
1.80010973518655
0.664794034656922
0.9808405336175
243.402888841425
4.60080003767885
256.927719067425
0.83095720708635
12.8821649742733
8.4339833721427
2.82017676864129
5.43589338943156
82.5008406201824
4.10575385880314
22.182691514449
29.0364932169668
1.57757764017102
1.10243157722662
0.584899549323177
2.06345087279688
7.77732082327576
227.685092203891
56.2251661743051
4.08908433323101
3.69156512772612
1.54357289264715
2.71705518764883
142.70453015378
3.02665622503467
24.8405391838717
98.1907818491997
1.86193047510295
3.17217488656536
92.6083465430134
127.658268162137
6.07157813735658
12.3758953771872
1.17888492656951
8.96690083068027
0.459304519965545
302.547947802328
7598703.13613275
2.92802948679927
2.12559398603648
1.61818011002153
2.77467593198549
6.62182995466691
2.0081047435445
2.19795874683993
5.24893924708251
12.0581525804579
5.0744536011423
419.307319472487
428.581894173676
3.08484423409734
124.859554569133
1.90427292800929
18.3530430926293
40.9811467113868
0.880380260825336
1.20645552679502
152.882604725078
41.0287682171867
10.3381078248106
1.11674645553446
46.0174409872519
1808260.58156422
10.7896177697612
501199.689900878
7.64700761358748
96.9862498746521
35.7959931446448
52.9327319999385
34.4531882618523
8.79375586548308
8.61490726555131
37245.1330549493
3.88061299093479
3.15241836936693
63.8815972009319
37.5422592034503
2.28877225553738
513.110808465283
2.12548377608604
98.4144508912617
1.278304111957
2.92928421725172
1.6869646032644
4.48588971415216
9.78229976545701
0.888513848820106
17.2809110228535
1.30580209728199
58.4031984098818
1985.68147652053
1.72328623836769
4.786907304575
1.32936777684531
2.12206361931329
174.38062705497
162.083649538714
0.992268355757192
94.7433554523274
5.11773687127385
2.81369549918351
15.7019864521553
5.32780059065889
34.155977625024
1.06354458096587
279.807596958058
9.31359308216324
24.7707373864879
3.83625910084288
3.49730985332047
1.82412204524039
37805.7266494315
0.785785159775173
1211.52381193646
0.73689349846163
31.6499248375793
6808.61511764508
1272.88070912897
1.80069388383542
16.6455953877564
14.2544756236075
4.44052776818396
49.0272625953448
25.9469829971979
11.929195452506
202.34063954098
39.6374141789687
196.260204629782
66.6860279613647
88.9970365072297
1.71401139753025
158.663916238185
36.1528555592488
29.041677491591
3.04488438931398
8.0980294129566
2.39079783714702
2.1802997414317
1.22154063700584
1.50156541406252
8592749169.69106
21.3602526559043
1.03045482552566
623.465660550264
12.979237458771
18.7510101141286
11.4190483622376
1.03736362073741
43.3533243945317
0.861234517191899
472.078757363851
0.660266915524497
23.6638340809167
2.48329406535587
4.2131709001835
2.44015905093532
3.535760635489
1.75204787562816
74706.2732249536
0.943377340785046
1.09334977566266
10904.7671360702
2.03021205696142
193739.284411099
1.61351829853751
26.5107560675202
1.30874794970626
25.3906264248223
1.97131612999018
7773.88473123146
3.42169548982446
1.80711804366167
249.61809087735
43.5096172053324
7.51379940669272
2.56765602552469
1.79833258210597
3.54827509702056
3529.9245573362
1.31494171732012
62.0718003114876
196.48020919711
4.41682616868118
9.20825970966041
7.5118729582964
1491.38456155596
1.65856031083716
1.394992601948
0.76568656244059
25.0642731257915
1.30953724186502
5922.9082558767
1.6542933255558
4.1311538500495
12218.102777422
2125.95835504062
1164.67020570895
3.81341955602358
5.02759496508328
4083.44614724065
