V1
3820939.37603198
2.81338950316103
16239125503121.6
15.8356694223611
137.083357910687
11.1384478164183
9.17949106416385
297690.168423836
0.632677868510173
633583765.333859
3.94565007564401
3.45745672510663
1.39409444805763
95019.1989797973
1426.5215978001
11208896785.4603
1233520.32840349
4982.49386280819
40323042.9576228
0.136896607170393
45912.4890758546
8.37583050632286
95.1839763580334
155.355126047028
1.16807030616663
0.221216487528226
1321.70124924142
0.767620250471423
3303170.71402305
1.4501981880564
0.366172012620492
0.882766800159733
273229896.3137
14.0680786824999
0.389718816087955
610285316696.422
255794.504034618
2.55717811534026
670.049482640111
77318.7758241391
94168734088.5491
1073.36478262008
10.696568026104
215911.326488091
21.2252169394626
0.845353579026044
183.887302494991
7.61778148010888
197.259268265753
9.147057277367
4.67935368631742
665885.804647855
661916.15014123
10961201417.1793
0.341846215511283
22089.2601554028
14474.8408580777
22.3757335269162
6.71524561076283
42142.6320293777
5.11683028169036
115258.035378518
9824243.23473474
0.276746252917644
2097.39174242919
1856.82656754136
21701.0335716762
0.289561911498008
675842634.350842
4454840641.82871
265871.878688932
48083.5951771791
30.7559070197978
8.80014925185763
105117.461919403
6.85950571976474
28.800642803378
1562567.58296588
0.300720799643758
9672614953.96373
204511.964493793
8182688.90127217
6.22513800050403
106927.761537921
31873542062.4932
13.8153396964051
118038.425008116
0.353029020300162
38768.9912588145
395.564888298141
2621994.58666278
0.32692696749022
7.326241256976
14339.9307918172
11779.6428510558
7.09513843481756
7.09315059811934
5.33130508547334
29044628.8562333
259.143571033741
714.120113037053
299233616.12345
34.2002954751334
1.50535661473093
1.09635252112471
0.653065619488721
2160907.69496147
20.9478338293029
13619.1192690161
19.4002822006863
8482.57977337294
63648216.19907
0.776634410903029
5.42011843706293
1.08696932756588
35086811.3454977
22.8372896561246
1283.99355715485
352.437194923166
6421575119601.44
11612006.4234231
263.795868093626
42135360.0753594
1.27744819492853
122.631950466464
2444074.26815666
276.441453665377
8.62418978714742
5.67002818626052
28866596660.1755
100.24246264889
3.79933423556905
125346980596893696
95036906912.4938
4997.44695121804
837.342610761846
20048760620.9447
15.0606208695484
1603831698.50583
75972.5808149294
3.31108195356453
11108.8370503452
3259.18873778506
74.9127757433271
102.169959269238
1.04003691434874
421250.142502224
1.00058732054289
19292.2943520771
22347.2431804351
4.68227032597243
30143814.1995285
9184.66446899972
98273.1867377638
3927.31192750937
0.296483622090721
13774336.503357
2235555.65219254
1036671.33194146
1581203912759.4
0.957186409400386
5.82566958601717
21.5319082071704
907.889795364031
1.81313724108778
2115.15599915616
0.271492360915617
45365240.0487678
2762367034538703872
44.8897515560417
1.62318768612939
15.4060089746414
22.0899404607721
87.1398643603113
0.291795726370841
3239.45684861883
4.0089120727698
1918.51831835094
222.769878752375
47022.6601658486
464.78159472154
347.114387477654
6298.4425420462
78157685.2616292
6.66485272421578
1.03640018204518
1733.90278516839
4.90665283376053
93.2195863450886
3536.92433408365
3.65621250764715
785.319270896691
3085918070.87336
1.40280669448423
9411.1802110742
284.94658879824
3.43654093190197
23.0646032448085
41.6122503808937
2.90907992420257
1.46372523657402
120.827579404397
1.50942638998711
3852733776359.17
105.04443240377
74505.3861417746
96.1060631334196
1.67274902644087
3.21069380111415
4346.7243555901
8915.66848882368
1.18112150308468
16339.9004847266
261.906008760081
1.68765298723555
3.88184743893828
1.16148859917999
22.5965252066352
2063.88036638513
0.289545542969225
20.6320113140593
425091282793.746
342.175092477584
3064725203.60999
6.08562546000348
520759307064.647
2.88983106473048
675650.839953266
54565.203881018
1.72462669813662
773959.416444129
303.990525742664
304887834.404881
402804.264066498
79243.4380539797
2.68759656350808
11.0953963657006
4.36663416228375
0.658740145649665
116.680517500366
0.602144216120153
38.1050887415608
5.13105448047915
2104.45186071686
8460.29227041003
2.41156114707714
25.617280673002
0.985583945416432
2916321895647.51
528.886337151643
20.0284565169246
786.138802364457
1719070776678941
9086.86160046295
1.06933477933475
694.605617175456
552.705801332298
3.89652545707199
28132794743.2161
2539174571.65586
113.184803814137
473110.87498181
53.0434019463788
17221.9202118386
2848.49489961326
1352981287.28706
99.8972140559194
126.546644447617
1135933029376.91
0.73449028457949
13426.5604222478
433097.781227802
115.653269002549
2241371.23774853
20.4397180439234
1931469.49027501
6.87654447600797
51964140456312504
1.82654790579268
1.58811626260406
0.495739982708264
2743.38184571304
686.962223678324
21263.1258768566
3.08887434128011
32276390724.1061
8267.08902149506
1.54833363307192
35056.765401889
1.60586669195474
27469063.8809718
7158.70716033108
1.57785236557785
81619.6238900286
0.183112674020323
6.11344068394223
53632.8465071199
7334.27527314771
320.330682764477
345.90357825527
20.4129723103347
2.06873498604397
16969.2051951228
0.753986283395335
120.550067867159
0.975995145306505
5.09487983036715
67601.5092813191
25819.8676439937
153.81647185224
324.539669061084
0.656663804301906
124379.567325059
488.825998171994
43064447591.7005
11989.441784242
9.04474386127942
34.9873725849853
70672.0224556602
8573381.84666585
2732911.76553215
71.5576236022019
456.330649738439
28474308274.0822
103.10290326339
236565375819752576
352.221124695684
113.812966171173
4641.20849952386
1.33071106588312
0.274977322485469
77671698549.2897
8903.81916727934
1.94047905704317
1391627.13186317
595400754.08457
3.10953314481508
1.27715152636581
75449845.7246017
698.878004191459
42.7524464177562
650831.93655787
0.296582466095213
0.240846453038154
265.13753319426
15.3497440853241
14799565.3708209
3621.65760436133
31.0745327717132
9.8510722045105
49.8628711045686
187.076467326051
301717.081089283
2.56157897492042
19086394698409152
42.7441501725319
616.766322193742
339.159794187019
3.56110953701287
5.22859479299536
17928.1185844015
22142.4361112042
2771.29665909423
41.1664028809128
53.3776838100233
0.207354104263329
44.7804549430833
4.91952427258011
54.9350819338503
27649069.5177481
10775714.5202754
39.1349708350324
13.4389340227661
14054.6071781842
697.8731599483
26255.117880396
0.393726686630567
4094.71883672041
1.04936191440455
23.5651751704523
222841100.749385
1.63168625745668
1.20731548070459
0.576227269905846
14041.4886789143
0.73244874677616
0.193546640600481
18121.9738742988
1.57329932941217
253962.796156327
17.5886915905144
7.8063749385563
530118959220797
22.8315887674946
4.55974637376134
75174939.5926052
92276.6399239316
303367644570.84
533.277321783406
3.4884977691293
292.245455259871
66.4193242583636
2.29124007625336
3.63252961547688
133807288689.26
0.777718589413934
0.685433806728572
657649227842583936
77643274.8037025
2.19871050842356
172793.046567251
0.746122774850564
26.5747511674497
127883.147094956
87600986.6770294
3957525.47843702
2913.7901202835
85.4499154286813
22.3830863818686
26.5735645260259
5.84828982367833
26989.3838864084
1.4619271685352
401332377.347115
139.273812058054
1.31936552372585
5.1897022181939
71.6902683217636
39.9899869902121
157573553320.85
2.34355707231671
531872.417750577
12077430.2234047
0.66484730745616
5.00581793544721
116.269462000717
66347042259.7461
48569660.6480323
97637717830348.9
2.13719204743155
1761.7515586158
0.456326829250079
32.0293242016443
1.09981273412603
0.33284153532402
395.91524756379
225.020292757474
683.011838784333
206757.776263168
0.285386732782788
47631027.6275518
17.4651207219236
802.450983950812
4.18282181510084
527.605370894462
0.545783439596983
22228851.1398468
0.578380774629088
21.1464778420538
1667.18709192692
17.4983457946821
397.714597300104
5577.96684116126
0.590691175900373
311169.89277891
12301.5518052817
99068.4008111792
0.685763345606569
5206.85788605008
5531.15646767213
4.03358161365549
124.077247766747
29352.8044923232
167595.193065235
2.91629272980401
2.25640924578054
1343082.35796964
0.886303449975466
1813196203022.1
10.6978425370354
6.20564065212311
27567.5694194956
32.5689350241843
931678.656962624
0.21513569853575
5.1874751815462
139710428743178
0.291555760166025
92857.4593813298
14.4139143924315
5.54812012069517
5.55357911755881
2.47563977438045
31015615.7737733
11730464.2216959
2200.95613422307
3600349.17434629
48.3134402419042
482632.251990649
1532.93400125689
0.388857574517535
212.410440557041
6218.49869789908
37659634.6443222
1.08878773383323
0.823845273894898
122713.36482833
1092969050177121024
78.8971429460135
925.002888183465
8.91193317999406
8737.38951909431
177.161756010734
0.582965586056959
49.2327761276502
10.6444910896411
187144.31066521
9.88601623162673
954191551.191341
237.755965759451
10.6904843696658
167946506.522321
0.46042676250401
746381085.74055
82.5413253503274
14.3051432659085
0.957872478424718
31.952311110431
0.323363625007841
1553.74302982854
330.451749468639
2320.33738134323
181092.139005393
3.81555324463049
14686232.2133581
0.738153627735466
2033.3922980796
20.7829126745588
357638580463501
581941211204.451
12.3264504775818
8420.0530404854
1612.91401241783
106.710777970281
219679110.296604
198759223.671906
185.685030260636
135.087158717708
364859919.59922
64883.0080201678
660.021716714352
11.473335633535
15591561382.693
11.3127375878931
3765602786894054
146427397659662
2.85530972921114
716223.038134585
6.06255843640542
537435691.105085
14.7146032648143
136.163448227789
9470171.11894276
0.816606830003466
16192174456607.9
77.9111809521248
2.88582694566211
10934.329178463
0.270675561127065
12.8996370047735
586.841329300536
6459077707453472768
75510.283893361
1475810.79064301
9.43587165671327
2470676.31379713
213.511378877314
33309686.4768576
659.333722926661
9954707.17289923
1.85508712298649
624052.939522231
19536.7835305451
1.29000223404731
70722.6609517176
48.7238059867532
174.924450227082
11205.2240205818
460.54819744166
783874565969.868
239528.426852506
19417.2144341669
4.70520556432353
0.43862410472978
1.49881632858801
26.8029388740348
6.30940558261555
6507422517.41531
2572731.57840109
2.59576524016332
502775.977172994
64.8896121016682
1.20785635136871
5.33602329516149
0.46402166309907
2320.54304612259
37.8140836844152
121240.8376562
17080.6085027758
5081.8617087589
123.057462899666
134868730531.053
26714.1655193754
54.4232493502041
37626757.7704166
15.9942375080227
0.525909215070749
716999.032205046
159145509.328149
32179889635.4408
139.009441295307
17.6098397350026
2151.59926189828
33078.4238590401
96.7883677235524
22.328421748149
1.55096861610002
6470.79617295166
9.74444508117636e+29
2.49835709267172
70.0759267775918
5.32635946711054
4.88806626981928
148702239.506779
110.176735554467
199166.324419256
1.88256057820725
16.9955734434706
271.543806750667
27991.4631429396
49217.4228596512
60.3802907122955
542001.849826376
93785808906859.8
31.6609642800106
38.0093675411293
1188835.64259785
6.13734234907839
13941326842522
3884.15099260457
10481.1811931298
0.854476799589607
25123.1172643411
6403293133.47417
61.9794677753374
2.55895058701223
7209454.49657412
1384.29676177152
991351.422602049
21.9205039634523
30628.5879568696
37.2500280759636
1.91985298961033
222947322253.569
47.1883081601206
2.78208511225303
263074.346382833
11581319.4540688
2492328.20789082
443414688.348879
44.5369757544652
584143594.679478
383.492612692987
7.45982158065276
3.98569293215056
213852.068847786
9683.95512259291
1.39395813265466
2471153.28301199
2.39355894462753
36286.0597413614
2.57629292318454
65916.9162733609
29145074.8491959
12.1637333180547
542840.667201996
96610657.6406067
2254.70004327062
5.54750011789616
118.277413727802
6.4606569923921
0.745105658852596
4.27273417499464
1241.92330071282
70246889.5830097
3.44387936857142
421528.480219348
1.07260439234717
77.2801492803661
1765252.50648832
13.0014515096989
40.3660637647145
8.84083488455355
79508107.2192452
2371.95053619203
0.614820714973493
4412008.03768409
0.63045280671185
825.451993411546
10771.7989750946
1588.61079242335
18717021.854298
26619.0952723393
71.2813853134185
7.01907646734227
144612609886351040
1.62814827508482e+25
21.0168244522301
0.861370923372394
0.104907704666849
23.0830274355675
20157.9113596589
31.923288159667
4683.70920464763
10462292922.6038
0.740351598571913
2.61454594110517
7963779587894306816
42806.7271200223
7197158316897797
943.923885157827
0.951715775677338
16.5411529155888
88.3115440153659
38.250791287937
2962729103.531
1048731611537984
2762915.02651812
13131833.7703023
297997.271837761
146.107788421664
21.2056431476305
341.696039944979
25.4643141713708
1031.17244580144
8219.0408700913
1930068.75549356
198375.403252805
3.32214375219952
1324.49675381268
0.546280922177004
120146.421816998
62.2659537527852
919.662768949232
0.763554172197753
2.88937331480609
7.76015751242236
1565.6567686709
189.244587864797
250.172198187705
21444301368.6618
93.6992801493388
6.49701032882275
549078753337.519
101.502810003419
202533.187133592
10.2739653404804
1.66800426411672
83.0654310540798
43853394072.7728
0.489802809761959
0.556117845555882
54.6248186568997
2756.80466700433
8568044.22697364
0.984552134882757
3.13919043968305
6.34708203014499
49412.4094458232
19.4018911917031
0.14445351549822
2796790048.67696
775.20923801258
0.57578931124652
16.6945444881752
1.57187749778948
9342.7625096494
324.318738891268
142795622.440052
2415.34644358594
162.49063738341
11553.842777327
3338.09230887946
1.86056284957694
1.31452464080359
0.635580559683678
1002915.76447969
1354.82890985998
23.3627923444356
4953166147463.61
7.71313932966303
885.582473857997
180561.230307314
100.209658842364
1.85949208763952
332.493168541067
703481966.308215
1.08689784414438
65860.7512058378
9.61156935771474
21.5825110831898
549.437660374098
170697.98146491
11903252123.6278
87.632124427277
6.8149587110594
20281.4914276021
12.1030868362656
0.259201020624768
645357947298.291
1.11797957387232
92.5392484159323
7.89769301332318
2641.04686050101
1.38845893293558
1250100.32358615
0.98974691600891
21.3425654464572
28301.7752862806
4.27721965105579
210013.008009825
180289.657492995
0.238471411929604
0.990535502834038
0.408623558904954
0.671508792874296
5021.40933387525
71086817042.3326
147.841291089634
34094.5996187516
41894.2199821985
3.39541914597129
5535393.20715502
1.51639101161211
808305082.725433
403618.540813452
18.3332210437667
49.198410026578
722.259990659278
750.982733954598
235.436674562621
2.86734213359824
2246.76317212837
107.640097258862
13093915.3512662
125.898067245289
0.665151885693832
424226876110246
41.8068291691368
11.6689360100679
8689.34590247587
0.978824996022278
1.13500708580377
13.4435025154824
112.279979697744
1853.6172571023
14803.9675849743
9.48748397796097
0.337730445061783
11728.8384835856
0.720580950790158
1.38432165328308
2.62846012045606
88.8476329372366
1746.11409695168
358.025867313017
17.6666512363471
0.573135176751891
27.8559484606911
0.57502985459129
26.6281760261123
849271382.272759
14.0823919795473
3.85495093899398
1530.38554764415
11.4786447454971
68.211648757084
145.851538813782
0.51340922286357
1.04207812596701
1618.23408486738
187543565.507457
650.650945245933
2975.15023602775
6.08655750525509
1095120568231.44
110.577217033889
1.84293060988079
102.469590060271
640.32591519503
28.8813492674135
20.0601012748257
0.516899104779342
5279602.69776396
61055.0254531959
1718.53137462087
0.894135813564041
8.38442890849441
0.519178296207562
3874.89418842188
108526577.549885
65.0746326361541
106.529424627685
2257.22010512221
33.6453411903808
4.59643360089745
10.3251647160414
14.4834989796254
27847.2576553232
9968.30790741688
8509021.04745338
114919.199277278
4.29142749113386
29343.8851444957
0.581317366227512
161.65408062545
10.560182776395
2.9105125692874
0.287519717009748
2.87120650815541
11.2474708612908
1769.14514009286
1.02831889934497
185720627384.991
0.491352896658999
0.327312683530498
9.62714806549715
15.9504479090602
1.08214173948027
0.679729871464691
65672584743371896
0.499564593811088
2432415.27259041
337448.496290166
6.44216114853074
13.9343881105798
7577731115189769
0.931709014323252
239515.645626505
3.67699539038845
1.65464774397733
25.4630375848343
39078386397.9944
21391.2679634103
14973.3590973746
2.8589462002889
446335.419872357
189.600074171665
36058.3727038825
5.40949867509236
691.797016972783
5.81558573889517
8.66390536896094
2671818.98297884
907423.773153477
589.320264604919
96.2875443955301
432.680346379638
3.25073510833387
17675.8352372682
21.3398251285735
1.88981989014046
4.31484645088583
10905.0736966605
4837602.50286671
28243.4804256507
1.10114052227756
820469.956742754
37275.8740597494
2.28321950179579
2.31775822352713
10467.8491686581
8.36033569292447
226.44962525249
3699671.83355472
13805.9844100054
6.22509162676953
185.835557347662
93.6254627475251
28.7885203034442
30830.3072165532
4736.98996161151
15.2553834767169
0.20767205951077
22605.3371381041
14273952.0826404
4.11931593692768
211.331900396811
239.04830802677
53934.5942255032
253815338.845146
1.47843798835468
4.2027451684939
121585921.539334
1.68934163826799
881432296.183576
1.84215063590475
3392.77206738497
3.06840841573845
77393.8064720254
3.87502641418859
1631356.15502106
0.453820854612362
46.393729486492
1.07905732104621
2.22047849955038
9.80792329011013
4.98419400157055
8214.21890300676
2036.68304347015
2.48884612009613
0.705820753170537
4.57249264574503
1.34996308668369
231.123839524068
3.53978260469858
23.5708645127766
52.3480961380836
644494909.407192
29.0707112557059
66430.1658343586
54847.6700235106
7347.85182689418
206289.485021955
946.801975136129
11.8794500865274
1.9146211437917
49.9897894034937
0.954401929539798
93846649642580443136
268.530747738432
122580531.642585
50852601027.7594
8.41310134441547
1315365112.10627
0.391356085614483
0.175821562294892
350710736602.311
23.5695356412842
1428496720871.33
80728928.4092083
0.728554064499209
39.3266939549243
16524983829.1701
0.778558465572991
7.27225805615193
2818.57651652212
1.54978233058529
0.864198328386698
158.560520208764
2.28181970198335
1.08504273579419
0.468682518207047
628.302306337845
88835.201720862
5.74550413926646
0.57734313782843
95.7043767741812
54.7397514167773
0.487811034571442
836.682975056196
15.8821356433081
18146430.7771763
1399787560.30248
13011.8921503895
0.390548891955428
0.898480169165262
2.10979657343878
0.46674700456008
719.154944590744
0.343859842852358
877.339866314428
68.5492955331836
212612567.534292
12.7413473968278
1993.99749654544
10259.590060207
727.758499676103
0.862355849134104
54032.7547082939
53.452305195243
152.619084714605
28.050578037122
3476.97011638383
2861472.21819282
56813.9682486688
2.80186942922205
247.918150046819
13856216622.1267
1.60822189662738
1.00503211640499
1.43610694310174
448.940863614457
4.12177475569259
64856.6568081642
2067.92642306518
15.4955277690439
20291.8305869377
355.869310794488
17794.363115353
79.2669339679132
1.83240226189213
146.421153276831
20408940.7136169
19161.2779413247
0.214916610576904
2343.97011012795
14820044.4496184
0.65488410369855
51306627564104065024
4859213.3600027
71.8590465264229
23895.2081645793
1.83333562217479
877984.405122478
25.4773769904569
4.07801788921485
0.517666660311857
1.4626157566296
0.596799752835734
6.26038028621091
9846363807.96836
38.0554790958081
3479.55444179133
1218.8496788653
2.88751756132831
264282.140492231
74.5907108662691
49958043.1576165
331.313032903244
5245237220745.31
1.16251359115405
1.79124635410229
0.963484580832978
36.9159159791722
118742.50984033
16.4709473018341
1202631839.45292
1.54224150424568
18509676620715.9
792.61505370144
7.17265436916787
37.1338675864004
11559.7167447738
5.06321420356021
25444354.8367638
0.422784217960913
1097.47810625935
1.75151146905474
140028196.799263
4.58314961283488
0.83078014159063
18.1932274998316
19.8914096370327
13645.7643865215
909.551553216771
1550.88559499746
244.246441879473
796.776984800451
3028.95907405084
51242354048.3041
1.870982377333
8058.7962609868
9.74155120875693
34.0095561142287
48438.362485612
22069.7557673074
8.06790453909634
5.75133255833264
629.242838548263
899297057044.81
12777404.886436
7155224119259.62
15.8836800496518
673487.146981259
927.185588768725
3.06685979588272
337.688212090888
0.98010476852752
12222599480.0054
113.902371578719
17507615.1817774
1445.67614618449
191.521032483911
0.531580362976553
0.185304875520525
707.614319622555
39014.7592777753
136431998589502
0.263741628715329
5.82534058068145
64.671235766375
937089.292301442
49693477.0426434
7.32160667139151
0.655662474280053
2.74956435862452
1.68560552718531
5.93811775292307
231750389.971837
93014.9789159941
35622718487.1084
1.08487508404617
36354928917928.1
2947.7560411401
1.68939958697685
5371.65210843152
0.362789777614061
42958.0831255033
29225.8715027984
301.274327430282
25952893.838223
117276342.984004
879192.21755493
791.213952767591
3903500782.08028
1153742.86007561
3.22969834371558
1146987123.63736
125.705030624378
19.0127166431165
11.6751455902074
35.1526941284125
1.83414064518888
0.62196676899033
500552.283796245
1.95498752257626
2.32287572972546
27468.7920536801
11.4810416485922
2.84113204507115e+23
40203.9470490705
799688.938947034
468.366624234459
3.10080244236246
0.232271713526028
13031.0748048798
88262.6208430477
15.3725409119234
541682318786513
26532.6220175364
43272.1605732369
45.3481235504403
138333849.168518
128461.481652916
694.350598558682
18129.7984219216
0.552086210647794
118.476718384865
0.61986796632502
6629.67653613974
2.2211653204739
651917163.9128
20.8286310555042
22558.2881483142
1002375157.15109
4.73849328646405
0.616251829955469
58079.8920181339
6.09635844061059
244.520873596903
9911.4434866942
4335705848621694
1.83308354823606
1037.54608008896
19.1857683508813
53920.0388515541
1685.14219530402
9.40656877594361
48126804.7423155
6.85842366452492
31.6413837964687
1507035523.39809
20.7281303895229
14.9661673772784
13143104.1687571
0.265674056981831
34.6821030467768
4607454952831.35
1.38422451914462
4.79461813880458
27.8618857596395
165.857957829759
1940730.06691642
3487668067.14157
4.6256651324823
1.47101142703269e+22
0.338981232627997
2502182015933.62
270.278224321209
148.566499153588
2155967825783813
1966.06014268859
91.5874267563441
2838202648163.1
7.67088272626022
1.01090549314564
0.838292414300496
434948388.535983
45.0937132799703
18105894.783843
29513.6861002186
61.1612016422529
2.39369131419616
25386592448901680
3.35966038383976
1.63427398144645
0.584590761544152
6857.75270577772
2.66857221740972
103.633040181595
2.15594372053237
19042837078302
746.408508843555
451.471559298745
737441.466534499
19805.4556746808
0.880256186649412
1.37324210212621
13497.6412546294
2628.2159837394
1803.62843881075
2444.79788766406
3475076.38167613
751.490122710525
12.837029471538
20.2525545352512
5479.887171809
0.339148057372815
12680189.9660234
12336.2512537941
1.48530487247396
1883.00690643352
2.50389675305369
117.236803471748
5.58930362717812
68906855.285184
57604.357863826
158238383.836996
402.461365938871
11.1727942367546
2593923.44402587
5566.53871536117
872.65533732273
0.491193631207245
242737.161980077
4540.8938477756
29422.1080815347
11135.9249116579
352.635864828246
26.5319258947043
2.36553119022142
535194.753368544
20.4558106961786
3475.04539777477
8.26049541271911
59873970218456224
0.262275130343215
2.22615449270178
1.64382725148544e+21
244111218338.703
0.659800286785245
191723.585622066
1.09507351824246
3.44849748693937
0.850789193160216
2.68093077602772
316457371.042675
138798150384.568
0.592272392650832
10065606.8204604
0.282223634672092
0.293182040137534
15261407202.3338
16049223.9451484
55.9275169487067
54.707006282562
19.796817007861
27032279961.5382
1561.42155399428
214.674441507986
2.66715479483787
1.24169772526891
215031160116.821
1460339208604.05
0.183688364309613
0.311117586674496
2.04683515140253
447.909295485234
0.671524095720497
27.9034794808231
0.543766052881818
710196218.081044
0.197398271561856
78.3142934293844
421.008367497328
10.0267987143868
2.66559867802371
304295.914886822
6.39512882794856
2.93701841366802
17779.9033749864
32777650912431548
69701.2771350261
0.575247014181069
5093098445648096256
2.35085404922493
3.81954977205908
21207.949729366
178.564889533227
193.29004542199
51.5610953051106
8.97164864912935
32770.399545825
923.47636038386
1073502.10095499
6297084.96163177
4.94005236759002
89724.1357922197
43.0105734162688
2.82780993757335
205051817026.321
781301391.238127
2.40402819167039
13.1091860116674
462.726692851195
9.07185140770987
0.320375412151981
42.3626430103228
163.674379511513
0.524552824638009
7185245426040.36
1093.41623541037
34.0152210127083
17079.4852563014
3823792.80268534
0.604998685274792
54.820190079094
19698.1269885824
1.45212498658537
2380.16992313608
10.3354316086011
127.752753403382
0.233720624689836
329833.909728224
2.76219799355744
3309679.45511557
2205016121.29092
7010.6147096718
16158166.4193463
9.86301680834257
1286.77995776865
542962274.670605
0.488315597297514
0.712757956944044
18.5647521416891
98192.2302358881
195754592878256
5097673636654.75
29637.8015573386
5.07718407819937
216493481.952434
3.10891186181163
63.2010829082162
1.54561524672
54.4315646245182
317.086417931891
1557.66694711646
0.482176494542602
0.468401904005946
1.37940219774795
37327.030343397
620.142278255218
0.278018904557536
52044378.3723564
1834.81993877733
898.838011531683
421008076148537088
1.33848627466763
0.480112954914289
12.7161346471456
21915.8929316135
466.144953629981
10545.3996800768
0.553534331238743
88175044.7032604
0.876311698575685
69930.2112210052
6911.07120372318
1.5250859038979
0.442637475780701
0.974545251592494
2.56118677264337
11158.7641375968
9648014.44690284
541.353782199517
0.486053309948288
616231.669623185
31.0468868724114
13562462076418026
4814.16209907943
1112.11239593662
611016889.904473
272521.628984946
6473.63889347994
2.50355712407055
109151.279021808
158.6018104452
0.426637541194738
7.65599037630852
369115175993.173
0.735712206215423
0.223665564915089
1894.71847797653
0.407228146270667
1009.78485863409
283761524.900761
28621.1517014972
9963978.85919009
0.964156942422467
5.71922961898015
634128.388578894
37.3719855267952
82.8419285798495
18236.6735547739
89.7234921025313
1.0619625095831
9862.58473871331
498.563638898389
264039262939057
3.69052498552905
22692.4049989152
8.32298032107805
7.88517004184582
116.974025507993
14783401521.0462
5139969446.00294
15778.0874551217
8.22423262218793
5017.51425152621
1.3243908586344
12963565.0456834
367.920534671093
12.6547335324952
0.759489617350463
1.18208266569774
47610467557437.4
26.6196468074235
431.927491098956
998328.08638601
1.23773846267654
2.82882063584087
671.946222317485
13154.5406463223
3516.69198485589
0.58700046802889
136087613157.065
480.119456689909
2098.33547091338
2.75825419572982
23.040944955557
1362046.2118695
390.198987757581
7863.58978460293
2174.82616412648
0.380891000832555
9.52228791888984
142779256844.034
186.279771788096
243977793.283096
151678.550093779
138.339161761192
2.72051900576078
13846.5774383532
1.31537253469286
66367286.8107328
1.47341810400925
194.065199091659
0.402118537596332
6.98969330221753
0.476040290226861
944.485585912816
672.812793572262
1.04610083037801e+22
325031925001.688
707.202109555185
3.92996130341774
21387.2851269001
66426.1478330542
3466.87696346882
5.47415823316038
2057.95505218609
920.813742387037
71688030463889016
5823882.09473291
82214990324.0179
1053450581.61299
0.289573497457884
0.323023418567269
1526.17927344748
965147236.224851
3.58319204828702
4.88351163685787
79286573676.5166
1094914734.82133
259.82502170487
1119086.45362144
8443.55703462916
19738947324.1589
3852.22477245363
566861.529321641
11.9067694738266
370.76634987728
0.537435129917551
9.34661158727908
0.166683130826907
86.0044062649445
9.76737632946812
3.2443532324297
760.175981382696
595.16374536754
1659070.15201456
1334551.43665841
5513562.35717562
92792.559797907
7769.20022692858
19347367788.1431
1.22163939657679
732.323301894862
679.284654152207
1.00679534304835
14555.7061009999
143.731385263557
17.66760903196
3789.47254186413
1301.48135132889
2916626.93095394
1144.35324393855
1.47806611112294
460510.144215572
0.827596892085605
19430173.6627538
496.185964552514
0.241900014746965
367.895701962941
6838301592698.37
17.0410582317242
0.977803431974501
1995.27840130868
19302.5177913484
30.9419608497328
0.621165052104247
141929.075307791
118.369276146732
1.34598066526249
1024308328.12314
970.937974643387
198586.228087023
185.577385916167
49316270308.8435
3511.03290203405
3641.72298911077
97.828083462883
17.5669740421376
48.0035855485872
0.89421296242431
376.528092717775
1.57637091289042
21.0960966636996
0.738032040349963
140920691178417
28.7197943053342
27552.9266192678
748745.183281579
1670.89319930182
118413780247.816
46.835919183262
7232.28320849323
0.275096394888251
26490.6120406942
155.114384654722
271662.069860003
35.2527207779741
18.6038038831507
0.882428666492004
12854.7247303854
84.4217851607967
13.9999867975017
4.82378778129134
248.607745656863
1359.60628863803
3247663.83461989
6.9928809355969
9080285.61118143
388238074.766177
79.8657984547342
1718814.84658967
127757.914791028
3.32489201555182
7280680.90662173
5145.41836960508
0.82710906809143
167892.719586792
2.86008182132451
0.709448530816942
1463737097.77066
6625392269.52682
2241257.32352555
16.9856718219665
64.2484418330747
24005.8325623051
77891.6206953149
2.40634291968723
1667238879.60885
0.489522291597997
1124454981.2845
32378.6505764565
0.830194868253602
0.737373032754147
3.68246018795623
19279.960501807
0.809035450156835
0.595639839908498
1.13878924421445
1703526528785.04
11.732410468286
3054.25205880964
13444.8104608673
0.296166707048739
491400057820.043
4.72578706040812
2022428224.24469
101.694274244895
24789.1140897944
536312.772692875
43172741.5577087
57.3149358319719
37922438.3953641
14555444989821409280
49.2567680058503
20.3746392368861
44.3471935931431
22.3994470746287
54665.2780619025
1050.88033072067
1960.06269216461
2.10257666406617
669690.248565775
1128202518626.41
3400834.54934955
419.0961755066
15422.0669030959
206851154270639424
82.666209965582
527988194.234124
1889733.01588155
1974534137.18468
14.4102576123952
900358.738161262
0.699444639766347
501874.938884836
0.665234707100229
31427.8560353016
2.82521114963807
31554.1461257479
176.07951969337
0.513392789283893
2590.34216533628
45407.8657969882
40830580.5924791
15.7755161871658
193599.935208056
43.3213276616978
6282296.49513344
8653.15881515214
2776279508.70381
45654.1790046103
30410888.6151562
108093658140.612
118.454381371391
4161.79376837232
0.318760347903357
1770.85918862727
1563.99914220009
1328.43391480262
16.656718641355
34.1747090168566
0.971432166662973
405.730309115787
2.78362521705724
1736085170653910
5.54691085959343
357772234.473906
2.39958766391496
929.023852691063
1.0134166296035
0.521130690123127
1616.98318555608
2679.31681701054
6.31846977094341
1241836.60183735
276814.633605735
82745.2408068572
0.840174334244185
3009175.2806244
47600898874354936
2.34266028590846
8.34731716035861
60.7777872554692
0.503321724684735
0.963139526605165
258966.746436245
5.44923707862246
1.02530547694658
1.47837240717532
12235161433.2654
36424503.0905863
55849.1488896796
519.427310399386
516138910679.557
5.00473193618692
3364.21096235728
80797829134.8086
234007255.350787
13.2711799684494
27766.0708648236
2641977943.72327
4.93551548906773
4077597.74958204
4908.7752773104
0.552673634012964
91295810628326256
31.258930371321
19553600.1162703
15980.8885042646
35.9352931726412
1804022971.80592
1826257.21700248
3420.61288265206
11757540.2522905
27.5705921824454
322.151701181729
0.318715638575021
243716.152660925
2434.71786496047
0.550229974337601
7.47457042458535
54781.0312211485
29.4760749047358
349.350025874418
18.3453718677309
3.5432464462242
49951147.1508423
3.3232916093336
4.53493569666471
16887.8296513694
688.974548742225
25.8888104740416
7379.35153313232
47309025.9839679
1.2946266299682
16.5867705470957
269467290.377366
126919553.4099
5.93908062838777
788807368.315986
2.33882381493292
131965.035801886
4443.77594736097
103.071751003491
1.73709227660101
43291.0268569942
394.889780800578
2293206340.53863
181440.475815863
5799585166.40149
0.703099622097197
16154.9175725703
43.3788883062609
11.9750447423667
0.883133268548234
1.49116605845217
2013141838.31444
5.51831323765275
25.5204151751834
0.625950083531974
922525718.210289
6738443883253.51
9351362741.88054
27872.5101486906
796541.37251077
9.67403368125512
165.534092124372
393820.02639388
0.36818550404756
15708.9621479931
1.77350171741859
62107.72966602
36.1798946860334
1253.75234310733
423.073039252879
49.7239250740544
7.44542124748068
11.6760037682037
20117.836090445
23.7050994925452
688.066982723399
14.4454335686277
107928271.845124
7364.01628944653
12038.835330008
4.00437855884823
0.336237892622224
48.7357239867984
3.07755123512212
7.65291733205347
0.990224501880418
6.05906199312435
3.93167996768364
0.5949973859008
5416.51287355383
4082150.10677432
1.65696429947027
29.8454342805888
151.1625199181
221054798163300
48.3692016060482
2.79875891587797
14.5471809156743
252.868147138789
10098.886792532
4.23101405378481
15.3225711624345
0.702999049878411
3.50403823737916
1136959468835.87
27.662553984816
36.790662174307
92420232.9740722
0.896721505759044
2902882634.00534
463.08000029358
17.4007378241436
11.517311009062
15.278915293933
2.34480848954204
8356790443246490
3.10534967846896
1.44998540002798
0.29781242422701
8.12888289954339
132.549784375267
3921.31368718781
3.21144175962521e+22
6.8056579763636
6798976.17126524
101.845076259718
16.1960783390291
0.660244432914975
0.518354726592108
2381.51300929523
9106354.8710485
0.326494721173521
0.742902476155807
19823054.315247
0.221318886662007
753531385988170
27999.6096925221
614061063656.541
802662017.606397
2787.66830533
169.765559017676
14.5948654154711
3.52489585917534
452.624832646574
61574.337239877
1533.02546866003
1294406.84969573
641.053941922866
1838113549484.2
18211163.1596302
1.58598356755069
21339655443840.3
852.068794238545
890355.143645576
1411040.10966482
0.931248407285376
1257420.76310434
10291120593.497
31461.9937049028
