V1
18.6701386291012
25.6065643689382
93.2585474808475
8.97675312265019
62636.7487666641
85.3610110044238
78.688597755824
1840.90251396039
60.0154548722314
167.352122026766
305.002311274781
33.1761206035308
8.88914652410126
49.0221724129497
43815.9237624048
462.391358202175
1446.11103702499
13.830096534229
63.0407540692874
42612.5683661958
78.1371170833852
55.7112213901564
9.51577449429537
35.088883542357
143.69425197731
23.9258266876846
123.30511953418
35.7035558968568
113734.957349073
444.579577887284
62.824010219485
35.1559436175106
42.275420602238
32.1103008190286
6.76864857538547
36460.9428927631
111.818385724354
251.674682504405
9.38659652222493
607.191059235491
71.3209832870298
39.6729194557697
24.121070352464
102.184583139847
100.25460439812
390.304437662889
9.05718167243302
30.8513139554816
717.36756054424
155.10826596597
19.8069406856258
6.50426506644456
4.37789858629744
21.1828013553381
14.7049882115218
25.8363030563815
12384.0807502442
66.4357439325064
52.0673449933666
19.8868770120618
1818656.38116005
9.96909543638679
89.8504859302613
39.4565821194704
41.5837943064453
861.629386415727
178.272325939062
83.1630716800484
3.38707078977324
193.433497858535
16900799.1708093
57.5095750736991
15.8818611010949
224.861691475278
6.68259521429583
166.943236951526
430.977768899212
951.900553398698
1607.21098203768
21.3017736118302
2383.15676438267
228.427867401205
7467.74601482543
232.197729952306
18629.0483380693
72.2196949363926
4797.0769080578
6.7712136021379
11918411.7010803
4.60856040275001
7.74628860502143
13.7224726830176
399.868825736257
344.553939891153
18.9763165411163
90705.4918892648
175.953956368492
69.3225566734471
6.47010439654623
738.936360042471
172.960398570721
23177.1657838315
20.6711257462658
31.8988233576868
178.139936228957
49.7230988953263
383.997041319119
624.418903566758
97.6737149657214
99.5662531069909
80.3834523595125
80.4685488072331
9.06113366438936
59.4279509147383
120.089999426816
20.4035438891815
17.114376340391
57.1466863105603
24.7519036653288
674.032355982312
17.7835971068146
865.778543428421
5.22681419934041
43.0310558485847
193.706686524202
276.509706910819
59.6251037759658
10.1105037720479
21.5460856791911
196.105018026099
17979.6446197667
1322.0819883813
2835.9780782477
1124.44975885322
29261.411179817
224.855885135425
42.1416188391777
11.1307887611123
6855389.04176644
16.3560661217985
165.728945554715
63.2517998607531
62.3446668413304
193.703735028445
11.1489148352338
695.752306436587
4691.30433534206
14301.7345505806
6969.05583683042
11277.9182821099
8.24449928370139
182069.698065553
77.722769036982
3.4896474552049
792.240709070416
50672.050537599
3096.3060471243
3203.02406905444
4779.23976607183
15.5571207391504
84.6248602645641
34.4402771994387
46.4012175940112
8.94244960410982
99.5799401018734
10.8342618992572
62.6462577967367
60.8694462172252
26.1276415488348
69.9804812915537
21652.2624833629
53.8534707508664
74.4502936007985
447.187229736424
13.3555775280305
2403.51081051831
29.8363087453996
166.999929865478
3397.24643881334
35.0838219103002
76.7685277974408
19.1523245731224
55.7310834570361
41.6909434722516
13.3227631672969
137.534103195405
337.302954710108
91.0973676590326
270.209733665911
530.131694112038
26.1039759976344
26.5828295824618
785.143353072829
180.687276558283
82.6163072969941
1072.85245727634
1944609.65852311
52.9871806573115
680.514244928758
166.988275363551
6.01329974040166
3.58180830999852
9.96583464400395
210.04312753593
56.5055161600638
44424.7145457091
70.9395019078405
13.4654604206172
220.366690564152
2168.55202136837
247.337322764592
7775.89326487565
82650.8740393897
10.2292432746484
19.747640230261
2321.42724165315
315.331454472496
49.7839734138998
2038.07722277375
5336.48339807282
38.6423789730743
34.3741892525878
3108.84928726565
111.514239561066
82.4010186011933
54.7637918661777
4181.40198199514
72690.4873091738
195.382556431442
204.419061101574
967.468931755394
699.630630153139
66.1759654625278
78.2961695724552
14196.9335939069
20.6169675975275
51.1738502814071
47.7658841670513
116.515712967474
92.5182273133331
264.339787156639
5.46443601646462
35.8948640627689
12.298290088792
23.9485408851914
676.180506913303
8909.40011245422
31731883.9671908
20.6917098839732
9.72537067706087
14.8032767778323
117.519154898737
131.451833533438
53.3568995297542
222.910726401043
306.139404963421
18.1050645762009
443.315518897852
1902.28852037128
13.1633547701595
32.4112488188763
11.6275437494494
916.046019030041
29.0872513817977
106.439704447877
1731.5885792188
80.9648550099042
19.4841929609037
318.51462379155
9.76685598361139
914.690221657852
1712.74243623503
17.4744322853804
1432.09525438485
37.2162253988378
1044.30018586546
97898.5568992265
390.041117825982
264.362880608633
7.24155336758147
1795.58930115555
9.77194288328952
46.9217530447951
339.001833816347
125.276523104442
19.7954178498632
45.1363550761742
6.25498440317088
12.7285781201183
773.111891472217
129.93946649385
329.260237716308
7.67885064539648
6.68660169490989
691.957702857053
52.8486272068755
70.1584323670897
1132.22180686645
50.1708602798624
19.6624558905776
393.631841520572
112.384104584973
9.96332835888854
830.390971926419
2553.67878706246
29.0328927408614
17.0140234836774
29.4249272024025
978.050326306357
20.5749029414354
14.8456030073151
7131.12412067195
26045703.2410171
293.080498791418
16581.9626795424
5.33481507199307
146.549644123432
96.3226078885316
1490.16057701889
192.467894676622
12078.3627280635
22.6352873908793
207.663671924296
161.487842027939
1358556.31293548
699.976103941489
243.181898455338
201.625506238379
96.697494513943
12.8017452999639
8412.40811511085
7701.14540873254
342.976364842352
37.4317300763245
36873.4378630694
227.021432063474
6.31620810981551
15.3482247923738
8.89009091673063
40921.0739222608
82.9433664831921
27.9799569208065
385.345536073102
77.7629867529737
100.179229036162
60.1747893233073
24.0253147496655
77.9481207589326
154.293945401784
15.6425758458472
32.3496128624721
3.66261639085323
339.46667631534
36.5672028791692
44.6057556571812
772.919212060391
8.275768218316
16611.4341431891
9.84050691556099
77.380914624711
201.678951311622
104.203620105893
6.06877834892164
65.3030790169195
17.9430148552954
3802.14999326318
398.652801891319
52.5742200118633
4761.24079628963
6.7394255428808
11910.8799274808
15.1284577322041
8.17219907770158
27328.4546729087
16.6835644441405
643.890484777629
19817.3955150009
389.200308478263
422.900911812354
29.599426511973
10.0339716965201
323.359169389736
33.2923832839686
5086.14931375771
11.9716685538787
1801.72400649739
663.446051968194
11.5637783871337
1318.63280821218
153.587076154401
74.3606174722616
12.9895398279259
1222.0656067293
4.10039019961716
6.47696384917159
1546.02925417067
1001105.71675814
1.60282371164619
564.229596896877
14.2906201286454
18.2797417321657
53.0768881748751
11.6150456438613
64.520280326478
10858.7774787725
309.373181047891
15.660874682512
970.119728234736
22.3395210564433
37.2581642564597
141.624748176338
36.1687758456633
12.6053121631634
9364.47071040826
5.03193273673717
141.459444772002
336.39360446273
27.3862105571462
130.827008133426
572.574351801612
198.879810646844
11.5214457304033
60.7537696969031
27719.1567000502
24.6242205122465
42.7612906340203
62.0812066424692
16.1561420800841
58.281704894059
6.57662296149391
14.4502267030867
57.4119300460845
8.10101403719274
38.781756851897
1399.93536529048
14.5623629692636
195.979947762674
202.522764099727
31.3336413615775
636.693491301218
23.1849658662081
2113.92199337837
146.046040076167
322.511215176985
83.523636014067
962.565766905004
208.528359205651
341.525220779982
32.3152935438599
18.0849040082604
20.6781730326821
50.6336907398525
660.328893974658
35.3407363872485
11228.5595451828
4883.38721095905
84.7257650847633
29.1775076084947
5.04278966428565
79.3699109659255
35.1700918848534
6.21445932403078
53.5378746553812
44.7203266141678
1264.40157400113
5111.52959109586
2407.73667789397
325.6326653061
11207.8360623287
18471.5404783632
1817.98429225437
5.94894559506947
15.7551917701623
9.0668934056316
4131.5942164422
18787.8262099109
34.8847665183647
346.246568792332
16.1256062077301
64.7462103871606
3298.21032714067
283.501840529302
267.615692230601
603.906795121707
28.4290434830677
59.7849806656509
19.1152316578325
49.0581177308829
6.60323248104294
117.054900103242
356.366167221335
3054.03170416416
10.6083385661709
8.14351955795318
23.148287304528
100.083495918805
96.068377037088
29.7871732632742
505.672478128589
72.345415489102
9.90312988770755
15.6398219347908
1761.39277313609
89.6965457518591
30543.2951308516
89.5083048508118
306.459517358017
10.0433530639753
26332.0313071919
517.000018028917
33.3190837115798
427.511272430137
65.4145854925072
22.6013983601116
3.9371124620776
22.7311407864381
310.223119347384
13010.0824844295
558.250884228339
176.523635100382
249.932667784141
531.195522721762
53.1615520285313
46.4801701618154
86.3288565396938
106818.065815309
59.366612728681
17.6999265742151
2054.69443678826
8.42153535259559
33.2482109018733
6649.47031299202
1378.46800558801
969.606731502193
171.046195072183
36.1657029833873
170.327631003524
3309.33265360621
261.48599104007
262195.562118037
117.63772059908
11838.8911979066
9.48344570432912
90.9171307975607
10089.6539717846
208.251970297302
81.129753982547
1147.56617639557
157.351638158473
41.624442227975
212.310223468491
1041.11424379274
57.2565599786951
719.288888600377
66.1221735155567
1734.67783053083
81488.3702022672
8.42134754732065
6.91031839008126
94.0548180793231
234.444090116397
11.4641039653424
250.081102214008
28.5499859785669
43.6412168212697
29.4460037915811
28.5622692386453
474.645858301692
109.14356412938
14.7943127174552
8806228.01974469
10.9797071990373
26.9288406460103
24.889526731286
325.270156928779
738.312989593976
81.1428484495239
105.040992608477
10.1895835804178
6544.78966809405
1235.72879729211
1332.42305683271
1144.53793356255
81.4954841266143
75.4965467609359
11.1073785570214
19.2365267288944
73.4450142322367
23392056.4012654
57.0384012488828
29.4739055609792
37.1435783543634
96.4842361107047
7806.14810361389
15.2003529777089
11.1523280739577
36.8312459907451
5.94608406599996
6.38599369492116
17566.2518403035
36510795242.1458
1543.9056335751
8.56482149855817
146.956120763884
243.892980868683
1160.28670391952
7.92501650232672
26.976911643537
1979.60493679826
33.9826697167559
5.67540878731327
14.9729253904397
244.801184774217
85.9650607005926
71.0409813056799
9205.91842640547
18.0786060624175
78.9496439562203
6.52115682025085
259.442315860935
13.8681562067594
6.37838623642416
99.2755094868949
55.5444917457719
3951354.98231767
10.7234867759806
120.294576302325
26.4466095625134
171.019385374275
51.0462896428693
78.6601330275454
9.10022499814957
93531.6560321003
108.978731867954
14.0769554060732
337.703235949093
183885.392357795
1780.14625820881
12957.928849654
2741.27641876872
32.7036623538492
21.8805867973881
153.138599323929
238.188734931383
11.1843616185058
5.3860962622008
1442.79137669561
7.8519458319942
25438.1205072386
2288215.22540434
4.9239027965579
35.2328792782593
41.9755650445861
28.1560559802779
57.6316783614932
12298.477878675
81.8810441958891
39.9107855774462
116.288017119563
65583.3341671827
1001154.45651824
43.6625640546489
93.4723193429738
136.442271288294
196.523649777773
40.4577889854143
2436.26659309137
5311.93212573021
109.83108859827
47.716813815946
1808.60926848307
266.778420435919
5.62951377961491
2.79830659497807
169.959929284718
24.5487641262448
9.17173002152096
130.609555129574
40806.5211494029
7425734.25771115
33.4299811492193
87.3351781037342
57.3224697625795
174.251263094712
6.37785969229488
205.024347261731
51.2824013103163
152.891514021147
64.2614306747382
82.169830911435
16.644913751983
90.7091719964536
10.2787141625872
620.614387996335
77.645261588537
236.905435139701
238.006491285481
7.52389538958779
93.1799229151437
257.284284380166
288567.30991102
4.08881884318478
8.94851286523268
33.5068862545944
16167.5830654426
32.8049901499357
3.49699867548554
7.36934035676167
1166.57491487436
233.089582487328
33.8834565142397
5880.27064875252
106.981561878525
624.345606554664
63.2299537630072
58163.2243638449
51.9950973255826
18.3654815607502
1369.58988130698
82024.111950723
269.335585263309
143.967787132028
69.2814031808693
22.219240842183
32.6737239831149
78.2296965054649
66.8795939227639
109.322851279419
2068.43156914449
19.6589893907904
1944.41006009691
210.639535477034
41.1125159339164
244.100699421249
24001.9785094055
596.420156319396
65.5564769796194
539179.939679215
39751.9367454602
21.5966896381494
367.171353178101
48.7880552203277
381.034725715629
26.5654245562229
125.962841128771
33742.1265949433
6.79230775857365
602.748214913698
30.508504714387
5.86793549082455
20.5164863655266
15.9061240698081
178.804363394651
16.5129580207224
30.9390781306547
9866.37394651034
42.971764243305
8.87961775564514
3578.96006718956
164.085380980471
9.3143587597798
6948.52853906943
10.8599920949245
42.9022336824297
117.203346689812
2379805.24701768
4713.74537392839
170750.346858046
44.5521029095284
35.3064726120124
36.9673359738474
79.1698826170412
480.348886844705
2596.68638619211
85.9827142588768
4484.94948828616
17780.162003939
7.70308350408647
17.192622760438
2962.60105408976
132.768250547738
14.8695155138257
8.61485209341482
13.2639307990167
526.81599951551
7.92276015714829
138.915611496071
36.9239475608655
105.60802915213
113.703521803819
6.73612602567593
111.640956111488
2.34768848664904
54.360728884489
9.72695906488934
255.377312492724
1315.70041746657
866.3803985013
1986.59286024324
25.2503015750598
4.40886520465792
120.569628010594
32.3096152728981
75.4899600226181
54.3933472366241
74.8506632927604
22.1487231327863
675.891207162464
697.062104915197
13.8780904806876
9.84393907945761
6540.44997383204
489.396802929599
111.304355117547
6709.59059037022
12747.415523439
4898245353.21816
188.947936201121
336.46509036708
243.838100313655
351.428060149418
70.698653764597
62.3347142603638
764.707776183733
39.9218693593965
24.1136044879444
345.84563526447
382177.54409882
37.4082366374302
22.7961730753337
591.493706163199
38.6473026251306
10.0394575563229
48.0432406088526
62671.9673734031
9.00858837219691
14.3210080679118
156.177382189511
18.9845921513421
1871.67480469151
842.411446331801
42.7660065332489
15.378301428331
75676.2688011934
19.9125297948313
20.0720712769501
39.1002218442947
1187.77123456508
91482.4919972096
88.822600676348
12.251761689217
3.19974982473238
65.4873717407611
819.157014818041
22.9559447555287
13.690772786246
224.24206503122
1587.33286652505
62.1259881275047
23268.5644177384
2943.24122893315
126.342728495378
9201.26269674292
740.784397962091
7.63293534386553
3139.02293848686
57.1140742541302
63.1967976832075
10169.4306771485
551960728.378433
2151.73372038866
334.937842511421
14.7464415424872
445.033208371305
38.6709688721502
10.5077292060455
197.229405082384
34.9143634636822
7209.76519691448
261.888640150887
42.2623143143922
125.265336691531
51.3170489948937
50533.7565869258
134.082743191796
7258.9029041307
16.3759292817548
1023.2529530919
162.30318200275
645.989631710893
195.434682444701
37.2657595344436
157.919421746273
298.276334140841
13.9648480978374
36.715148991192
20276.1687960537
164336.234343999
3059.75048918848
42.3964133988085
3.79769382759523
42.7160857444326
6.90114306415954
1262.62226428145
25.5894782107849
155.063286011202
393.485459123799
11.9205666200476
1361.40787294627
107.827063408608
64.6250262106612
15.4399047268879
254.672934036309
175.412041825642
502.715399735286
25.7225373379629
10.1821411600796
100.533419426256
26.8074140409224
379386.482710181
118.066059023113
28.2289189796684
1237768.46530503
124.525585394955
10.5288370183697
11.7310541077039
25.8843334598383
1834.78144343672
572.529877459663
1071.79105766367
1440.8891421993
197.112550170309
41.3079784267605
35.6505223996281
13.8061887700984
201.059772642713
43.2958753893413
229.702239926154
15926.1829996099
1828.43649094062
23.0457992357628
4863.71525139212
13.8651646590382
15.6623028155491
13.7313331697795
20.0019325549843
41.1675007432557
996.280428855982
11.9399353170586
1585.53902649217
104.163212128093
149.125079432908
6448.14318980107
49422.6407271968
126.51899319295
59.5579452510707
630.10753187283
2502.4282743756
168.428019470585
19.8541411807591
207.138029069473
163.237852476679
22.1924195618626
5.47695204950531
1459.26826656125
123.886710421328
15.1582492437653
7.39445426402304
22689.4772578135
26.7335558302978
28.6596525257081
27.1132801857149
143.071447745657
34.4381640702653
19.5511698539367
7.13539106728326
2056.53859399975
34.795843032544
336.360836372558
242.90569367424
341.067925052596
908.700271343824
5729.51352239711
386103.68124636
410.563825816919
331.790779029004
12294.6486647035
4.19166661355972
2032.86085736048
9761.88648128581
14.9201400288479
130.610035764078
225.821112516922
60.6665013934757
23689.4166800013
401.670247635392
136.228500362848
151.967128021685
8.10352231295379
2327.99572237691
7.95955282833659
4.72512717466486
8.16340197383761
7.53058209743777
261.438358909949
16.3005457317542
7.09627995219222
335121473.135591
83.4637565085189
22.5341341503363
89.9261856542318
69.3990745901286
61.7249436863231
4.01651624267387
11.9463710394746
22.2980308847327
9.19152797027868
13.335400676521
13.4664105595644
913.574941716671
136.972317505767
311.200731664599
59.6266684735886
214.842501715766
176.630764829606
17.6212756304913
6.27057533228605
73.8539105874799
40.6434754443601
3.20254388284903
2806.15716796803
27.1408099982149
57.7889507861017
4.83509565906238
7.21320535122732
3.34434922964176
19.4765232699162
594.116650035191
363.343904211267
1042.86182750626
3441.54897729089
29.9030718478309
266.15037371141
159.880520750434
2763.07091905541
9495.4581269584
10700.4337471108
79.7222306563773
51.6976669638874
588.81014916036
10.2639435035355
4.74924012727663
288.046467648629
23831.7132975753
86.255548166147
80.0077353096128
419.173660594451
87.2455353713589
34.594264552966
8.30491879128292
13.6990957317803
29188.8241419043
4617.06866732179
8.07825283395513
3671.32541013713
773.247507866045
419.580376478361
911.486041699281
29.3954475559531
7.96092379049541
2060.3898844062
1866.05622226631
240.91136522169
73.2929666773106
80.984366022774
57.7831243304654
203686.98212098
828.095371447324
276259.821514543
113.853097317988
10004.3275661714
285934.405866733
1024.04677881564
25.7854879667555
7948.92449992446
13.4848429460598
62.2523821849415
1155306.45152772
53.0628345318547
18.8231353508809
78.4982218926141
350.331385137609
14.5883940422397
96.2759395534278
46.1514128603527
36.1973894906442
50.5167826817885
7.36460639526806
431.693388867255
49.5896161283437
224.646579587169
7.28140788266021
56.9906984271394
67.1626714009475
1194000.49597923
58.4109678703118
4372.10929144008
16.8655058727192
29.8611938807036
222.662559666217
406.487565131625
25283.7354930878
25.3367515967286
21.4436654095892
8.0959212728104
4.56499951321405
19.1311216358065
7814.26184025484
13.3843956170371
178.445295740902
14.6002059112835
360.149502002351
102.431540114279
16.2511453109581
107.192012231077
115.550474315338
82.251882445173
1293.84163474842
46.214393530374
285.760880955496
1172.41718755476
393.198883903012
166.953192211984
159.544921076504
82962020.5816711
3.91347179610377
613.123092227308
21.277769897079
98.9715531098814
54.7560215342546
151.575156475095
821.074527761543
56.996968662403
32.0962876100709
760.875014487647
525.170021445393
13.3314575129296
271735.576790743
36.7536406068182
6654.34489720668
196.697450496489
22.8386173031755
5.06349483594521
1390.55665912154
63.7356054676148
74388.5841638423
260.021702449969
129.13541554098
2320.37836236287
2659.99882117351
30.4974265133593
1993.57021659512
4.60626776115654
25.3457191304147
64.7609879556019
10413172306.3458
11.1053514047174
127.540487245585
83.9331637865321
68.1938877878301
44.3216942169561
43518.4698549129
2360.15856231977
97.898175621232
83.5229222846216
3.24597346266985
7498.03083669425
318.943112476338
78.7319612749487
2.90623357570629
106.702201189956
636.827308460089
185391.240505709
41.8674610072282
93.7057572812049
95308.697193118
6.65017691394365
639.168925498487
407.99951875914
103.791475581252
24.5284948932647
41831.6788055044
34.8500233762339
10.3724057503902
452.473990154698
49.9968118445586
192.746078017105
6.39147631247224
6486.42458112722
115.942522428158
167.624649965436
454.18335411441
3304.1922784774
14.6695362677574
17.0764401313169
40.3643402402333
13751.7354142529
46.3107518541339
36.3528757033198
24.2378104101722
168.127312085318
34885.4435417013
18.4671050318608
986.66189795511
29.6752473466454
2282.35261205951
690.593596175102
8.937727160611
1325.67742236697
338.655089421101
101.044800293584
58.7165325137541
24.6494242013737
57.4287714827517
14.6252390895174
32.138377125488
2449200.09303389
3706.78448403315
78.9796994262957
221.037419320749
2.8305018786253
3.08237141557965
205.861816531357
281.09909425309
2.08240875063227
72.947698220812
23.1994171719797
7.34893603537651
45760.4199584121
33.538109222244
370.289482224038
4.14607953294064
68.4958794126457
20.054772332019
4.79650970527788
10.3578785806501
76.7470449279398
1808.33325289702
265.340666603422
81836.1328617982
13.0012638650406
16.6055645554051
7215.82627685263
14.6437289512192
135.559955406653
776.617916293103
13865.5968739785
192.725287478401
30585.0973611957
429.427126490102
3917.59848611547
1.80183470809912
1257.31280300632
4018.53778060139
48.6275295916698
144.722625627623
342.357022689798
53.8493997580652
147.140244320546
21830.3983100044
13.9662903600839
113.967253028696
18.21871807408
41.5389122140948
467.347107251854
30.397975141743
246.636777586089
5.57564115777356
21.8999722910843
133.21172070613
4.26127073484622
4657.04104458999
17.3666682767522
17.7996865400302
69.2342482456884
1569.5229811827
13.6329301945401
282.456593063505
362.576474583137
1659.76731770875
352.290856111319
217.854858189137
14.1239778866859
1393.51421441151
6.33361048020419
181.718212923375
7.93904657369744
261.2639154098
58728447.4870276
26.8693885685311
2009.8965792158
29.3278500969887
53.3854204864227
974.854686367396
65.1200540300171
96.9998991738532
9.1122885595875
80.585244054158
52.9964958257314
32.1084939201182
21.7646358270868
93.7622668365059
205.148013648171
7.59789162792514
59.7506935391207
524.144328927359
364.516068650953
45.6846725645162
13.5173893857488
2.27600637839218
165.211418947664
18.6031567865985
90004.4608162564
19.4283328204955
31431.2821127114
2026.64455019913
28.1499808556252
54354.6020696643
12.4493198857128
18.0716882447945
3147.40328338521
1204.79902473022
637.868703859052
16.0719745328189
486.170627282329
26.6442965635545
4.68931749528449
2.80721136595048
420.876062314844
146.76084935779
49.6179512334289
17.4054990577622
624.301228554425
6.26518870140787
524.261949370333
154.316056371556
16.8176944394404
267.814018501275
17061.7831846745
6.67173143984077
10.151757174398
12513.7502732277
58.9285622553303
39.220638878042
23.108914232755
6302.10601464868
78.38790164016
14732.7356309842
21338.7310719436
633.368174029061
5780042.85347046
89.958882843016
374.598677301393
53.9765743061286
6.68539949127806
244.239806453118
42.4056055140034
216.693499274578
158.735178023715
23.9873250608315
988.784619601582
8.33765711859446
489.392053323536
49.530968528859
326.130752867056
12392.4846334709
26.4080166767008
5.58240612117036
107.008278148681
518.585425877993
6.42787661847916
284544.490621372
211.694784472907
8.63180681372995
975.167577893854
7710.84915049666
13119.3579919883
1776.5878459504
895.911029658902
34.3488700043314
10.218153254183
25.8259159642958
56119.8902606625
39.8710300364247
50.1071490030423
153089.458691925
46.7648654556473
104.97360436102
33.8172542094463
44.8119696623783
216.284515762436
18.221515241135
92.3670926028531
326.287922403244
190.837045827167
105.924797160904
5226.69126008157
761.70011960928
11.1673435243125
5037591.05222785
21.6291798275031
25.2606142963204
21.2214792775993
390.419842990976
57.4807838882671
201.849497096801
146.303058670739
33.7548549234904
13.4003895735308
76.427294108268
154.01635375529
2.66970516782008
11.8831849687427
10.1840295574719
65.7909429193111
2062185.20104299
15.9773855666896
103.255945861672
46.9139579197013
338.050303977785
1.52750237181496
374.109924330055
175.562138670415
240.937736305556
44753891.7965164
108.494984142122
68392.8330137909
73.4399622842299
188.708747508724
3.75030258083101
1732.17746672567
32.8957717426454
15.2854605957678
20.623357947861
4369.88983672519
16.5002881307239
982.01596863311
96.9744476658517
37.9713101183397
19770.1743861514
1580.11035690037
625.260211310851
245.941122291224
4.84489571682674
15.7047104486372
5628.60068998465
94.4372246555476
471.498437432305
391663.55710023
9733.31831993696
52686.6399828744
14.5455953718092
5.56675546373345
111.349638519655
5.59491244692533
19275.1897752993
27.4524993507287
23598.5995945684
49.9520724089492
5318.78244266832
14.8508659581193
55759.7802894496
13.1624975068919
63167.2925245011
27766.674892967
5088.55535707783
21.1916921045231
48.0835404108136
401.931545079328
5692.65933641755
21.84949816511
36.872205589216
75.6498778679936
5632.57058868746
24.1765219819221
108.112822697641
22805.6583399398
69.605842878544
10715.9276858335
14.5268568818588
109.737037170203
10.1294202150045
591.407818476074
25.4347456339485
6.57780204566816
99.4392167873903
47.7812345542239
149.352364463491
39.6175071092061
10.4008750803956
166.701715089816
4845.74029847025
46.8753420679435
19.9097728142911
9.50820633767084
5.49064818791755
109.194518748831
6.31103257699267
7.05304562633975
2.82045562448426
200.39684098169
370.176874021686
252.955226726044
297.841320747032
571.215398767737
23529.542434692
19.2320428547693
11.1929820948171
20.8600040140792
6.14780297097524
7.69774778402176
6.09868736678855
82.1225862147133
69.7379491283359
293.011341630013
74.4399673552363
47.3656047091376
332.019561437351
147305.652578751
26.5708415990113
112.043952420716
10.6552513710296
1125.16359318921
1825.65716573102
19.0763055257064
146.493712605511
13.1341907468772
7.19161644286875
722.981283980929
97.5176000772861
27.4545146417006
777.3475241997
10.0134426630278
232.875133237733
8.51982085319197
12.2296341468978
33.9142163578737
46.8366984448616
157.352382074818
293.460800722708
57.6952996057298
739.065678004446
1736.2028071518
26.0217626941465
274.962606605985
74760.4024314004
41994.9004704283
76.780880141506
112.351827495944
241.650041704545
1072.60858163398
2878.65935106398
2.98666895599593
7.74447029057217
3.69342897475383
123.29908090335
158.990570936129
17.6186775098286
79.453465974957
350.107651495276
243.240690482919
100.950252984024
42645.5175384331
23.8580869865374
142.210092551787
83.4447051600148
230.701858714302
16.9851512118682
195.084354763365
1042.70803953326
9019.57592476744
67.6227151701733
2495.99899046296
6972.30447506973
44.9316401663775
21436.7260205081
34.0831115211168
185.686251735729
7.59192624862461
30.2745031573239
13.0011802396793
5388.92479315402
47.0640784898866
12188.4022020584
343.746483044539
7.6487835529583
36922.9693341229
5.05433106403618
107.426689238016
18.6910999277878
123.112178741932
54.5458071002713
25.9453389465394
178.443835997187
209.984871718782
12.8983196200469
1252.30280556626
5.55337781686335
2803.79879369918
15.6009566343194
246.867128195941
12.0614392858371
4115.15991483525
127.11775281515
118.410849931552
924.45530159096
620.59062970024
173.542889802696
43.2134220453931
633.02436696852
2901.82289758182
13.1705489262417
2972.22597487231
42.2154599589033
10.5487329794161
1641.08487840342
52.8960632884801
124.303601607075
813.547391135747
623.541458048714
2.62887295079453
48.7050722293435
17.9682639281579
3781.11820491183
9642.23618645673
134.532480019465
26.0513307496786
10.5231578423032
620.975275086965
436.345097242371
5.28542102182975
11.7055857227889
13.2978817443618
72.3377522198437
130173.744971142
270.732805539034
112.198108160359
846.133687683335
322.255661802772
891.042071977882
312.544734018166
174.858397736104
295.950642654763
4.28229394514955
138.932404364504
3203.59301328437
152.713422725209
10458.9524911433
609.679996607964
27.812912816016
58928.0451944319
330.825258685933
5.43095372283305
10.8155413566684
34836846.2954829
12.2713950674
5.1131994592886
43.8437640140398
2.29983351113318
67.9969060039035
29.7108354539883
17.8497168898078
7.54723280265412
9.87383801073297
95.0045911428184
18.8802832498032
924.718991211228
14.6348131976955
40.7684903629255
11.9275654249666
150.835403704228
13.7099982926188
21.9630137968766
68.8928320261213
220.675353615112
272.704946440924
33.0077518169824
247.750475238691
7.97763404780575
100.366743357621
1356.11696759892
149.40586440354
48.2147379410308
113.254240160145
170.056754848735
224.137972890665
253.522095912808
104.33037915754
111.872919101639
17115.2112442343
17.3902414479641
225.510149176414
13.4747875705002
581732.860369854
110.349330130682
57.5123330150204
1281.3248717923
81.6159189991169
195.533559708197
1753.28931038566
44655.8469399123
35.4913821843356
6.47889251375812
32.7610978950645
10.7283997816166
32.6065610315739
339.533717546455
554.483991825825
19.1245304911401
904.955581283714
272.622406802724
541368.72655405
28287.0645062417
181.180295982731
2264.47885179663
19.164161024122
221.137872203288
38.6244230288836
1852.43810947615
46445.4469526755
31.9621055826437
66370.616699767
20.8987078474527
37.7454714471105
624.248656706252
178.72793061764
15.0719394722942
6.65829071043491
3.8257940607888
2682.6606364278
187.230728691763
1191.74473477375
46.1525282824063
27.0680672668624
22.2788286795772
123.455848104457
110.82206289197
1328.08124978613
205.368230212265
13306610.99484
162.684809111401
189.97189171597
488.751502177723
529.0602690695
674.925004701679
196353.336548315
34.2646522725777
547.6082701862
489.218152041173
6.98693509043513
10.5185156048906
68.9096705524972
5.92793186452039
283.785516572897
146.831352067747
1263.86211418611
100.247434028847
682.066128489476
1193.20617856993
21.8019910370377
10435.9095152656
253.504439804884
42.2264227728867
60.1165426103511
5151.32056282031
1707.97583435375
46862.4231147143
26.8861771896375
667.673105628025
23.3027275920229
6.71941191563717
28.9761694361276
1493.03047498828
42.8836152515039
345.454809496672
12.5765045353725
7.57999944821039
444.958445368302
33.7367313136691
28.529797166002
943.931151844125
51.5741477749743
12436.5270860861
103.201568310288
596.48280030935
12.2962653429899
24.3732966899658
6.52968234089621
17.8441046515531
3189.29020369811
405.468360569652
13.0527202972739
24.8664385781503
60.0125567158662
89.9501062565451
517940.361355329
53.9640101396285
200.492838161377
556.721065683435
2400.14212290482
5259.80055618889
6.30881885947491
165.843576619372
7.85282528241865
51.0039379834779
18.3564402942363
145.392717038855
25.0343521337288
55.3805629370853
308.171249903429
220.369508037187
16.3665774072973
167.8830697645
37.4788857292751
77.4137771171112
9.21745675724616
603.76904648803
15.1902937415047
18.6862104556627
42.1266266087091
8.47887382302577
1011.01339937783
48.6065695133915
15.2951867157974
3948834.86061955
592.866706735323
30.686622372012
11.7064645104467
5.39549039161588
136.938113558201
429.008916149084
5384.36546455534
71.8374281230707
12.9051405403263
26.6846435688562
186.694391590049
40.4336249186688
292601.977743356
280.87503758268
5.52138807022925
104.235885841819
29.5091838792336
46226800.5750563
8.13413977459594
59.4673428089294
519733.568640534
53.7556782065836
4150.1365562739
9.27096400842696
5.4995671450603
20596.4273193674
244.953927517859
8436.02860167541
426.883007941885
35.2320876013319
4153.26484068855
10.2497328680416
37.0867246212761
3.00264894676818
4430.61716320132
182695.270912034
18.5995156424091
48.946860038576
17.7140454917951
24.9107465111188
193.970084253768
4.95249030696791
13.426670940345
18.1641245671491
49.712246030972
113.08877993253
11.0219103580476
41.2902539359093
1622.13067310907
98.1389943162539
129.591158696491
9.57681977336903
37.333781612785
14.3750801707511
891.576110547141
16.7528761830377
52.0739516864154
1821.47912128067
175.402094146124
42.8802312242992
6.48672691465124
292.046387081585
211.666198736206
425.438555871293
90.4676802050486
220.580908194842
111.489156515839
5.27343000312048
47.7865424501717
641.018617485452
37267.2640472717
4.54406147884302
69.6363115302712
2415.89129942897
25.5930437553536
262.984071364314
225.801763029007
26.7166825915978
134893.623621718
1839.37545491217
16.3442339645039
15.7063720340492
309100.747880421
142.475682801167
61.3541345493466
86.9147061123985
170.612693679106
38.8486209299989
27.0378993078741
37.8610531987916
238.411967363626
16210.4005106374
12.1483979243648
44.3351429154322
3.95625857894416
204.83368865185
198.297245542373
32.9694035624709
1059.40937434935
65.9047233471352
87.4852209413571
30.1305762722633
69.9995765362486
3859.17710534989
17.2052653648222
262.22640079513
75.8572402547652
7.52853385341591
9814.36292185436
188.373273653065
17.1414031060324
4835.98998821098
67.1386496019845
12.5511264846468
154.121235368001
917.740036072447
53.9761482662785
25.471889422284
236.884782224756
114852.085199398
19.7266722168671
26925.4046240827
9.03342586715329
1108.51453356071
238.643325135251
205.44838858093
7.44021134413282
20.8995774680844
642.038786722042
28.196856317573
1889.37477709873
44.1862938745991
11.4703246590291
3951.42719156907
3.78378578826898
13.5616643908875
55.1417111455501
56.6923136628231
4.30695440901869
13.0260166199462
12.6089844866977
118.941166128174
16.5157050618994
9.39741834978658
229831.973985299
16.0263525772889
53.7191426714965
134.160809751448
15.5399711937433
235.375044314551
435.131972275858
10.4845294008952
71.7260248338115
13.7716441735395
56.3360939873213
80.9112261957439
9263.14375453796
6.28573580311991
18.685204154959
2608.6422284638
157.012255192997
20.2131986986341
799.456168887018
11.0749382909714
20.0950220953916
