V1
0.219351458982843
0.218211609767096
0.345971111563899
0.316643102177769
0.29920389946365
0.42098839963102
0.235324468530584
0.33239874220106
0.342258150717001
0.211567750173813
0.242668248725888
0.319946975013964
0.27376916258249
0.475875506464265
0.253543467809854
0.382440956393721
0.301528723106792
0.333931298592479
0.273722625780591
0.299078260211965
0.298328515102567
0.418124936486669
0.289502889794474
0.294245743069478
0.322091375129425
0.259388069716043
0.27478948048196
0.274995649896187
0.228737550580347
0.350754054693284
0.216672127766945
0.191700695667246
0.458431682760651
0.31189770921781
0.525186416693552
0.469895006339729
0.354523728546132
0.419052109686228
0.282352214441134
0.290753340034047
0.323398490320299
0.276269069132113
0.331363274295297
0.310525268775614
0.247019005492632
0.357385588584747
0.385684731892506
0.598521399142039
0.221367735229075
0.291084987845021
0.337051345399336
0.24819513686937
0.335135617741215
0.323194813436352
0.388826908377813
0.524276532544546
0.176740981420906
0.148667947529205
0.362917406829987
0.299173980569673
0.288586618690817
0.319940576138453
0.274289818457848
0.265696659166693
0.230028974938506
0.225115877103641
0.201352132647003
0.200091603458401
0.228618637974003
0.219276892163866
0.305758409590492
0.240455557166314
0.233491407795478
0.227794812590415
0.403314751815353
0.210868618621769
0.430661017781563
0.278546574556703
0.251090963781345
0.31788360030071
0.261228441417005
0.337310974879815
0.475410803138988
0.287955305536109
0.265606337658103
0.247214227609554
0.22122610520497
0.326185187201338
0.301332793120916
0.285323972130658
0.254175577694912
0.378615916756907
0.274781236921199
0.274781236921199
0.32111370416184
0.261900661944829
0.261900661944829
0.306094928892725
0.208336649591778
0.232903750207383
0.328358263473412
0.445480858198997
0.60391247529473
0.326573578621169
0.289783843838256
0.306759876095206
0.323786801448763
0.26972293864663
0.341536747367169
0.583498732204977
0.182594031053524
0.694632743293416
0.685021537231711
0.335206003611198
0.165720938271667
0.42468396433698
0.19863228055906
0.391996252181053
0.204654927221662
0.301055694436184
0.542409515057326
0.509016930859271
0.491863027814978
0.340755523058932
0.32660950369066
0.379998489982448
0.277209982613667
0.37421005307123
0.37061703506901
0.267111260870539
0.409655383817209
0.433880989599024
0.202304761147773
0.316285497556971
0.356864186341669
0.300941315005767
0.235885207780707
0.309424858455438
0.337489797080199
0.250609331645692
0.477575030245982
0.314192318896955
0.503076516587125
0.289647677433264
0.246893057919192
0.397784053536898
0.570989190687533
0.320786335170163
0.320786335170163
0.187638132151022
0.439636073496605
0.465221333787827
0.180571221515824
0.453753127892427
0.358323166517605
0.64946846291071
0.365211003737207
0.473814681990057
0.53973176193284
0.269103288758277
0.297182158471925
0.175181972931573
0.175518645421767
0.187207060369654
0.271289164309164
0.284785219105313
0.34063968587453
0.252004080283653
0.37391192647816
0.362924665250708
0.235687147403176
0.34289191434643
0.238155847067532
0.210529393295451
0.332249196417395
0.208966777287448
0.340701006536681
0.34059199965662
0.375279574043157
0.531524492722194
0.304060069517078
0.254791427470607
0.551368450011039
0.355240590264373
0.415762123824728
0.295392588177573
0.282377627283995
0.276230394169745
0.315092195138641
0.375607711766167
0.37193320398938
0.348540793887764
0.189724928605009
0.245784535205293
0.283427194023659
0.512130399421285
0.499704177825264
0.394135310885075
0.262703305388547
0.419727326986898
0.212834587388838
0.33499824030224
0.465781797605221
0.626365006706464
0.304857751406187
0.310478693478532
0.340115504481551
0.311031837705237
0.314934688421032
0.259998348476564
0.292377354820478
0.35528322169304
0.472219197365194
0.328512628130097
0.258040172194819
0.223529920814152
0.425859414538246
0.52437510579826
1.17784912526239
0.995290156263066
0.929156587011579
1.25464667615289
0.455754040434608
0.508923789283638
0.351045301409347
0.415356537949978
0.340476218060724
0.263113442368621
0.298456823948486
0.403901194096883
0.312350288937177
0.300481226850998
0.286791444957211
0.277340301928136
0.392412380921877
0.337861240113201
0.388602619965109
0.336579803672004
0.515107326015795
0.559628000952902
0.284057101332801
0.410911670996566
0.506850596640718
0.301016559739718
0.507756640662789
0.536429571246111
0.361504785345742
0.225287030200179
0.364747480162233
0.416195573745944
0.320164612945484
0.284389642640091
0.322442646136237
0.362445920733472
0.41929564970348
0.375035721580664
0.312225373806294
0.214823181682246
0.23348673801402
0.379204743291268
0.409202146220618
0.209802220329332
0.647398664732398
0.262060470085143
0.280259309227232
0.130508098065879
0.437363771981835
0.293314460926009
0.2826912404734
0.563610426108946
0.648120268703697
0.397918527271774
0.488847841746903
0.296244545060563
0.287517945949186
0.305596400569592
0.401092181115489
0.173298454562649
0.286969310785794
0.573543784044959
0.368297221382592
0.182152687739175
0.190078145361965
0.276752963286985
0.684239689156415
0.298483686271428
0.223087769445246
0.185810117568987
0.628232473676808
0.533056423603386
0.468004204093064
0.526033173890634
0.266095503213695
0.32008778265838
0.264638641645218
0.423559194567492
0.358000820745095
0.359759329594947
0.450619038695586
0.344424627694505
0.495746287630791
0.43532952758494
0.248346582088957
0.220444349316854
0.218453959132953
0.605339391835664
0.413917334589127
0.492853159607747
0.333657587164655
0.198622349193318
0.312134841575698
0.464075511358422
0.391700406706376
0.227726484396379
0.321332135738989
0.282194141465611
0.391683955634769
0.384799445961736
0.267148659064873
0.309672497384567
0.256881600162106
0.47365787528326
0.136374568350475
0.527325117186816
0.437219028529672
0.542968484677772
0.476144928240094
0.296748589103212
0.411599289999767
0.184545358534724
0.437775087215371
0.300911222378923
0.245077694083685
0.271954637633669
0.396573057059952
0.340707820624952
0.38206825818114
0.261542103706439
0.263021368777611
0.402787963765711
0.484976908751371
0.398439743685691
0.54847367222975
0.254190828687099
0.233395695940553
0.366817804390513
0.306153092454578
0.310323492935162
0.49158766162913
0.539855374659439
0.235680076894812
0.487271410525046
0.549767399613953
0.639288141868183
0.565967286586302
0.240522894149059
0.19914143063132
0.340064490981987
0.340915715797115
0.321557146978752
0.224239634965743
0.217505748264573
0.523061620831558
0.487510232022692
0.357074798336039
0.240999601263777
0.875800459457797
0.654561979916769
0.357864806277598
0.322652301986995
0.241279323008489
0.38029196208237
0.2933261937391
0.290320440147902
0.246279058950926
0.32857505145947
0.338151925756609
0.321049487842853
0.566277521655997
0.175502849454508
0.406694495787492
0.357510695433173
0.257151467497833
0.433092477448161
0.192297812866735
0.468009352167624
0.186359066717708
0.2676727839112
0.197805708549533
0.261803776624799
0.483080486739558
0.407860122650836
0.280834430108639
0.397213642787668
0.426532377718411
0.663423320557943
0.312340918569065
0.253290051071531
0.30294924371388
0.297315920537445
0.24302766363543
0.27491866189304
0.379384149561082
0.341810086085972
0.348952314774124
0.258859457421685
0.312240985465272
0.389133035599968
0.314462640512841
0.385546295924499
0.291819447044306
0.268646201801383
0.212960196846544
0.193875321345255
0.168346655486912
0.256178707979704
0.397330838097749
0.342864484090507
0.209387222916099
0.184979550102554
0.512564870189564
0.474368420859169
0.232992270450243
0.183720444515587
0.206501004951432
0.244033443391818
0.258285426835913
0.38523143323965
0.287750929831139
0.410988518664075
0.289175936292525
0.26977419087378
0.177132010918289
0.275998458065444
0.221921846918159
0.478094436550043
0.200514242469052
0.273473651491614
0.262992438018266
0.301233369704952
0.267504203165847
0.482278756072728
0.363324102032437
0.369248655035411
0.28372211163602
0.330185718332076
0.219439217116893
0.336886230696496
0.448158640943568
0.338618897550583
0.497918933173766
0.278449100314595
0.266692225220031
0.485579138701526
0.581470522781268
0.715528391593005
0.487135967900317
0.389472118122977
0.34394621003931
0.32272652055126
0.257640519738584
0.554968457602176
0.533514515793689
0.565122362775387
0.795429546643048
0.272259397461464
0.745468797584506
0.500775190580026
0.322436197347802
0.224764970113975
0.504615260735118
0.403085330997982
0.341488935569441
0.314022700845747
0.262005443164454
0.298346415350475
0.243662794322517
0.273274088575351
0.332797860114556
0.254722643071502
0.415093285364805
0.314016420454534
0.228520353092438
0.352438196915795
0.311174945262796
0.183010820403632
0.311078495980176
0.383986455174342
0.369566345466046
0.246777045447036
0.324756372771884
0.331678218980917
0.323977892027795
0.374212672550769
0.223961750142582
0.345055501836965
0.214644952416827
0.371234626434536
0.206651805720631
0.267231487987003
0.383852083431458
0.3371558475134
0.394525698052614
0.353730484159583
0.275518638312653
0.259082172308742
0.277401323506687
0.40186060669884
0.252882582189772
0.191472707519255
0.395804055313826
0.317143793721368
0.32007177866935
0.269345590737695
0.28777682858025
0.302585922657655
0.33174456125872
0.454204836942665
0.347003643184366
0.388325645050364
0.551305597590394
0.585868451558965
0.395380376091307
0.345027898500967
0.565435527302929
0.334338943389526
0.287158773046581
0.38394153138718
0.49816247507323
0.549588204652045
0.386406250705712
0.345231525025
0.295239023961877
0.309712757426073
0.402593866748315
0.34714941532451
0.574712134038408
0.554120005093725
0.536964658225179
0.253908833403592
0.305052922815276
0.424930777412516
0.193580854708149
0.193253979351168
0.247404655870285
0.460255734230155
0.236984628168271
0.521112671777667
0.514193307293665
0.286375898705863
0.414380767328793
0.181545312643173
0.163983412428823
0.207102798060144
0.548974108383023
0.519278983384171
0.75618516919207
0.582916108040729
0.219623623499108
0.362311840549164
0.434414557145338
0.440549265458116
0.375744082115259
0.265332903972837
0.451312624007485
0.378847321769078
0.525672438879601
0.326717302612722
0.253145716881572
0.281436059302708
0.468456514585013
0.30975921782413
0.300487236535632
0.42787079920026
0.305468077031182
0.417628916633082
0.185765528491674
0.373039860662898
0.285835159416901
0.394645652096913
0.245664130284657
0.278521506493072
0.356094191592874
0.293059388317676
0.402926546660138
0.332678074447628
0.263885495259914
0.278744412848921
0.239857567634903
0.452821169842648
0.31963997330235
0.224778456416767
0.271748030629673
0.510370166436015
0.250441479630194
0.305040720942402
0.279330391177802
0.399342433834319
0.383894693377527
0.375102108778478
0.296055009209666
0.249102704422138
0.252321805549693
0.361450563694666
0.253312848201983
0.390513788682221
0.318918402644654
0.30779847872607
0.22909236869675
0.225070858430238
0.282787371836566
0.290826037455855
0.339982885297225
0.282699721337826
0.261913757305308
0.465486585537653
0.442284472936452
0.290945300578481
0.283560436114288
0.311810390084478
0.269477602417376
0.210626259093793
0.426616412874012
0.23312977645009
0.272188619219695
0.306744538484845
0.313476776438246
0.33283779825401
0.44892519889814
0.524329487148496
0.789811475979722
0.660301982079373
0.559835101624517
0.352988429572869
0.334178499206384
0.31827802045504
0.383884328360734
0.437992277517372
0.437992277517372
0.121743366877814
0.122462551227468
0.612377105975575
0.424764237191786
0.199853636068964
0.215190843584259
0.189542880070826
0.391631865132765
0.35802588167967
0.345794711282897
0.506194143740834
0.448922505355027
0.280851280679958
0.43877654702175
0.277773290442374
0.26021944102379
0.315218257227433
0.255776822970459
0.26797006566219
0.437666532455088
0.411339241432491
0.407743491334831
0.136211017018879
0.19675027381414
0.345266049903718
0.461938275333657
0.181756027396768
0.198098677741912
0.216886739388658
0.251674171076192
0.303813880580748
0.44921844278673
0.370461038136904
0.227674113327872
0.169497008717792
0.273626839625123
0.487717955623519
0.648170824056289
0.911328093515599
0.980872791596264
0.507153276787947
0.267271575716706
0.267271575716706
0.423736703055447
0.453822557432219
0.475237309860292
0.164530387400092
0.349685884613895
0.58342229887755
0.265946531447883
0.246340636412526
0.277548385176046
0.287084121470715
0.141309889832998
0.150201132460015
0.17224455166164
0.369173705166108
0.380599742760192
0.336024904913314
0.247374969092823
0.29263768649668
0.312697190252509
0.277728850271212
0.428781420166456
0.188986442367643
0.263753585492474
0.247043708628317
0.243926092295699
0.353776472111676
0.258652452668689
0.150714192592069
0.281548656244316
0.259463303164583
0.536474633222672
0.853334212417851
0.940115348571707
0.644850997823436
0.664063168996357
0.605199574585665
0.663203100574057
0.432919708019452
0.415935532783618
0.601216004820347
0.464614151302365
0.408359649088776
0.284597322873281
0.281467018971981
0.30167349163555
0.296490530102634
0.440749760983172
0.407067605684872
0.479906973054258
0.403572148727895
0.480965373515951
0.596934432457805
0.606368131275614
0.532352720965731
0.435279032288524
0.393318721346362
0.440280612353714
0.276711453455807
0.46150748791635
0.438372181486553
0.289627402805464
0.460593225358734
0.194372278001014
0.344156081231639
0.265348824424684
0.233956518328481
0.451792172609417
0.36180495887236
0.36180495887236
0.253611933788654
0.531231703397571
0.3026494723739
0.289395793539279
0.283983256086753
0.309787097408296
0.308467126645515
0.427958521705346
0.421348498633091
0.36252929288267
0.759888170961601
0.640807614817739
0.450158291131562
0.242336020853189
0.374847875743464
0.305941919683769
0.269666302776489
0.30768153752439
0.343416940517982
0.70441965469665
0.791797976407328
0.429905870530892
0.533574806340326
0.183448739369108
0.189190657981982
0.189190657981982
0.314198602806172
0.300944324433964
0.248219957624074
0.356147609727872
0.431755855413927
1.1454149808102
1.27210498895697
0.812260644145388
0.702956687515861
0.49180302418588
0.751829281565402
0.751650367488009
0.793114245705169
0.691803723609041
0.672392521237409
0.496135105116833
0.638762862934785
0.637017596355188
0.58222692601646
0.453338133669216
0.265035897475073
0.570074058158164
0.209293019863063
0.226697216474033
0.399635658781145
0.418382999176634
0.380461990587961
0.404849453796996
0.334008111624315
0.402383365206957
0.37367979925478
0.303225052999851
0.201315892524836
0.236142462835722
0.370352879305726
0.354428020060651
0.402763797212889
0.409880346369494
0.36296458915966
0.429184235011965
0.580712198663146
0.542794219765205
0.234696990255873
0.255677089458799
0.399791946876059
0.231401727227547
0.231052574296238
0.352886077770022
0.328722943505842
0.32585916505238
0.415693944427285
0.434492758803562
0.532259035131436
0.521165306815541
0.895762471432297
0.364499536186228
0.60866758362085
0.325221106590433
0.202951143767976
0.879438186342897
0.533919607023851
0.800828069317612
0.590264817241476
0.511022836476042
0.362047449420067
0.505794408283573
0.351719955849061
0.359939254237156
0.332043265760716
0.340683971912223
0.328660492079649
0.631538735624445
0.186924591026522
0.174120097907362
0.34062946683724
0.338378563462019
0.389591314827288
0.310652610239028
0.429060647749701
0.368849712906388
0.403828094596456
0.375511192987438
0.231424868557317
0.196693224507284
0.245814031119237
0.272951815329442
0.330664834899224
0.381963203855772
0.378848837161396
0.394513073432271
0.406816522439311
0.31486541041044
0.667017497684872
1.78320088609098
1.82221901968054
1.91508498454423
1.86508755803165
1.45809968163833
1.29647883351821
0.940675353986845
0.975697772350878
1.02140108755522
1.54969013803324
1.3060221618924
0.603678806384641
0.695477930478925
0.608951288812993
0.235800304389433
0.239912741220178
0.297211878173733
0.218185425944985
0.277470682507078
0.200367920486071
0.439262980870437
0.402740840330725
0.291484047571865
0.291484047571865
0.300222924082017
0.317921748621599
0.373853974620941
0.444672599081913
0.926685627355399
0.301923984573797
0.295966206028047
0.237718043211993
0.311557925930296
0.367078337509943
0.455425560202808
0.404317426649769
0.462738582954671
0.318586899917201
0.248980673996867
0.481386402391048
0.481386402391048
0.395709469448067
0.28019205506384
0.45507774795601
0.473550367148205
0.1786011806463
0.183195754708343
0.136040859618137
0.442380459081199
0.406153951649627
0.353150841602376
0.354818105390316
0.350484078025526
0.370557370529488
0.246574771213539
0.309161959073817
0.395870160110661
0.398953663665572
0.382530075518536
0.201561647793948
0.234232749964722
0.291895329964889
0.330397104828272
0.51506302869057
0.329196645528091
0.326527861520434
0.416240525295248
0.405334754079472
0.331651685784741
0.245745212825534
0.215255410521891
0.215255410521891
0.237380723144561
0.321428549841103
0.387337063463631
0.333851164697268
0.28150924219149
0.892335585701418
0.614556751680749
0.283997455604542
0.268845073564193
0.43961497147153
0.38132433233717
0.246013221145514
0.246013221145514
0.251043261030131
0.252655090252529
0.304178676070964
0.785955581685731
0.563620007567632
0.506293367516619
0.186549249942716
0.539228966269892
1.17672952319943
1.15051653223626
0.329433752461124
0.30243769187506
0.205804209801871
0.305960276749656
0.403549549320356
0.418356641877949
0.340397917535475
0.424736628413663
0.395367328754178
0.32077671172446
0.244509772876743
0.630976285219869
0.815566757051357
0.534283330109889
0.488190783370565
0.308936353199856
0.792142483451915
0.78596422724468
0.804212291904088
0.716510053793553
0.282371979787924
0.260956905061311
0.330010766267753
0.317207228823411
0.339887703415427
0.293863472133433
0.383036880769564
0.271356995078734
0.382845027355591
0.274924160321262
0.260902109864945
0.338182360799484
0.307958575556576
0.310938542148959
0.302313717837806
0.342782206488033
0.339011923382653
0.450668158847804
0.335477630468149
0.240191201475717
0.218589442583145
0.288053226985694
0.584775070826995
0.34789658949187
0.331028766343211
0.294982277711843
0.583069435138774
0.785033411252793
0.769775011259985
0.420136340560658
0.28100017131125
0.362765013523953
0.354006501570024
0.223731188299668
0.143544526889521
0.270227792433071
0.310128050705379
0.321065540718564
0.29757172220806
0.308137243339047
0.220032503579411
0.494001364328226
0.38761255804247
0.271767053657616
0.216875895322793
0.246047665407516
0.242006667875618
0.303267507479015
0.337277245468826
0.378892407282903
0.351168188768873
0.428316872937083
0.412802503563135
0.736115679036235
0.746216877888041
0.533819239572567
0.635178637979273
0.361201248829236
0.292201981024986
0.244570907961529
0.208420000920769
0.315041784420384
0.283532081488432
0.271992713948217
0.241914722812494
0.226357425556221
0.352720260283632
0.576956156863306
0.260907327959323
0.293640220740886
0.272256674881103
0.312403393000013
0.242736205349014
0.262026404438347
0.39206917026513
0.24515122842151
0.265885370779396
0.265885370779396
0.206113147762118
0.435178929623346
0.389324536158757
0.36063100147013
0.16145965205654
0.19258262433828
0.285515203247256
0.399688813858497
0.389346728289788
0.266183329220249
0.578919409625057
0.46673902989844
0.57432375992104
0.292172762287844
0.315224561655622
0.356575243388426
0.524024416171241
0.463052426094717
0.318306666765945
0.552817140674788
0.240669657872874
0.250091106876867
0.26407027977363
0.273812969152935
0.191733287555742
0.299461325494516
0.339860513486766
0.347663576844864
0.456357858423446
0.509839657375449
0.736022934303717
0.252778921582951
0.188816431086065
0.218139611816189
0.201474994917101
0.214353233695234
0.388509366527177
0.388509366527177
0.261500260317407
0.307789244910216
0.307789244910216
0.258639520369366
0.335212707798312
0.381885673195018
0.325983015065112
0.371760295253922
0.328440363301331
0.294481233847685
0.319812625499831
0.697478911606217
0.518344603596657
0.363676697392512
0.322875008900415
0.242234261095476
0.224040150474389
0.222452874457429
0.255426648647171
0.227567131637275
0.297208906069812
0.381311748841832
0.381311748841832
0.22281799648977
0.499071952619134
0.643605704808095
0.550045102264776
0.249781186094935
0.403920985740285
0.356981970956554
0.259743674905489
0.23340503195511
0.314305448493864
0.40368839424528
0.364033275250569
0.302271396879845
0.467488747528885
0.463598223264073
0.393102062425914
0.309477465152818
0.355475126442373
0.18319758667505
0.218532616715756
0.324694674922539
1.03310662129005
0.959187890434304
0.516116378088218
0.550548073310999
0.445792358175436
0.185048005199504
0.315928296801167
0.547316518218764
0.810532370238486
0.814232766439279
0.416212221901855
0.314261448811124
0.321177933325374
0.292117254736394
0.333124161879217
0.36905854093665
0.179823403741689
0.140193733814343
0.711744699492212
0.697568892189437
0.347003643184366
0.344586545317182
0.355162445930707
0.361244595579849
0.306281703759893
0.772071590074268
0.694286208022254
0.503209849529855
0.244578245198826
0.309783999552812
0.189704060010656
0.178890749046022
0.171455760829333
0.236213316202047
0.244050526330751
0.289746174387125
0.167622642769946
0.231218992052935
0.256642811327973
0.308729435168493
0.367489695565465
0.229920886723005
0.24843848732575
0.180840473178558
0.151091449448132
0.381796322401941
0.388188978478035
0.298167461192881
0.325169075375987
0.338118112254737
0.201505218433045
0.203729937085808
0.441518216196969
0.446900635958249
0.163271633825605
0.207677268084433
0.262640264160503
0.326387484723154
0.399194704465419
0.455620979682617
0.419061747995591
0.256948398061498
0.31866974328035
0.366616110069121
0.491711065618751
0.436671099491205
0.222226088206133
0.268262312279233
0.283022182788256
0.390261207979612
0.35668936572491
0.525467992068359
0.389501719128778
0.252670250012733
0.331877285626327
0.289665056815286
0.288895571633164
0.317254813476495
0.329061702568621
0.262924068872755
0.535075189949256
0.346334572014385
0.680673860620066
0.66595511873453
0.502292831339144
0.380674347620811
0.358154794199936
0.303452557092972
0.308075622052713
0.295623084278144
0.260816026373247
0.301637292988516
0.318243011798301
0.294737543999882
0.318711173039853
0.268853139037381
0.16446787773047
0.210636790670035
0.247867735421197
0.226251062563471
0.536791246648049
0.498027491333608
0.544444647097396
0.686563884388223
0.331641736383409
0.211381652448669
0.174397169076242
0.171611856584484
0.378862475965031
0.226699483457532
0.224556035861256
0.261377384073237
0.303109849369787
0.260086762944654
0.366029993311455
0.230960171748261
0.261966145295393
0.266287160964519
0.287914994615164
0.428654948303024
0.387623411346041
0.299656038631001
0.373886501331625
0.345466362297641
0.307660000570565
0.181063043813447
0.171488340518863
0.206082233108611
0.713626187970895
0.561342524033902
0.591680195717941
0.4655373263408
0.296846532297354
0.237777480152104
0.55439547118391
0.418000771819898
0.218239979120334
0.663301261896701
0.446771053564177
0.469758286786544
0.560995721527061
0.728728532301287
0.17397041899432
0.413926440870657
0.375952677960826
0.411941059225075
0.378720807892601
0.327843145473198
0.246298762063756
0.306959334831735
0.272785365494452
0.306655595466046
0.272919063076777
0.289462362226898
0.368586816794687
0.346227224936717
0.361150684194007
0.360612970370838
0.287187490359728
0.333650914079643
0.233358355616508
0.254541854182571
0.292772330798284
0.569699072811604
0.231623979549731
0.514533815959026
0.243640865657833
0.257262066405918
0.283223199890662
0.354141049603127
0.341052109360327
0.397734731372297
0.545836935922097
0.320706148610108
0.337945715982273
0.321110493040854
0.249823652506114
0.258706775387435
0.293795891306935
0.305767582480372
0.30328267123348
0.26952611275161
0.248257193410332
0.238422731043375
0.255362799966427
0.545195954172913
0.454477441618055
0.98630267388481
0.632003087223437
0.28750357041128
0.172672248274352
0.331194322111876
0.571175934683867
0.278137411900337
0.337385191457813
0.313856312910996
0.221742163003965
0.264998795046657
0.340527293323982
0.315887228792062
0.420655529474415
0.210910796563147
0.261419207800498
0.365495979446201
0.361490325443528
0.2374163329237
0.53940855941626
0.433625075317297
0.182076199673943
0.55455793285644
0.505927955634835
0.512417272761999
0.468243415354628
0.410740767291867
0.37909403167091
0.29225750467596
0.177096588058509
0.175550241621515
0.230828561962717
0.537957886373723
0.423942265201219
0.225706454019583
0.391618549875711
0.803451866813724
0.395172855872683
0.224002066886005
0.316624104161584
0.280800731998953
0.28374197287897
0.381000725369612
0.371678516984906
0.426792215048878
0.234230407648934
0.224358513472296
0.457333223282673
0.281993854735374
0.209159115184419
0.234457721373687
0.313147798566594
0.22547635080907
0.413384552247659
0.315489461529783
0.533878496796875
0.293907554960382
0.374995969901053
0.290613811920257
0.288122368056768
0.341957096027861
0.280545319563118
0.240623934981691
0.299602105398184
0.34189213035155
0.345234977357512
0.356136925459845
0.308112593345593
0.338429324053488
0.235904079352182
0.335578288855293
0.475111863770101
0.508179269977236
0.34131823378066
0.334355660754626
0.339490267347868
0.326789188326435
0.21282181769669
0.422303512301544
0.281697916582621
0.326733638886256
0.297119756771054
0.272357428489077
0.271549726956961
0.332342239217776
0.264352986193951
0.263429368016942
0.38213321530623
0.296932630275324
0.218366595023286
0.138425915860635
0.13334973708128
0.221558193366632
0.388454979023077
0.223020853152358
0.239253887520874
0.401280738748186
0.320007770714625
0.273826660143665
0.430794543392476
0.347927901593948
0.311240298863189
0.332033304612161
0.40265909223785
0.271506282476299
0.19393155334169
0.483742276817855
0.43613606876408
0.323078484244026
0.281717636126958
0.273347882541004
0.348063619938927
0.284497731239827
0.351857153383622
0.556705446664027
0.382229907240717
0.327093243635383
0.280138823630524
0.298827139958659
0.340050888674396
0.283350679011264
0.302207926551118
0.253672807957371
0.394039153600884
0.399479831262561
0.279875616862873
0.318956675149276
0.259178050448859
0.301203247874098
0.353620844704487
0.424240825636863
0.216527006062541
0.283912269146468
0.244421765200839
0.221358880696757
0.277257112316623
0.598519005061231
0.328466639581433
0.418886197903494
0.25630682936137
0.249339464434539
0.211077481924481
0.244761747687557
0.286857414575767
0.331917113290215
0.197694968362891
0.196555587428726
0.223145779806322
0.520910519281137
0.213574406250462
0.324574560115427
0.323227134533723
0.322587777979213
0.274649373577211
0.254338302130902
0.669786013799064
0.508030395262343
0.523715332954215
0.384407150631486
0.368913898340404
0.387380835024849
0.475315730485943
0.608413822151424
0.203758461273646
0.203758461273646
0.230858571626358
0.190021130471018
0.296111265005547
0.477062390000586
0.303328167046266
0.443881342006526
0.475817929011489
0.502499818622108
0.439089067167198
0.415681473796012
0.399042241210649
0.298842081689197
0.31201625286918
0.299443358354006
0.275265277729144
0.337287363937966
0.323026795821731
0.279263359927991
0.256235073495439
0.261157919258742
0.199352632464985
0.232059842213813
0.414638592341338
0.440514903955526
0.189353431930612
0.202149046439546
0.221957357254417
0.191610617510308
0.148653081477767
0.144740904561848
0.128050571915679
0.337405435176606
0.478124079324026
0.482954419185051
0.459987943327545
0.146884311301183
0.53079786434328
0.363011777623435
0.25721576340136
0.530901380019278
0.221684517535819
0.379709800845829
0.638019775523103
0.644790384678504
0.5156866321593
0.189122561603192
0.227112452204992
0.3742819082993
0.334884360261242
0.242406308490452
0.370834651132661
0.241216598539041
0.241399992834936
0.383379468855028
0.572142038140963
0.455528953539674
0.365200047571439
0.412582538454644
0.297762229065965
0.490568184227274
0.501761184787291
0.303583069750732
0.397843327776696
0.239785621157124
0.328903790853232
0.399175144404126
0.379346213042984
0.310885687089601
0.27948127032274
0.237480443988193
0.445962237423843
0.662380576008301
0.315397982850989
0.297577673702019
0.168006938472529
0.312259720486445
0.486275958686944
0.457836566616364
0.389732372413139
0.404108448565681
0.358681668905441
0.893400777315622
0.493403490761535
0.363683970999195
0.339469898542898
0.143877936797853
0.410966736849809
0.255424094393456
0.236610488104249
0.283469711291478
0.461754460481656
0.224520109769682
0.270211579251925
0.396017451204667
0.570680939759802
0.371381664458212
0.303404008567822
0.303862494690666
0.303862494690666
0.309427952719494
0.242377221478688
0.263998990422587
0.456895307849752
0.401528405361287
0.627637819137601
0.585589058948007
0.624750443114762
0.65694761323555
0.6647727673189
0.423575713698201
0.294375239683595
0.481295910253926
0.459163005572405
0.46165981051921
0.420070804403484
0.374567219803302
0.203219216166609
0.387418025370119
0.291143210664678
0.454375195696789
0.290085375805293
0.342922776007475
0.404975381557879
0.639423685321357
0.463876465662403
0.337179449248777
0.387177900640748
0.230812404528897
0.319157681164867
0.291542350211449
0.425472909689601
0.691173777400898
0.226180935604316
0.236111766310871
0.273645994174298
0.504947911788426
0.375752348575996
0.545210674662401
0.353048442706868
0.792101293113734
0.820376416122908
0.714104477726011
1.21731547023641
1.1663170925843
1.00400785003607
0.243428990283862
0.380600884561133
0.261048255963557
0.197671246390034
0.168540365502633
0.587807950047187
0.239718490581919
0.248736792457823
0.289885285934931
0.125358204974784
0.122766635262862
0.344004685865321
0.238663659650195
0.278716539801311
0.274605433192763
0.486747875209381
0.613914261399488
0.211840848682203
0.14903263055494
0.222867021841589
0.324769363286603
0.342028914558709
0.278616219905648
0.408106136470506
0.38927159162215
0.42842053816332
0.188301665204336
0.48139939999938
0.283336511831496
0.242466917643403
0.248366450610254
0.236795116280599
0.254226417894301
0.240268074959291
0.231255990051424
0.175917525304258
0.220598714382846
0.389176231764262
0.378376707095732
0.489255710904718
0.260782122493618
0.336216493706733
0.224582984202427
0.252049445100815
0.654614346969816
0.488319682751344
0.562216090680817
0.453505899813496
0.476980819306389
0.361432491618287
0.288754047479313
0.4291709305069
0.203813483485855
0.41088948236543
0.265295759966421
0.189001561887805
0.215472928314512
0.331844099557096
0.180066329274581
0.286092526858353
0.262448606731139
0.275116674605625
0.324905795067852
0.320552246598213
0.363247811981746
0.322136471078586
0.286656684649235
0.291349995744266
0.38616173294705
0.506061032185966
0.663447867674922
0.227920134197622
0.304918729054029
0.270514385760679
0.33110160068329
0.328026789050066
0.331399726260291
0.324918791559583
0.354924566790344
0.203850173214858
0.384350646933466
0.428501088796017
0.353256802748233
0.299165005484883
0.450202408805823
0.364244475792451
0.439829995761734
0.225796754660115
0.1792811562682
0.400426920413985
0.301248431749985
0.398976404672513
0.634632619172351
0.383789904430577
0.242440247749333
0.464092218377555
0.39362956590366
0.306150030938961
0.418124100237632
0.363596697319416
0.414576401216938
0.428475379501976
0.316855324142647
0.378847321769078
0.586625296168004
0.568919119471881
0.387736613908924
0.291644407893076
0.30836534928791
0.242113174239165
0.225395193931894
0.3955816759292
0.395021533648939
0.363040819727313
0.205134380492914
0.196758143982495
0.0832639164106543
0.134449044906526
0.122791191045411
0.259214337915985
0.378323738064657
0.288869572201709
0.338527482789792
0.33696372344088
0.32996456799443
0.272175010128964
0.553852983608618
0.785080514670557
0.769102521820836
0.4909377211832
0.413446151134947
0.242190662852438
0.260440721579573
0.274481888547457
0.269170572990645
0.320539424764788
0.289421840332785
0.277851077853428
0.309991624379062
0.264845140309711
0.445138415105287
0.457969358474571
0.415477008813415
0.585045299327695
0.595747714113593
0.323981131822914
0.309570322320243
0.284702643365833
0.265760434017569
0.263906606943991
0.372855997337625
0.219458967535189
0.245205167624857
0.38879969144683
0.241233484291933
0.306756808511783
0.294160424175825
0.31564408924663
0.365411925037555
0.339656658341333
0.290024464272309
0.34109644901656
0.194522002291528
0.39898797515602
0.413456073961648
0.585970987509622
0.578178288650657
0.318953485598472
0.345162485624165
0.316399380833851
0.257434489745779
0.287262168815
0.297917105689511
0.32286532279544
0.327689095399429
0.357046233494781
0.368258920463251
0.261468882168895
0.491983057036734
0.306870329531026
0.540131311251685
0.397667917549944
0.406165324119487
0.412746778986647
0.426274829949525
0.351579296000566
0.316750779136555
0.32681206437027
0.282357861541894
0.269404853286298
0.25512032050244
0.213286275334153
0.22715560767055
0.239100814021605
0.357153363433517
0.219825770205954
0.21747964914076
0.794915865092921
0.219638997690844
0.229874907143771
0.287955305536109
0.255485403532912
0.353119059456849
0.389468223421269
0.257991149219432
0.327961190252354
0.419168203198821
0.215005859013543
0.385475361932177
0.306453269547935
0.357053374490861
0.358351833517591
0.135373182421557
0.314044683204179
0.31492209128544
0.325719075732769
0.370953708163306
0.42557333314579
0.672775894225436
0.680611922116994
0.675885226931222
0.557244041199439
0.601836178165741
0.27633538166589
0.378033296977477
0.332089755072099
0.327433597562128
0.401687040409764
0.322849179932876
0.237882125263608
0.412942467334361
0.418487608001986
0.282078465582787
0.301757972039913
0.248286986061065
0.344679596245728
0.427102605802586
0.24845836319976
0.229707159696824
0.248460847795815
0.233977575362683
0.254613135880714
0.278805743365857
0.277928887048006
0.34384304165233
0.303058325075084
0.373442214462426
0.330959257600952
0.307509284098837
0.277789957339803
0.544891819691896
0.550596523673235
0.507402350189366
0.274880175974452
0.311090939368881
0.342415625682796
0.33339743571892
0.361714518938105
0.626397578533673
0.541998524430039
0.492200069412599
0.268396476973751
0.473835530294724
0.692230005984276
0.698387620590307
0.202327015895488
0.426040443255302
0.399911902452559
0.255976406719919
0.324499916550939
0.3236120037756
0.308349931405896
0.369383824777708
0.410402456302888
0.414216705031409
0.370916614647196
0.350585733147434
0.350004243600263
0.237304773465752
0.33560513619228
0.355702703340135
0.318042581842933
0.487932598742017
0.514168626607256
0.561358241844623
0.23028214602951
0.149502823506296
0.220219610716722
0.345583840831041
0.308516485334368
0.500396247208919
0.419125031097293
0.370349546144811
0.312075541589475
0.285438124548471
0.227223764575876
0.40214562689671
0.436175758952214
0.510276777240929
0.424046991873936
0.432673446773557
0.155940617695264
0.168754547743757
0.500616470003152
0.353705723892311
0.330426841905855
0.448011221002607
0.298534432811428
0.292047155007561
0.272145072524448
0.24281632151522
0.331449439947664
0.317899494878086
0.289746174387125
0.347250103253999
0.476956016948652
0.539814347210028
0.527187503290625
0.508162500338027
0.445959561658446
0.380205265398813
0.35231134200016
0.333797752783984
0.356425513231737
0.276346435302228
0.208559689111705
0.404889130987619
0.394541873937837
0.32436041158254
0.372055590144912
0.218517319967978
0.173248205297321
0.244328902575079
0.239579494170237
0.281407917103911
0.294069248577279
0.316595609274499
0.633478004768316
0.527575656115765
0.323527875591756
0.274586211485208
0.376698178390241
0.34217944039437
0.456754605764168
0.444233923748508
0.510659628375089
0.282597967754888
0.312050576544763
0.531443175695719
0.547898077114227
0.581237981083595
0.59298095313665
0.170621094957634
0.163340222314386
0.29875841761984
0.25345727768395
0.372989130691564
0.211189382640971
