x
3.52165016328624
2.15918050932743
5.91828473161368
1.48632941598968
152.633590289939
4.70573999561853
6.00462255148507
33.0451652135144
4.396147726501
6.52973745736697
14.4821963897491
4.81549368945768
1.76504781952984
3.1045934156559
162.43846228342
12.569851306307
20.4742456727956
2.14666055645675
6.36758798179657
132.534313758391
4.05149392840738
3.91400875399754
1.51820426224368
4.15834688084971
12.9140264949783
2.48933339608604
8.58584370148448
5.21099232570177
174.96020549313
11.3202069955183
7.07114097127976
3.34987627626375
3.97450556160571
2.43770064204276
1.50375582039218
114.506930802296
4.63451115552044
9.03861012590135
2.49996854642841
15.7985747667345
5.41554109338811
5.19979221763347
2.76054671552514
6.17381019759175
6.74215003968303
8.60675946746715
2.33646234312482
3.62159053661575
17.6702743400297
7.54522554099954
2.10644835108632
1.80482006518227
0.892526126937869
2.27077193417169
2.18528412705433
4.00130796581791
52.83137927098
5.14085526515839
5.02706213312752
2.52076445848065
676.24957931907
1.8364628971443
5.22204002030796
3.58896835251028
3.60635391813988
13.9056434044456
6.21272122009785
5.25107746339092
0.876560256205102
5.63232491341024
2528.86634197685
3.69820223874165
1.82919039778004
6.84031315156253
1.99638641254244
5.86736748849874
10.981392636831
20.6309242623945
29.6412566650026
4.52998093731544
39.0241378711339
9.84417474874289
56.532275276093
8.73648232941421
80.8458021225358
4.29795494625527
29.6140758929764
1.67972842496657
1728.33519734461
1.6455898224195
1.84017342409539
1.92009289870624
15.5512365986279
11.8053972629886
1.99808108857933
189.021311638907
10.4959017990012
4.32719000472443
1.4043218695769
11.6875376304734
8.34175676300056
80.2340428212161
2.39181131343114
4.19250471707082
9.51727738632097
4.3301464305036
10.0046106493604
15.3429345286177
5.53817938061103
6.27722657176112
4.21442339853871
6.5252187923723
1.10498738882285
2.98105522363034
8.41123768368847
2.29376371276398
2.07166781714243
4.15224500062762
2.3180456279758
11.8366433452295
2.70455221395052
18.6254071175451
1.12516150913586
4.6500788586952
10.7810601600127
7.88132357708775
4.17435854639265
2.17148300204028
2.54482024571207
8.01611630222391
63.014774358514
30.1140710477801
36.8055384039902
18.015835602838
105.284956558978
9.677891902416
3.53867781955644
1.96571122665692
1336.99616510345
2.7517578071264
9.10719907063946
8.2948159592795
4.80608550243876
7.8497476892519
2.28982223070416
13.424759909704
40.2574407510241
55.453091317928
47.7904223631372
64.1844382396989
1.51014221562552
203.32250908582
4.47366249027013
0.796024950516508
17.3700765277337
101.46790151178
41.8363595563438
26.8430473170203
42.1209648103437
2.67509347407624
4.32497070472979
3.00906350297419
3.80725426727918
1.24182725250676
5.87033396805826
2.07563936979576
4.00414599683848
3.53118707796301
4.02469886444125
4.74048203893079
105.80801575206
3.42425584144994
5.86528486142994
15.7363285731646
1.94823187556703
31.7475935307039
3.27567266942968
8.03764958213478
36.8359100242775
2.95101316260044
4.82365594646212
4.32760791819112
3.99039771218434
2.62435406418409
1.82420159729582
8.2772950721675
9.75889577479429
5.71436804954344
11.1047242076395
12.3779066271748
3.15472580657888
5.97043201547226
14.9441662638219
8.72015544702426
3.81486205270505
11.2418799495937
653.024062717789
3.66125944608351
16.6057637178009
7.37974726946312
1.13833309808071
1.13783761307402
1.56067077467321
9.9707714451304
3.04870874125127
218.934461067142
4.82660457917362
2.6306796938076
9.12885742965189
34.419590214228
13.9344693452183
34.8554211730764
164.012442341336
1.72993258162018
1.65072395329026
36.8005976354107
10.3274532916092
2.85455368038916
18.0910191904561
33.6907764196675
3.18754001232571
2.8580488628702
29.4905749889737
10.9017877775334
8.80445201407743
4.94011338697556
30.6494823728154
144.325832522057
7.79918139767716
8.17192808455903
18.0997012932771
12.2433970796249
3.62279746843451
5.26815949003539
111.635978216968
3.53678471108764
4.02364088431313
3.86729115299301
7.24613144710215
4.90258947990079
7.47126833760444
1.24084098431988
4.67745859162047
2.69250750082794
2.94392047576548
17.4873880854132
71.9471821210398
3376.71759756612
2.71010768528854
1.89885155140163
2.11714850905545
4.09948372934341
9.88386848582056
2.98294493634415
7.73862773818733
12.0779548656637
1.64054119993103
12.9812189503771
19.7567896920968
2.04908146264058
4.08557605149329
1.89906192861462
15.3051802077574
2.79654702070254
4.10270892576266
32.9503129840104
3.26745117040856
2.51658278282407
11.2678002061137
1.58892091048987
14.9728841951413
28.5858874329976
2.91880946355593
21.0160056812056
2.97741731826194
16.7975792216181
153.033990789947
10.1418657863761
8.02556611084818
1.17773901293193
29.7721159127308
1.45608404585914
5.00089102493217
8.37063162541877
4.29793350336747
2.77585320659552
3.83797699313498
1.28398638905
1.87976521179479
20.9407302529848
6.66550843288885
9.86649026497454
1.48771933624121
1.57754665812205
28.9085053591294
5.41190367818324
6.65368882981254
24.848570790187
3.38102975386229
2.62773108723072
11.0726857878997
7.67016968324267
1.51921462526236
19.966093773372
18.3937974905
4.26261712699221
2.75739555111522
2.9574971129612
26.5209901073327
2.5321731589096
2.36358507293165
62.7607827901434
5115.67421720885
7.66639014754153
105.087610500981
1.14569371156951
5.7268028575551
5.68889404534835
21.3893679529549
5.79689510638645
75.9712083411997
2.88836921249115
6.82916354561083
7.36749663542492
532.12722243729
16.0781531137458
10.501213709733
6.00450166440267
5.93637450861972
2.62126572570901
51.3971033497193
44.145705258348
10.9322784072029
3.519380162887
85.6757695704963
7.01607133792862
1.49592887689901
2.08485359747275
1.74522078786753
121.236035144049
7.00312799477977
3.01738198572511
14.5330425673371
4.62760839179534
8.05658867510246
4.9024457122582
3.69960542051869
3.65214312256553
9.45440708211165
3.39950917494945
5.12207794686049
0.901161269272982
10.6949642719887
3.0249416533471
3.79467183188213
15.1604538793931
1.77050711541398
79.3697039699887
1.61950688673627
4.8805735427825
9.04830025452265
8.14566793693829
1.4094199632589
4.02854206784882
3.22164116131003
51.9928844413843
11.4822958220556
5.12445228968931
41.9136486026526
1.75505350528648
57.9292240060694
2.42582378852296
1.48190101952914
132.511937160096
2.9491083205126
19.9824889072476
70.8886202153465
12.3425511529634
10.0793067549507
2.654227610639
2.13952267302269
13.3629003804455
4.70663462774526
36.1726126912216
1.58834589414102
19.9506232241213
13.3133625928343
1.324158015164
19.1862183253476
6.49967011989641
6.13393037860548
2.88033920353
17.8257629679114
0.947690087897119
1.33713713890802
25.3820829840385
496.652321070718
0.603814205751069
13.1143933702603
2.05984166463851
2.16376190093179
3.29512116477621
1.87389553136872
4.66551601723341
65.0484161938536
10.3907298489194
3.05547329777958
18.2475799306042
2.62114857437393
4.49595277691821
9.77564789222588
2.7363965251823
1.73374303303758
60.8664884590922
1.347535709458
6.91363791688691
12.0009256999509
2.47698783062598
6.91833612522093
11.6630339584781
9.16799531645018
2.0984440250809
6.7583269354771
85.97238838241
4.39228250509401
4.2027131552418
4.30447013628307
2.80709709260814
3.60775331270502
1.61891593210511
2.12928071760481
3.46433985028413
1.72153832669035
2.98431199644638
21.1839198107594
3.33774085055612
6.77632108287484
7.76468151672921
2.87231605266914
11.7332337371021
4.04779536943807
28.388117686531
10.7852384462367
9.25608986429273
5.8659879328397
20.8855030051174
9.96968166324714
10.0961016088948
3.28243286501947
2.1278767692305
3.86307467328449
4.9702336588684
15.7144715109162
2.33971588654999
44.0324847690271
53.26044546106
4.81510104665828
2.66906664095022
1.26901457385879
6.3584156447344
3.88904171157824
1.87552782681084
3.28721960966815
3.76324754039255
23.7524952776433
69.6528793230221
21.3147691626849
13.7992825894679
64.090027747925
59.1855157685913
24.2842245725951
1.08361438198371
2.19170652487874
1.54205899810736
49.3919841832298
80.7110355568173
4.22998520033271
11.1960563116418
1.89540036465868
4.9497004826831
22.9888186285133
12.7295223566671
11.1650420190237
11.4890400901345
3.06728031998961
4.33196018152726
2.33870362176353
3.34341270255864
1.37125066537641
9.22986582498102
9.00797389187283
32.7582972654004
1.96315524290748
1.74814494788226
4.05027697581812
4.57387331093218
6.10959286159955
2.74497626998682
16.7042232599959
6.04251127055588
2.39105605614718
2.64616948297196
24.2801555729952
3.91569177228543
76.2029682029315
4.31429138346448
11.3099593548172
1.72484580487573
86.8224139317957
12.8364547724315
2.5902694012865
11.710592569508
5.19606927258128
2.98498945185907
1.08161390116819
2.66281959230006
10.7574811072219
85.5912079734772
12.2454077638766
9.63131409366842
9.57979074746333
13.220452048066
3.80140661258258
3.66791917539893
6.153498482471
264.58179207641
4.77387148866638
2.64437655715524
22.0046802699339
2.10571969997927
3.58078333470272
53.88515994009
27.6477642798522
27.6830155660664
5.86950636551659
4.56924687201119
8.53143133989589
35.3159393892968
11.4190179029502
247.922732781678
6.53019824686981
50.716590472483
2.05346582307312
6.54341858601268
80.0580876235184
12.9354216554179
4.78663810292337
16.7131381771485
5.43824846210862
3.62522047079977
8.98448344211547
13.6659683976423
5.33521909978117
18.51961709179
4.15049439290573
30.4825675095756
187.953283520968
1.31835242264369
1.82006484393884
4.85656133076664
8.99386538906262
1.98341821792556
9.41336212817455
3.53454482735926
3.83032604188963
4.30305385171815
3.01088584096157
13.1481888092604
6.43602962764056
2.6624251328096
1464.16544805626
3.78774065886155
2.86170993523402
3.07807839326951
8.09999270034881
17.6534685177697
5.33802209241495
5.88852857259258
1.84958498668868
41.013522090143
50.3665192248295
39.1862764163017
28.0256918240319
3.76002137166156
4.07141348200043
2.92049390612932
2.58123297299227
6.17058930839649
2218.22168324394
3.73596080804515
2.42239703834979
3.95176235820686
5.33152600029792
50.6835831291324
1.87859899072868
1.91802188101933
4.07157963309831
1.48379662228497
1.35818473880139
65.5491899102463
89024.2321587908
21.7260980387694
2.2564915826533
7.6314910091541
8.05453055567114
19.5394290087976
1.3777603496636
2.3760475268549
34.5835481070829
2.54663719649323
1.4402844507805
1.91243897610517
7.69213625585361
5.75926920230722
5.17785609410982
46.026838549938
3.15431759446122
4.79883011136014
1.40102320383281
9.59224118013462
2.32150649591242
1.26830790286857
5.46766073088629
4.49670689090213
1063.05874989037
1.71197028943189
15.091526868888
3.16459520980792
6.66816543363459
3.73937622204028
5.55366820800375
2.23449548741444
190.318567793942
6.64794282960558
2.12189946699351
15.6460646464185
254.935490470213
35.6618682221817
68.3311182235159
33.6352456237679
7.44864363290071
2.28196429760197
6.45637337841815
7.7159535281364
2.21460387003503
1.23575043083972
22.639160329459
1.58519759045193
102.037919033613
765.321424678498
1.10423430345717
3.52718479404208
5.58476102648912
2.31468416257206
4.17524433702438
87.9101236319068
6.6678005332146
3.59773918941458
7.24207598316239
130.95202201595
790.335079661335
3.67485385919253
7.19020779633078
5.28727621918812
8.41933024906362
3.54193993069584
26.6502707197843
53.5756825966186
6.56543128503185
2.90329545466188
22.0415032006461
8.86459763473425
1.12398340174126
1.40872588094676
6.6427054273308
2.41685433532615
1.94829770280019
7.53277889113871
155.454721097866
1672.23178803428
3.38031046722357
6.59786385513684
4.39258350210288
6.63669955926067
2.14602768376668
13.5083717978244
5.04914549013599
7.67815648387217
3.42274625464765
6.52770313754586
2.72113109220434
5.57488822168665
1.82500611822637
16.3517901009592
4.26479669805919
7.69913813190751
8.82806193783139
1.90664034885392
4.88468532735774
12.6144240071357
316.21504154577
1.21867762155204
2.30280827736488
2.85109130121492
48.178084895453
3.04604132923191
1.55822472624759
1.65350090751653
15.5084783389735
8.87881114077001
2.786242304427
50.3792127046182
6.4933073792897
15.3145128146134
5.22075681695876
117.199489086335
4.40413734893521
2.22788214396998
24.6394179517675
316.336364663148
7.96717012024048
9.87180385354887
4.67811427687126
2.97921977982034
2.41762763061781
4.31325836217764
4.75615370698671
4.58460879919005
18.6276887427836
2.81169997068122
25.4761742160851
9.96093708601472
4.08167870822427
9.86961251588525
91.3538395562844
12.6321397059781
4.60044338900838
380.698303092521
106.538229953031
3.4060204282988
10.7826271118654
4.65493223715961
9.80166245044097
3.06706374290257
7.29211853882827
129.290514856196
1.15825037409733
15.7081025930678
3.86641741215215
1.50108308728775
2.64739027340411
1.8968528241191
9.54114612245512
2.77530199650648
3.08134940386465
77.5321564845519
3.67540388796999
1.99607422396455
28.7532920983698
6.68524487527595
1.41895253646815
48.9191724181983
2.01047831080073
2.57389611011732
6.75269995901203
804.593286532545
44.4298716307025
255.935021449884
3.67561260441564
3.71157660982769
3.1760742273937
5.9838278528162
14.8232594593749
38.816954392618
6.97333038061682
40.2230921838455
114.883875376769
1.86983642500311
2.68136039248209
30.5000697081485
7.65425188713154
2.3505071548516
2.00449184715056
2.46676777268828
8.5535149068839
1.53136404746919
5.88283258540477
3.7317711642144
5.70082782697009
8.91739138242105
1.77604603276985
5.25979846689035
1.20513582668635
6.36418780592138
1.62394535031561
8.94597566889947
22.0759418206129
22.7147861102686
25.7525361918149
2.09319554366267
1.80524222028023
5.62763309264318
2.85125804856141
6.76795337559614
8.16616552940246
4.39064388611932
3.20858920705211
18.7700117530636
14.6833231508522
2.8093370653684
2.35681566128908
51.3327527532793
10.1417146720291
5.38607497337434
38.8822253756072
60.6307716189268
44464.9329342326
7.86296743140203
11.2514330378454
9.01675923742158
7.01475691034711
7.21553101493817
4.99684304238855
13.6989867781753
3.67620876733089
3.17906834135895
8.32218846813245
331.124895111665
5.05128496599431
2.08217385789335
11.8749115500736
3.62115702038123
1.40405519304308
3.18479366029868
138.967439255423
1.72792651221818
2.70509729827202
8.49078409701717
2.92773949166596
21.5338968158496
19.898942181371
4.14548735335507
1.84540569802932
165.316556970032
2.8132211005152
2.56452904355489
3.05109442612925
27.1948760264509
191.452746662483
5.36910019900954
1.85701623439082
1.08296107987233
5.5869447828612
15.5052777710399
1.84983375121728
2.85773433027194
7.13674683680441
31.9264835694522
6.51408022574027
81.8650530650075
38.5074659541818
7.23516282395856
59.7736901812914
18.9688104640011
1.40221503233491
32.1186931340555
4.63994986345175
3.55420840697498
81.5779723755725
10878.0345552619
38.2893446586333
11.1244398553534
2.62635253010334
12.8950603352528
3.45019332483141
1.91380458211153
8.77306624774272
4.09773202196764
59.3409486537038
10.4788352966461
3.31256905505101
6.06659734772323
3.69913269806234
121.983570011097
4.15039028866259
42.2163956773995
1.87144507121517
12.8675841197927
6.10321964622901
14.792457742308
5.67613119852365
3.48420875806741
7.16926079769214
9.29589111906278
1.92479897432613
3.63746996015286
95.059002606917
372.601067727169
25.0869997332251
3.62830113321735
0.883901091378799
5.55116636199481
2.51134640692095
22.3429212115214
3.74744229997865
7.05292501213602
12.354672982429
2.0309254308163
17.3794047167416
6.06342031588123
5.31491638910586
2.33730560573784
8.03945621084493
5.75006940554434
10.1928127379588
3.53210924901056
1.706459258137
4.46394217855724
3.65100143222518
414.771660716734
5.86860707411587
2.32559066629684
1036.74990377961
4.61873095441694
1.70587058305535
2.33828133465132
3.66894528228747
25.7265915372392
14.7720463409636
18.4640413447538
19.4414848838043
7.94964465296526
3.4293905811874
4.29061509574873
1.76048113791972
5.61152851335911
4.09722161741283
7.20152983405549
68.2535295437051
24.6795377059123
2.53391444501551
62.155902349129
1.88669807304846
2.08702117386733
2.26988115001707
2.74908383050927
3.7203467532927
22.7536482660071
1.69347929646019
23.6610681197322
8.32661095787551
5.81403550209677
65.1326602184479
113.088975729263
5.82589972577324
4.85209227205744
14.3354731470291
27.9810036956044
5.89970599606131
3.45502941876195
7.51561479796919
8.55194451696407
2.38279988246732
1.49685859350379
28.2395645581416
5.22376427686671
2.15645408415763
1.58681867051104
123.007408713325
3.2312316132249
3.44473144891444
3.09353246579759
6.77809579090402
2.81983391679219
3.03251487969668
1.39997637587075
24.3197746953898
3.08252647313493
8.87908526760661
10.3268886889887
9.42174393106147
20.0425199894322
46.3144582234943
348.82074833192
11.1757732282717
11.8767859318166
61.8963506978847
0.961940902646637
27.0123471896406
52.8608653252902
2.32242645546465
5.64737794631362
11.7993222439935
4.22117724712145
81.8169269884708
9.24170447317363
5.4664478486487
8.01737256440816
1.50628675456241
35.8908334578129
1.85741962440551
1.23058970215932
1.68249862879548
1.34499823003254
11.2656562226574
2.28953915963858
1.2303921564731
12058.7604104432
3.8587987611542
2.83015752908073
5.01197446832882
4.96634616468815
3.96746697799144
1.13729561448417
2.08079842044741
2.47352475745612
1.95421853629182
1.64362713482821
2.32925724114633
17.3296319379652
5.36206022513879
16.6982734053382
4.50987629362134
9.38978269887146
6.7410903640139
2.77523128645367
1.49470545129902
4.94460792319296
2.95387031742238
0.971388076320002
37.3030866611009
2.97293497720243
3.64484739592705
1.04246487826187
1.16634226715138
1.46017259307734
2.32423570958609
10.6331731851144
13.4518194113518
17.8553431498318
41.5975597818758
4.24715501042872
9.85156285533701
6.83300426677691
26.6737278754797
52.1891000834842
57.0322757559352
6.49197615733926
4.2061607433926
11.6121150762071
2.18031226554601
1.7432634230464
10.8862677800212
137.231003394752
4.21684098454801
4.34377209163603
9.14834267950889
6.69864105381502
3.27567157515546
1.38242033121584
1.38786213009543
103.413423958371
38.5000885164188
1.82624727585971
35.3316339908777
10.9472566495316
11.1377258938213
13.0010817229328
4.4805936885614
1.70983841574754
38.4041637883298
23.6372214406051
10.5955087600243
4.94885376580456
6.87649170425988
3.52813220028981
239.007967983486
14.4223432959032
300.894924122641
5.37434674152175
46.6504468093177
319.012526514062
16.2036562771365
1.59984612682897
44.4334557797369
2.34739158174212
3.81347811542522
716.972785313313
2.96116951966595
2.83386441812811
5.56419836052167
11.1378345043471
2.23444318675433
6.35480000066559
3.39375601618122
3.52838795150973
4.06063422055951
1.8338315354605
9.30336172649021
3.62060440187699
6.89580335251665
1.64435256268174
5.58480688734148
4.92563605997967
532.531969209506
5.6860538686869
40.278710676595
2.64083846959681
4.17896673106785
8.85674267991434
12.9479949008863
115.44427846553
2.13901593170039
2.66317694675405
1.83841383436463
0.905693776268923
2.62016385680782
41.3830608352859
2.1498013211584
10.6591383662839
2.27450404209155
10.7352970715782
5.19675302436551
3.44520809672807
5.76475467092797
5.58301293226708
3.92186655807407
23.7849247528193
4.7994153936662
10.4526897832526
25.4607380670073
14.4448368173737
8.42653095979213
5.35818029867813
4551.12489624643
1.02486583308881
12.2479796313859
3.15069989505076
6.75662159191625
5.08873418544517
5.23690430118845
13.4540496499189
3.35992663691024
3.18414866293817
13.5639049097944
13.6530638086582
1.70473269109403
254.292513506658
4.67063738968857
38.8029362333112
7.95938342656856
3.21687684286827
1.81042375007493
25.1026558137022
3.4860846560342
168.633324422905
11.7248401981433
6.3540697695924
32.2704354134349
44.5661913636964
2.92719737965159
34.339086646146
1.22165367144889
3.03679685669922
7.15617813252424
55224.6247960012
1.49024025493602
5.62072725913206
5.19363546143567
4.91716562307972
2.66777829013819
114.082646513141
27.1996364102696
5.04330983995587
4.94611932565468
1.12507259999763
32.9457078558385
11.4563434447283
5.04257713252416
0.930925191016425
4.92566944789251
15.3506317579302
208.919436672243
4.91958134748066
6.20789540620674
203.869211481346
1.13820958240415
16.259953503339
11.0542081996225
4.7363691725481
2.73359166574646
138.49890790457
3.61583664877658
1.6658397325333
9.38761615744558
4.58167039530299
7.69227733017043
1.40283005521469
66.1978269188871
5.39600859737338
6.63404982443868
9.37950323556866
27.4652861257752
2.69996789466364
2.68871667032258
3.07893972769061
63.0807013469707
5.94937429685766
4.40963372821436
3.030518512193
7.62563751236343
136.653834227244
1.80061927808234
27.0390999559895
3.58988578047668
20.1902222204854
12.8810512855095
2.54304104344945
22.1044197549854
12.917791539003
4.08536234637998
4.54503535619522
3.75563005238102
5.02371242199247
2.63447652488452
3.7456514485319
1611.92097472257
26.5750340136087
4.53808419051798
13.0968177213779
0.79159860543939
1.05565608775145
11.7128570884931
12.1033665207711
0.931025941179349
4.12737991219127
2.41728026140373
1.37774433252108
108.545630283142
3.09044362678046
12.9547400815602
1.24671628247866
5.05582715279604
2.63016923977066
0.755707306385092
2.12995514738237
5.58501679107045
17.3277892034304
10.7025373828156
179.726027435861
2.00391762049888
2.85082315067491
44.3704095288291
2.17739985507515
5.04802243623943
14.3316508823605
59.9599060183713
7.45477668801122
94.2804247160075
11.97490136242
36.2170697650474
1.00918553099467
18.6574199945969
28.3404045755987
4.21939799438911
5.14540807177028
7.74078362026673
4.06699266766876
10.4341570466473
100.915028230232
2.54292306270651
5.69241259686524
2.099133841911
3.45031004585737
12.2950559512003
3.59026519256934
8.64779222403431
1.51320170085151
1.97435614199916
9.41467126608202
0.979171342604658
45.0341795746066
2.25060510710019
2.71507660660113
5.8432901113315
16.1309997742652
2.23384743981703
8.29608549865386
12.2277215764216
26.72409247498
7.67346035381349
10.2149531226529
2.36864321003986
17.6077740483811
1.62725610407683
6.48892388999527
1.42185165685822
8.75589472794885
4436.44867329612
3.86416906135967
36.6418769683319
4.17608858343196
3.47038146201819
17.1800519879902
4.45273557696006
7.97026579785802
1.57491268641242
6.11089393951153
5.11154205144616
3.10319994680939
2.49534766598467
5.82748214896092
11.0283213383709
1.44305112010585
3.13561843947129
10.7629329147318
11.7123528462338
2.86573723315925
2.2940155804406
0.743418368727277
9.25544404812957
2.66477778340725
175.576796338975
1.95557324035317
107.637782187724
28.6376303536655
4.15480002759194
126.625111204327
1.58878798327922
3.05631837701972
32.3528631538147
26.4850949135688
14.7711540229756
3.23522380250842
13.8537743528749
2.73642789223984
1.33822373314339
0.765857437045334
12.3471055589906
11.2991769258736
4.45431459374418
2.27027200619798
15.3522009552878
1.72797570906658
9.76559575431059
8.28126391244444
2.51473541481534
5.41463414749913
53.5130945014683
1.32706746392721
1.47646943535352
84.508443904912
3.6502594368242
4.05112259303708
3.37581150583085
38.3833242470419
5.43581862892732
57.50231194694
78.7795303529895
11.1261572301688
1284.45115151069
4.54369274728104
13.9250616750948
5.7525630306622
1.65574996931708
10.1563406563962
5.02706969173781
7.84781992265594
5.5097008162193
2.21500815148242
16.99594048732
1.69903728704319
14.9036739226218
4.2482686614135
11.9917129104083
66.9847965115596
3.53521266704749
1.15096948543802
5.12433581138062
13.9609176598462
1.41343208525151
314.572687440501
7.54642820850021
1.94811396422015
13.9026337884721
47.8963008329357
102.86337700973
24.1040774246402
19.4920537274709
3.9001966905375
1.54246796969694
2.98283834547135
119.766021265089
4.52250446467395
3.26706260852058
253.055183994372
3.16882425823321
5.66604156030374
3.32033485274668
3.93623522231051
10.669885959215
2.71200036829611
6.51366507873114
12.3910984262788
5.60804812026359
6.38279263780314
48.8126749617036
17.8004471729848
2.07011133242094
1668.67445933213
2.32033342793283
2.33487535430546
3.24152259998471
10.3324468331997
5.23934537487225
8.62763256894619
8.74246493248248
3.51961973343251
2.83300204627347
6.65628027786315
5.64725320170705
0.974936254147649
1.64206556228073
1.8865373047268
5.72618669278854
698.775414199184
2.22130052716302
5.3240782905421
3.69121306948087
10.1288083659018
0.926833154793947
9.99234535376477
11.1015135318159
8.38217629242352
4156.37729159958
5.47798377798877
145.198929935818
5.72336168490988
6.07272895651782
1.13687705123133
18.3337231913517
2.48133724352957
2.37545198630339
2.22615086656548
56.1809359285968
1.98657986630977
14.263993870736
7.38232169926473
2.45131951881562
97.7513958919777
21.3040845861116
15.5150881157701
10.3706374391334
1.10673742642263
3.39927964125733
37.6836939265557
4.4850194124305
9.44705049626085
443.58532009402
45.8179452077129
164.505941302761
2.55325250387299
1.09805685293114
6.5247518217726
1.34217530352165
79.1386874415877
2.57271865574726
57.1033150720198
4.6525280717607
32.8016377272054
2.08127996163881
133.679670958502
2.29204389041659
238.748261015614
90.9170206758558
49.2936446918743
2.94997712875803
4.92768264611836
21.1000322394649
43.1843201222162
3.47650611896949
4.38365373875511
6.18914852997144
52.6837375213256
2.52832379461185
4.43759968499681
88.8931948779673
3.2663951030814
56.1989924498819
1.87320393598745
6.58262787802059
1.60168351803422
10.1833531496415
3.30432379111416
1.61696110174853
4.23194138309692
4.42049856871082
9.94636504569664
4.22506562214174
2.34773183687702
8.78887370252107
29.6618934639011
7.03531475341231
1.90712361361959
1.48376211801465
1.26157690547747
8.6227769413188
1.09600572737544
1.65506375460269
0.840757581664918
10.8869158049275
9.99522731940842
13.3594803539825
10.391064751167
11.0673874707541
71.5834727496241
2.76289967762104
1.73932198675787
2.59620800755942
1.32224568440911
2.09882367576616
1.34633792693064
4.30417753079417
4.78154911611769
10.9870979370478
4.14802659627396
3.3762102073718
10.2580311153987
258.475310033387
3.18712743598596
6.50391740801158
1.68959339594178
14.6170735401796
24.1184617133895
3.02916333327755
8.94308236264826
2.41584343875193
1.26100963036574
15.2688020632893
6.91505850184691
2.71939565116588
23.9237688223445
2.35008756607577
11.6374933693317
1.58977022481347
1.94077880723028
3.47875712931878
2.94873005352537
7.36092078750875
7.65772832305421
4.51011713550441
12.9105511726939
19.1724716564271
2.6420618279607
12.0465526790475
161.872011370894
153.141701161334
4.48082624510804
5.76682716600556
8.43069932469616
20.5387356840793
30.1682890996258
0.815880982431909
2.30666564778618
1.04072722449798
5.23700069013478
4.88759531649013
3.49059925330387
3.68832996821389
18.3045572761675
12.9731597235791
5.98372194435139
121.072150080599
2.40420713524174
5.50516319512393
5.30898430182558
14.6038562637456
2.27850847596469
8.05576028212363
16.8158669668936
74.2348419386925
7.43769067879532
27.5261449730184
39.1857029127978
4.26615614798189
82.8777040667559
2.90983844328933
8.73716592278332
1.22732340121355
2.34225987106184
1.8858034658488
36.5707770674253
4.50776805214022
59.293307113622
8.75264735387547
1.4324219623874
116.668666445797
1.51565572947147
5.74433918933752
1.86771979640665
6.69211675064186
4.32776913154126
2.74019292531162
8.20230532414847
11.7773747732138
1.90705311413742
30.2939880419315
1.99417225421234
43.5588864859293
2.31939004584327
9.43047136869838
2.75822977623381
38.8598449149727
5.75290559023492
8.02547267744399
15.6281013547778
17.0875898456405
6.05619237299882
3.88413842211421
13.6825600640881
27.0315616005249
1.98199788176264
33.2155697655793
4.15892563792372
1.56738856291669
33.023884777887
5.71164182248053
7.96682412418365
10.6441321955753
10.2122328472622
1.09291859429534
3.72655670904148
3.32828903054487
42.0715017318938
53.2483297558581
7.21711922700524
3.10857398275899
1.88593915344914
16.7202723016285
12.7705538516974
1.51463850209209
1.50408000857152
1.85139851571942
5.3238866443164
218.796926106429
8.13106383268744
4.68819789013953
15.1514635675474
10.6056084649682
14.7926156782261
9.92214810969246
11.4711258258907
10.4526933149236
1.13278927572449
7.50589517820781
37.1448774961004
12.3903477055815
49.7265422113724
14.5247059125173
4.38446795944478
120.690070293233
9.70550644324324
1.00683744452954
2.49499259083383
3639.52279126918
1.97055372157851
1.30400356283817
4.48216212992271
0.615608235175891
3.77022522683987
2.75034275780498
2.29403985347658
1.44474611205459
1.47359638248019
3.61772548390028
1.7923084436445
13.7762369685582
1.81700439830342
4.11994119180144
2.94900642146944
7.30961732046624
2.18355408985558
2.56670240543829
5.15603284279446
10.8665938749911
12.1025782765496
5.51678551930848
8.21153043873156
1.86649156130935
5.66618063184404
22.7110110481736
6.12332274610311
4.63512419033266
5.97520187073707
6.30719391650002
7.08381641528652
9.02927823013156
4.80153874382089
7.38759393629424
79.2545084110834
2.00068798209514
9.77627095422997
1.99184313375156
395.632501202739
8.28391148488032
6.83717510263763
15.4364514468746
4.31934278432205
10.0784757189516
24.8770912992353
107.872416536624
2.47039119368574
1.36931860086301
3.42473736030254
1.43343011869927
3.53014464088563
12.1774591532354
11.9352349713433
2.0675920679577
12.7890769446745
8.96347373931963
691.807229161109
81.4608727563158
9.89051048707381
29.4817283013568
2.28643256324202
8.83347817724593
3.10171929671221
24.0841736017067
117.354772382169
4.08524345757337
113.295969565294
1.90067861509806
4.09930609216683
16.0527242680879
6.92655198591389
2.03813799811058
1.39296283604422
1.2151793658165
48.1656307121284
6.99825165812108
19.8834911235486
3.36746811808923
3.99086222502752
2.90907202571865
4.3847752588921
5.22311324782175
19.2136338395607
8.79569413939907
2647.26970087753
10.2994604560364
8.99870697908784
10.3105771040429
17.7462694646914
18.3467734851372
305.547724296827
4.33203961329995
10.9142973169572
11.4150040549024
1.39948193353495
1.8470065724433
4.12860973256277
1.36479663305199
8.10192132735114
6.17142335431596
21.1083535536086
6.19698572132873
16.8132950843321
18.6396715156737
2.90110938157121
55.4291006426881
7.73114996369557
4.25800870210222
4.19508459642624
38.7477756652458
18.5391027292366
141.083549187669
2.17603044853982
15.237283445895
2.88712922531129
1.67730410712284
3.06677980284572
18.2352251522774
4.18803008566161
12.3307416042607
1.55326620941063
1.37257765006434
9.6242005330671
2.74994098862945
3.07720383770991
13.13778785144
4.84209043564631
68.2215497734296
5.73875052721486
13.472782897792
2.86864056346919
2.34840628491357
1.74758511311664
2.4951839828283
32.166589530487
12.2471031733235
1.72919435744744
2.21934178997908
3.50959138506479
4.57447436703113
398.746432172224
4.15469206678319
12.4568943549421
9.95913048325272
36.661761439653
53.3539076426991
1.45455622872964
9.67953746735867
1.62335127294888
3.09041823181346
2.87780134581205
10.1246305831878
2.90692985756968
3.49575302972409
10.9125944026561
4.62947980077986
2.32153224084653
10.8099323266442
3.72472670917708
4.28450634352864
1.58839342491571
14.735279675359
2.92449870872149
2.19279881848307
2.85119970635244
1.18622975653785
24.5177720301492
3.5635833938886
2.01496602523155
1118.93920806175
18.0291900144676
3.95723023085311
1.44544962110136
1.13321303467848
6.01463698889943
14.3423568734813
48.4914643890787
5.76711075175495
2.71633950786917
2.20652889808626
8.07343921050381
3.12867377004436
191.07564037231
10.7205015273561
1.16233781307954
5.7965029583855
2.95884219863746
2910.25010353091
1.4344871160522
5.22514619121254
321.260785680001
3.62797901036305
37.4469066157118
1.76827070336683
0.97879197848992
74.2402616014319
8.14313343902448
53.4624815568382
11.1282095174639
2.7288857366435
38.4189107548777
1.45231857232202
3.065808914899
1.07092129077998
30.9656334415793
250.062598088576
1.92360985971578
3.50460508892688
2.27268631928132
2.52078594905548
5.95396137533743
1.02929158086237
1.7844722467564
4.01384432264163
4.90807479527429
7.02079144762089
2.12947616236948
2.50020517129091
23.8395450845719
9.11959609110708
6.48949384211177
1.37199514024591
4.68921158780113
1.98637505977365
15.3491594032472
2.59224196220544
3.64544791717428
23.0727363502546
8.28900538228654
3.24974369206588
1.19267350540601
7.54721501072669
8.39085916030087
13.6341852852217
6.44322741322204
8.27403470444043
6.76412119772059
1.61579372288961
4.19508904453014
18.1840422787609
108.893218749658
1.4771218527413
4.33930958587579
35.3166728511354
2.48751307730513
10.2573463475828
9.08923770684599
3.33878355491028
208.80096567979
24.3835602710797
2.44410747907809
1.80546817947695
283.955827271094
6.90647554037717
4.60170571614596
5.63709286871262
6.14554184791401
3.05831884432536
2.63896946516299
4.27437609062676
11.7400053569972
209.547205808886
1.57398180627716
3.9617158832013
1.22158278195137
10.6089853398145
7.61886811921075
4.05232187128011
31.079627299172
6.2929670598103
4.70667002883496
2.56615101689132
6.86875093481984
53.1527545340281
2.34032414879692
10.5850500103146
6.72690385828982
1.65324588065822
72.7874706136265
9.14136810578022
2.05791246858047
31.7985544078824
4.737135107215
1.64932726586706
5.95630352985965
13.3700093089695
4.78216802994499
2.79724543190919
8.08980288687489
212.410028981672
2.45082326304796
117.837620677036
2.2007604075477
19.6356705033663
8.81809490298614
9.01929979924002
1.47481876537638
2.55325184459742
17.8390832004813
2.72944143953472
24.3147824937199
4.01171018545224
1.88527322874235
45.8729429838814
1.11877905967383
1.30425099036758
4.19449876623479
7.59925779688529
1.10931728611824
1.83010922761833
2.23380888448609
8.6343453870722
2.27808728417035
1.27918823094259
263.649654055079
4.44595027360498
4.1034777368879
8.81608495822973
3.37542699894972
13.6141037319315
13.4531480505058
2.12365420149672
3.98151432276481
2.47729423385489
5.18267772013634
5.15216702432287
53.731202358714
1.25905119145548
3.3010662062292
25.1255847334199
7.35635083673861
2.19628572319356
17.8848191173411
1.7495237516783
3.06150572056723
