V1
2.60254696614837
3.0558483493032
4.63147658764846
1.50199917063036
129.070218979352
4.01688851615252
5.15842864928201
20.9933031668547
3.73550841687709
7.93388581705507
10.0009246506034
2.8725583837982
1.60743283977205
2.8631537397644
117.269437257686
9.80884167440858
19.5358154555634
1.81542833908917
4.28105117097504
106.48084788612
4.56537416189794
3.25621725508331
1.6173003747062
3.08052507876058
5.95833912880989
2.70927784504258
5.9756557553732
3.2143109810813
198.917649805997
10.0431158517278
4.80348425424034
3.8201692387542
2.70895458501887
2.86227371646631
1.01271981758222
78.5793805440286
5.0098996055025
6.91322699273498
1.62649803924539
12.8912608359266
4.18923511207675
3.38046167091302
2.4068064638499
5.11728121213383
5.68305746306703
9.32241204676518
1.36702162305278
2.02531257589364
16.0586404338667
6.51182371870993
2.16249810709624
1.44410093759552
1.01957134986313
2.28378162012839
1.73479935588066
1.98029569718376
74.6720930023201
5.96330876208481
3.37888868787681
2.29993971173003
708.161477792015
1.57466539512967
5.10564294185261
3.43765075066501
3.79285161893123
17.4522833753537
8.39380578762102
5.75103349065682
1.08580387745544
8.37846533148928
2097.29481511109
4.36262353669968
2.32653887053213
8.86300286345843
1.14827416047751
7.93731299762943
8.92390053536071
16.4908084297564
22.5691899532465
2.30923902815508
26.9439425596564
7.34098564285808
35.3553641089336
8.01053478077302
74.708701144954
4.8215443070087
41.5398784965229
1.28527543647111
1774.11211276872
1.13372723414054
1.55730972301633
1.69828988015128
10.7611901284274
9.98918694867108
2.16856081453778
166.013559486452
7.31183341258793
4.24525992901449
1.57205549955769
15.889504182988
6.47432403284685
64.3443929291036
1.65040348441127
2.78799427206783
6.99420938869945
3.59149184659119
9.71470095276979
13.5729468302699
4.77051430016945
3.68494653969343
5.91881965138399
3.03620105664805
1.02596896411322
3.75607756248549
7.59381123946934
1.95530693169844
2.61848862986441
3.40603916035605
3.10233197107964
13.3478715055692
1.61525548193457
11.6340885024398
0.919584218873984
3.17003908840286
6.86994033561571
7.60955610641888
4.13718755050562
1.46630305863514
2.15088192785379
7.64351852827161
59.0984766204798
15.5718048098284
33.3997680523947
16.8199792751492
80.7776507557323
7.71092164819363
3.77051195077939
1.69192239097811
1271.39587201703
2.27895567121582
5.25500877601376
4.00252202332152
3.14034743797877
7.29506288992102
1.8956446417006
11.7977370096185
25.5698351645554
59.5636762619112
41.5790067020457
69.1590452515071
1.22160429250412
176.475366682043
5.8525473015893
0.782304861627929
13.2643569886326
78.7952928424844
25.9743735076273
23.1937468165737
26.5451686812844
2.14486605689813
4.76028203012949
3.95533871849437
4.58667667821208
1.94967492745309
5.40461515217553
1.73994696330263
3.82555995621835
4.38420604935422
2.35809074453151
3.91719587083512
85.5024894461884
3.53527575499589
4.98766930684789
13.0011986779782
1.78852260996108
30.253768919286
2.63986006369302
6.24648916764357
26.8399146538757
2.29185362071683
4.48236252808528
2.44575758209367
2.83610859005832
3.05600906520909
1.59687073060199
6.08696032384711
9.74967184454695
5.12285720321673
8.26088810831043
10.597897200039
2.36328404544291
2.46359244453281
18.1471048349283
7.6485934492726
4.81622978397399
12.911443235481
556.486710044948
3.27082871173957
14.3575689192036
5.62670873904101
1.49944448515906
0.922412065299304
1.30485018102236
5.1657759103263
3.84053626343163
106.706651025537
4.07404592529217
1.85610802592883
7.46204379292153
25.7628969149291
8.20480057207013
41.7333131522701
118.01765308677
1.5741306939139
2.46779460078353
28.7478105469114
7.67618775254828
2.74864601743438
11.7343909630787
20.6560746731979
1.8192087686358
1.47655823353788
23.2985899790635
4.17574390146521
4.32195037370935
3.23915177638707
31.2617033212658
148.273090524936
7.21767305053987
6.34626487047124
15.6997459825688
13.6119643660055
4.2851113824675
4.73978709233568
53.6563335163995
2.20362797085407
3.23717556026116
3.36054683309136
4.24266218527631
3.62709559006734
8.60544851222719
1.0287112807043
2.37394822789439
1.80311007662866
1.93734421883096
10.0154400550229
44.2855736109269
3347.91868904815
2.12469750614457
1.36363902347598
1.91817105513543
5.73445976717139
5.69576619656867
3.42269935243996
6.50429714139708
8.05969054216263
2.14813222389729
12.8147743439448
25.4625651163014
1.66204003417224
2.51057961970703
2.10007119988558
10.6112809711992
2.97197842433793
5.49752071335774
32.4936646515291
3.83814993364735
2.29916183336419
9.46898831317479
1.1743105179043
10.5975209667975
18.5073405685809
1.68659090677146
19.6135334161843
3.20943623158001
16.4904925748212
139.367373361451
13.3829827847326
8.56204642613891
1.00236904674128
19.69696672969
2.06617801430999
4.43216673419864
9.87301852485391
3.81703184224179
2.29729678561205
4.01254974959772
1.63671666528276
1.26976930210172
10.743100884843
4.70046399574927
7.0576179492099
1.51538997749061
1.28932750065371
14.4247472686627
3.15104689382608
3.94905329715241
15.8254035347377
2.97656981678974
2.1314092678545
7.94896241692656
4.53250665125123
1.78676812412211
17.3135805547185
30.4998878503811
1.95362297833578
1.8085968685846
2.17968629721115
15.2730286594748
2.8711105069155
1.94546250451275
34.968720340757
2300.30858754038
10.1200290267189
64.0819847653038
1.2265372889766
5.45656786476733
4.463154954
21.0685721380929
7.03271304994764
61.1691721634998
1.95009466059587
11.0080055026463
4.93657517152135
497.2609587255
10.128598681046
6.37516029364497
7.35315078891589
4.32379774036326
2.34951431683872
39.1047679593069
45.128774207156
10.5529838079081
3.30953351609549
86.0181862026462
7.28177819702744
1.14697196892955
2.16099288667102
1.64003324779941
89.9146249631636
3.68914195393187
2.36394442719369
7.47725757612422
4.93402784293657
5.84436712391941
3.61307647229541
2.49896564525641
4.4708547964658
4.99768665439387
1.51848493625533
3.30497498147893
0.773402051662535
7.00977616703873
2.13349983808274
2.50434901664727
15.9913050791289
1.81852139945677
62.3473486168072
1.51558497915411
4.37605643305165
8.45997668806524
6.17449014703149
0.960880275217268
3.26490109585174
1.99969231022761
35.4324782148773
6.01852257762816
2.52816898502622
32.5383589547327
1.28925588891945
62.6768177882202
1.77923708875857
1.48898085399367
86.549347582381
2.32180502551822
12.4877380267037
68.2908351720672
9.82190355189031
7.70902967449218
3.66348679373233
1.40119105592303
8.48385307787134
3.20976330229897
30.5702718384189
2.22579538638307
17.5029775113293
16.8314918674717
1.85414135312632
23.0323152397118
6.8325756804154
3.49990949586281
1.59197531077042
18.6087479427782
0.906349257245248
1.09927108032306
13.6178502734204
505.033977125803
0.709624957980688
12.1741335996978
1.95574182190295
2.44653954435353
3.91963551178859
1.56086713794947
3.87570536353367
49.7625346474949
9.75224001204525
1.9978281156051
14.0850594770262
2.37764750079154
2.7731127458775
6.21451911542334
3.27319305200825
2.17031439423822
61.9976774732627
1.54226937619592
6.62887038154674
8.20810297980561
2.52115640642539
7.05129175337876
15.6945603231418
5.55668781678594
1.39024285669425
4.55523646649626
109.573701061048
3.08045755457251
3.73418471005615
4.37346032784802
1.82685063986915
4.0146974663609
1.1284483747514
1.99412015526221
4.11524733338962
1.90772703299849
3.3439169267326
22.4052106465541
1.55687644821184
8.81918136407995
7.67669429595133
3.07913600149168
12.9690669769027
2.62623142234468
18.6762844801575
5.65578454112494
8.33696575812511
4.84008704675867
15.2310951700092
8.69601956931485
8.98182994058199
2.39542861618042
2.06156758149066
1.81790770485525
3.80401263556438
14.0368623470349
2.406594140993
39.200647402798
23.3046300600472
3.72029791720228
2.44163632381284
1.08015288726835
4.42390392488705
3.29590538639935
0.943979564770406
2.82587216231314
2.50943704391176
11.247000705118
38.6526316572788
16.0318937934898
7.19345692746088
52.5937403047135
80.8690446431105
16.9320655463485
1.08371870594953
1.91610187747045
1.51580662446546
35.4240931701111
70.7901647463838
3.37534654398432
10.0412684952281
1.96364434141644
4.49747200623777
25.1455643735008
8.4761147977388
9.65358028077339
11.6771952186434
2.69633519752309
5.09862100250462
2.21131114885859
3.1885450393199
1.19241424114266
6.14380590714656
9.34468056099422
27.0690716867611
1.61421383881045
1.31595759384487
2.86792357287022
4.80431885539247
5.96794696250414
2.52688498578614
13.9543664737225
4.64148296259375
1.43284546844516
1.92130194275083
18.8488789173045
4.49207173490126
93.924203455399
5.24333938632386
9.3762107449216
1.41025197066931
91.0285847459392
14.6584114514666
2.5882216937206
10.3571614156416
4.0328184678853
2.58409090658379
1.04341257659172
2.44501385385269
8.62641291493913
47.7429461925433
11.3146926294146
6.01448523277304
6.0063464559873
8.49419476440409
3.27104364321148
3.27417445750873
3.48563185560665
159.449785770751
4.05606735758453
1.91535047609778
18.1168707207832
1.10426168721577
2.61671929486503
39.1501445900831
19.2755390786153
15.7838640485497
5.81457798508937
2.8792893081258
4.85637749344548
21.8003449469624
6.22510140249853
286.661145015286
5.53963018670752
47.0859664374033
1.97445366958202
6.11862315804799
56.9677766362211
6.0005356942776
5.21945381628049
13.237870268041
4.93477655229904
3.40095627917257
6.38529147352071
21.3624835831191
5.27117863177525
16.6246978365794
3.09594115531198
16.3043732578899
92.6037995424617
1.07221736168899
1.58235735702162
4.54510926565928
6.55333739217362
1.43902349658603
7.27762093072931
2.92618960043574
2.77398911621211
2.48700202640253
2.07937978974096
10.7521137028102
5.85745339775874
2.04527916677879
1223.08147915677
1.67949350191099
2.67048954058354
2.15152830125856
9.20522190199567
11.8609654772494
5.89573057601407
4.73365776928749
1.6842845377527
36.327813038323
20.0071752887891
19.5113253073012
15.9929183006001
4.70418096885483
3.86140781149413
1.63000435678399
2.40852211536935
4.57902634362378
2785.81682236372
3.1660325739231
2.70884009443259
3.62626548254009
5.3154501147257
34.8875780768219
2.19770185148715
1.70568538023784
3.23924784707615
1.08852362743659
1.15054406442311
61.0463732217319
99064.8319977532
22.2083463914041
1.64352696639659
5.68806374020811
8.75318504742953
15.3765724644251
1.40622678382203
2.6409364348849
26.2227974727999
3.4662843118674
1.26375718071461
2.0240990229623
7.56960640249011
4.91918736873117
4.6459056786723
39.6711732060262
1.80354379310244
4.64691236718671
1.35280304545752
8.13710992324923
2.02368584065226
1.55236634151362
4.30325765930211
4.35428341126455
1074.81349479037
1.66791785875089
5.5260575735494
2.51457011399724
5.50593077467844
2.78339611736554
2.81520928616915
1.0472487064529
115.303985046985
4.95662094692119
1.83088127597707
9.18881176369045
195.239861955669
17.9841403931093
48.5209881448656
42.3300546298725
4.60990113784465
1.68622326643699
5.35628196504278
9.73867000150412
2.033708829644
1.50375950622397
17.1221314342615
1.32107204911682
76.5117974642539
599.770284996449
0.934252168230174
3.15959146190551
2.75912667810107
2.84011376223691
4.1981295067512
55.7205081466842
5.0472656098684
3.44268323603692
4.59823202171407
112.639766753053
442.030352626384
5.05060690412733
6.14863771695327
5.60780108151495
5.81849284054122
4.20873643388604
31.2835971470358
44.1473690136642
5.89302642644055
3.53530575717158
17.8994074867208
7.57005694924254
1.40272870483293
1.14620341194177
7.0305449886988
2.00136136691419
1.06114800032958
3.37710966598852
57.537834134399
1079.43165945669
3.15490834477652
5.09933197375608
3.2810244999404
5.52764311959617
1.03342100351829
9.95805972730354
3.41617565543825
4.5666239135163
4.38503534032245
5.1520875578971
2.18457263977402
5.01436661229884
2.40590338740863
18.1329884260909
5.98935147931243
7.14606891453131
7.05432109484657
1.33484459976285
5.47492740402246
8.36443422141785
270.99210844666
1.08238933529031
1.28870205842779
3.75618331207893
69.8422838430319
3.25070923206003
1.06810432267754
1.28749307602594
18.9449334597159
11.0937768111207
3.09465465997836
42.4674079845113
3.98359280483023
7.63041254290997
2.31348095432875
84.7207159149192
2.49615511119225
1.55398535340589
12.8193812405914
122.789762149131
7.17842099674829
4.36528362187385
3.44474587502022
2.08083797581591
3.02258818723604
4.70291504878135
4.20023226533229
5.41682904855557
19.3250045131702
1.96038960401442
17.9560360038958
6.44472541707806
2.60810570957959
5.70448266297602
56.1242312255019
9.44216281805995
3.46193570192485
330.285586396787
84.7636078133845
2.49215525223965
7.95683014262846
2.97598219153802
10.2319290876847
2.14237097355312
7.18123484607368
88.3290519824335
1.42723393011942
14.3184319416993
2.31812140962794
1.13605792570182
2.12426798304046
2.23404752710223
5.17537867104285
2.08371129485627
2.91677309622869
52.5808359773217
3.32242355733619
1.51351858938548
25.7972050096742
5.56684702849446
1.42988133397242
26.9753227023432
1.1613041836428
2.75392680541654
6.20377571242796
710.784992961623
35.0153630722141
224.472180278074
3.39452063806396
2.86029861476293
2.04356479653507
2.82077129035446
9.42945895611342
19.6791873717121
6.10721595836089
43.4334174674361
86.47948228807
1.39677111768682
2.13217602833988
30.818628373995
5.44662114024346
1.65548160378127
0.773637568496373
0.91089792709892
7.18417396833049
0.947041562102702
4.74105504905564
1.97692190074046
3.34376386275763
3.37764615794095
0.880255449188911
3.63492458167301
0.613642349761262
2.60236299197626
1.10232053413024
5.90799448214195
15.1971604264248
16.128613203124
16.6526695419406
3.09849629017968
1.24404297940944
4.89984015153724
2.4789852739419
3.97359890922352
3.26979994122762
4.2229349105162
2.09290447196418
11.9973037853194
13.5253422783606
2.34218337975622
1.82134610979768
37.4878919395424
10.4824212309112
4.68949344912636
36.0922977245418
52.8657028622151
30136.5445781115
5.08845185540163
7.0234010213883
9.09268384780876
10.4584513064757
3.75131573877131
4.62995485467607
16.22883764018
3.00042821108023
2.41607897511891
9.19012137749068
270.48351504209
2.6175043668131
1.84613952149301
9.50347382885613
1.8529266608654
1.48047712679295
2.50623117849987
123.834704012701
1.87943663455278
1.13835888873689
4.82465432537046
1.37349176637187
15.8849852594611
11.4534689680922
3.06592601718779
1.55547215369413
130.850810963638
2.09818453204592
2.19327871980926
3.02209997858853
16.9585110637357
107.36533030113
6.14927040460629
2.36630045367713
0.8645935127171
3.92439241143204
12.9352257340004
2.42496318630314
1.59349133930816
6.95550849208791
17.6860483272285
3.6284427850327
89.448868245939
34.5074841522893
6.39538743572186
51.7935631560804
13.3520200437406
1.26104358169476
25.6778899582713
3.39418835526796
3.51595503712469
50.6968424693059
8114.85089068695
9.79916781651537
3.82451958787445
0.782788900864878
4.35754283692373
1.45276037940438
0.803094753297156
4.08470801556068
1.68748326903187
23.7004979444655
3.66716932885789
1.604709532735
4.06356825053442
2.42317192450098
81.2633240541769
6.72681262483073
49.0686268956927
2.09394352356713
19.3185133525098
6.8226019488464
16.01746362141
5.95022768816692
2.71354620328391
6.56606903811899
9.02395811125871
1.92393878942724
3.03150016508588
65.6957108013936
171.491085424046
16.2095836812947
3.34280328221283
1.01049455965154
3.78146181654244
1.32765789169737
16.5444529464626
2.11454573372259
5.52444086696279
8.22605399530199
1.7255579964663
20.8596192861603
4.2219399069558
3.268500266871
1.76209433299407
8.50469132351935
5.53837004663825
9.19121814433232
3.38539858544469
2.1030854662502
7.6685916339102
2.19596069009868
272.640677992044
5.15795416664332
2.5161660911327
530.127859766594
5.17126312313804
1.84336335663503
1.73768303702099
2.28106246192755
19.1304862441732
10.9134321444653
20.5705632085371
22.1251663045536
7.33058498479813
3.1542340977862
2.34691752741361
1.82685581106214
6.99999193286685
2.87704165604786
6.71538261231639
61.8172689452681
24.3328217569348
2.91886438113254
42.4035386061889
2.1559310110568
1.96915839693445
1.67960397014079
2.1835070546584
3.41134772537918
9.42587684568113
1.24341201002286
21.0778500970679
5.55266162409454
5.19558165698364
36.6830252903131
126.43834938928
6.39725567020064
4.34500856837011
14.0876442893642
25.5865366519118
4.12955483778244
1.67427741983935
5.70589622476706
8.3446620077858
1.80971750988447
0.608591962561779
10.0465327743737
5.47045414515263
1.99710837261065
1.69091199306976
76.8200862790657
2.29601646825095
2.33484037213054
2.51763432909641
5.17739972450918
2.63278063031288
2.20231799192018
1.52389781742664
16.1048610289079
1.84259119626511
7.07802297057384
6.29244064033957
9.37305142347338
9.5544071447563
24.085327303714
195.461706358961
6.75265037842575
9.66977624227023
61.2306306977109
1.00536643182588
22.5827775655477
47.8073001379925
2.01005858123015
5.20910421468591
8.13779656140115
3.55106022410429
82.8067610637065
11.0685595108006
5.66178769381944
6.26648125484184
1.44010681341467
24.7546750529841
1.35934679555497
1.0531599431461
1.20061073341907
1.33652645122571
9.30681701294561
2.43602392293267
1.40014839115479
6753.07807971605
4.36937124299558
2.32746220829126
4.92538509637424
3.07759713953598
2.50138965130994
0.644373879453182
1.50424280695454
2.51289899116832
1.41996038028054
1.73138034664162
2.18855632833472
22.5047316294534
6.35106362082029
8.93603472941018
3.84431080461008
7.57982779665316
6.75392364100719
2.52447061627942
1.00504310536387
3.89388298670819
3.44978543113128
1.08401918934151
30.1259977549508
2.98739606318456
3.89407697280624
1.06808073604018
1.2308390457898
0.870549148533213
1.90225263106422
10.7018724000956
6.26730706180979
10.5457123143936
22.6503508771383
1.93555282386883
7.65744677036485
6.59859186182904
29.9839390264477
60.2120387886232
51.989025846008
4.7302455504051
3.88912502705136
13.9171901662939
1.89956789761173
1.0351229299238
6.3031107607307
85.2569048850782
4.83482564247172
4.83583850180563
10.3331846371063
5.34809846773634
3.24134001278382
1.29831901048899
2.10874458995688
93.466535821578
37.1732911686334
1.76604164665358
25.9103081612474
12.5718284171681
9.62212785170194
21.1952270407111
3.48519077747599
1.48957433825193
20.2539053265519
19.5294119023438
8.48659126631462
3.17407484467619
3.71585365770903
2.82954878705101
235.535753871915
14.4585660022657
248.300925189672
4.15806938003374
41.4642617679735
267.365525949495
12.1412727560936
2.91992754436484
50.2921415982626
2.01585017903839
4.2534961905818
692.460345002115
3.75508627425167
2.09937826169214
4.2388239617412
7.81595093429874
1.50897485833533
3.22632621725265
3.81168620231495
3.90583417592085
4.29284928818749
1.70552960190953
12.6595348033006
3.18705599882728
6.78335000838476
1.48856116675059
3.83857771407627
4.16708470812706
606.107807661936
3.72376299803148
30.183798292061
2.0290711124459
2.52823331278484
7.34497640005589
10.4806903072318
79.3172931651406
1.70021950531131
1.81440940477323
1.3309767492931
1.06071380265257
2.5069605510445
52.6836820248224
2.18814168427445
7.45614795115871
2.25953873428494
9.81986613900161
4.62351026202799
1.84160701837509
6.18729962208355
4.29239175956638
3.1890259158803
13.6815870537107
3.83710634075187
7.50322979203955
16.1663886295104
10.9756112415513
7.54461919672733
6.35565924839498
4044.00418642029
0.924923109511654
12.7048744640739
1.90314790435245
4.12172848170159
3.32934154105184
6.24301768381141
13.5575666739673
4.97577888942606
3.41872632750432
13.6557056337627
6.36022469915114
1.05167618818366
204.688997259683
2.30487632280013
34.465248298032
9.19712797309992
2.39847783037861
0.858027042848711
11.6843412018756
2.49581182613134
119.258900191201
8.11436076439394
5.6564623473931
25.1417709905336
25.2076710721367
2.56436023955687
29.7021392252713
1.61698263728961
1.68339198924191
2.71805504809098
48867.4388415666
1.601445128402
5.34571233630567
4.29992801979418
4.20927467232385
2.13734415841717
70.6256743104287
19.319286898903
5.64382390793525
4.63199857577963
1.16688817179879
57.7530251446468
12.1667796059585
5.15013264503334
0.973465246834943
5.41343469544068
17.3875969880116
252.596844759308
3.60303788175811
4.91461142798691
143.660955803586
1.51712880651416
14.3084785306957
13.3991446651567
7.39360027588392
2.26107333110669
92.6032256551399
3.04976573813933
1.59323632145025
10.319476345994
4.44347841558296
8.67681658808799
1.07330053694031
33.9853907842915
7.51728595451892
8.01437258754387
11.7308645791853
28.383175022358
1.71005813477548
1.72699818502231
2.76856667505196
65.2605703023452
3.40067844484504
2.80904490102299
1.98055436980742
5.53524665381705
111.768564151676
2.34053233716298
16.6559346650543
2.45988355716667
22.5653127962482
10.2266456480218
1.35130668434082
20.4332262059047
9.01125141324886
5.26870640984171
4.0216551316973
2.48653368724395
3.72667191754587
2.103930468436
2.1862490418174
750.169285305143
20.8172903549568
3.07206447061655
5.91765277287772
0.769218969385881
0.827565100889002
7.34746570407594
8.5211090656398
0.748701815374028
4.7177370087834
2.4739509677225
1.35558846198441
111.153294292217
2.89378133415312
10.4690723330872
1.41635897272886
5.08698171289957
2.53742921903845
1.2988602262456
1.23916107637596
3.50186371962852
16.2576375127595
5.54570161489894
140.130614734402
2.21235191166084
2.7526574849021
57.8448178118519
1.75380018782089
6.89819570518805
16.5896186983809
64.9726153985443
7.11318976144863
96.736612863538
9.66232115680998
36.7397741858737
0.739826625978129
19.3839206467792
33.3270562188894
3.00456947458277
5.45077537055376
9.53505431852433
3.38544379800076
5.82180856807233
75.1433200631847
2.47754010273956
7.27223340685846
2.65236751252779
2.15222285121124
8.13955900680581
2.02196614275126
6.4930198823039
1.22257774424764
2.70726949978605
4.37276814027078
0.900691553176259
41.2081336166117
1.4434372564543
1.78056868641953
3.42466687782248
14.9210413181572
1.2201319131658
11.3666692110732
8.3489775705215
18.7435600093573
8.24951112984709
6.76579927349866
1.8515716754494
21.2187431133851
1.28138702086654
7.28087814917605
1.43533672190971
8.72806250385899
4018.12346434588
2.40854109664757
21.4932116875696
2.5420902264865
3.43230387221028
16.4354746419744
3.94099863641068
5.75133985568314
1.68783192949091
4.68012891160915
2.72079542699164
3.32133954224606
1.83469471152802
5.53393495609322
7.9660100368346
1.46109078857201
3.66419356965389
11.0588544873199
8.53997596846184
2.58076741171542
1.83141951261576
0.732079646587702
6.39864255343985
2.43428607257242
166.388452986605
2.29398184412127
90.4441322894971
23.0600403187244
2.88292733521686
131.996467167429
2.03842178450156
2.37309768229549
21.4335916628361
14.5243332823116
7.17390481475333
1.42255833929905
11.6002621863586
3.50417611890984
1.06147176298071
0.625385307988985
10.9734319856337
5.88351910390349
3.54690084452242
2.49927570915956
13.6921047555083
1.2100022636975
11.4922007301388
5.40302932945985
2.5190041952384
9.02906904129111
60.9489145226632
1.21189782674409
1.84463473463038
42.9664916002968
3.28852233978449
4.14024279243038
1.82100600216254
31.4842666238174
3.48905412921178
50.0381133367978
64.2977029624547
11.5305417559282
1254.52049627253
6.35787518317172
13.0309918148815
4.31372995289997
0.994453797860703
6.77095509489224
3.86664867348602
6.6356944780739
3.96507793183215
2.19782154002483
18.7421714488504
1.4475884072957
11.7767215514298
3.72710549950904
8.25330782274479
51.5098793581445
2.21898678720614
1.37715919143373
6.16073430123948
9.49923967754161
1.34681830968528
329.027168892164
8.47652558614439
1.48105519043433
18.5517206471656
38.5273421477607
57.5253051407673
16.2729839776183
15.5747876711528
2.69983979837825
1.67271961052126
2.67075744051083
114.279324440305
3.36296449270518
4.07076003499879
201.648632538401
3.29921304209515
4.91901025347164
2.74887971528812
3.40202389706194
7.13138345300783
2.47924580369349
4.6801177215555
7.39260717973663
5.46660806812389
4.96951657767927
35.2698937516262
13.3620599449543
1.6490588937009
1372.45605752262
2.01884393261862
2.6713156244576
2.2734529466539
10.2257517172466
4.09814005584219
7.69102492159847
5.91873642173444
3.18765330429915
2.01197085411909
3.98943979610112
6.42465075118228
0.986355834717804
2.61368228191429
2.46523776273283
4.86109620052627
649.962880533586
2.3876748748404
5.86034388389631
3.05015526907496
9.16865161964879
0.666266764673344
8.3130345550668
6.33673974185598
7.84873324556927
3275.06291878369
4.63053470244308
141.582775983391
5.4895538862904
5.57165301225526
0.827212750739176
20.6555727573977
3.04830269428167
2.10948516667732
2.17142803925388
34.9615685197905
1.93177988497332
11.847906215508
4.49325837858475
3.03939449213026
74.9399963718377
20.5129800998568
12.0963266892209
8.31090875775211
1.12949512080501
2.21959162105001
33.7151890338434
4.3372978487725
11.5785097312213
312.597717184028
54.66714860557
117.981929431769
1.80922212664052
1.02185649657618
6.39710439813061
1.2522747820921
79.2181071675318
3.14150342761083
82.2994316260035
2.57710937483033
35.8967844737531
1.67966600168391
131.575644435404
2.04959809055274
154.319300828804
95.0134817216564
37.5715645092053
2.25404749769638
4.39942054612572
12.7564084726759
45.0565906901249
1.82698186916574
3.70655136124943
4.30667347003417
37.2386976064878
2.44212576363072
5.59685898444456
84.4715553819287
2.8757417274338
40.9699191316992
1.48570728342351
4.76624051823785
1.47817159848126
11.0222316282417
2.06356272124551
0.927547014290171
6.23183705661951
4.31982272895482
7.17510262465159
4.07321834915741
1.67187014804149
5.27323968997643
35.6548624273154
2.89890409522333
1.82476868344559
1.22708998676518
0.997540563680938
4.57209402096649
1.12185271539101
1.37044792663727
0.848137166729574
7.29765219481899
10.3448451362335
7.72532681716084
8.56580666163807
12.7581599268712
85.4835444000334
2.42078476302742
2.11376637507163
2.67455950969716
1.08622595902084
1.17922479802174
1.600945924939
5.68578624266979
5.00028641216166
11.0313203887904
6.31264252859157
5.10306346925546
14.3643554234487
186.392630341088
2.10294258220019
4.29671161670833
1.35769961094596
24.6896650398483
16.543983856287
2.04494600308533
6.73218079210932
1.40310379889495
1.60672164686388
12.3092811653155
3.48754243277895
1.84074096263092
10.9524112089135
2.0526509514514
9.03308616511216
1.3458940770538
1.7047251475224
3.3366757286999
3.17028313753555
7.20490293570775
9.83561432155915
3.46059565990279
10.1387556340303
17.4155543124921
2.38121171915755
7.28243243972546
141.350086879677
82.5360454755998
3.48957936390708
5.42683184012821
6.95236341827024
18.8670557696714
26.3909951018364
0.771626024102071
1.27459746548329
0.972320808109151
5.92514023154126
7.29905819612614
1.77309774848748
3.08956756598788
9.39867026370724
8.06516040966306
6.91488823232652
104.249451663241
1.97592964700128
4.97170142775823
4.12772940921439
6.74018240430866
1.94122191644337
4.1685318659033
12.9680692248801
44.4248578826129
3.98144513019815
37.1552484719046
36.7434476645423
3.74145281866754
84.9096989209275
3.09322388550571
5.65691161322304
1.64037610845798
2.98594361456969
1.61632725199464
27.4125505453659
3.17562797172966
56.5402597425759
9.48802128305599
1.41531367895815
97.4459078034818
1.28819322082636
5.69049479860464
1.80428088718857
4.93955061050184
2.62979080043817
1.87770890273444
4.76752036556674
5.04340334399711
1.2425819057675
15.3385469186852
1.22524528383416
21.5309109425331
1.64432340237256
6.52327467874983
1.51158782863828
29.5681084543011
7.05530487722232
4.93174832304213
15.8958843049712
10.4253433571277
6.8997850757138
3.16669496989514
11.1529812006877
19.0036122297301
1.50312755482018
26.4853326616178
2.94561206774539
1.90706565510327
20.2282326226596
3.79975782929756
4.82170867977894
9.67816160993035
14.8115236707536
0.941284813381757
3.76346270251505
1.68277029399515
28.29790884883
37.5147257154935
5.50670094908675
1.61778074923491
1.01032599409937
8.31862111516995
5.34082745650597
0.60051870816275
0.963214670595902
2.08497164182771
3.88904238311063
199.203227028748
10.4398379996278
7.27839915932327
10.7027857891681
10.3429536608872
16.8839539268064
9.26271016654597
10.5356645113671
13.8504707722441
0.99529340466527
6.80618415987266
30.2435220456062
6.65241157635866
41.3511060951499
8.8898038788657
3.23231331613917
177.384391163825
10.8685471442309
1.15357435346185
1.5863089994334
3154.36021397381
1.54687590427651
1.02238643760226
2.85373631950578
0.985862135110189
3.35263960918972
2.8886919326539
2.42038519819017
1.55504326197768
1.82159445830073
5.45327031025944
2.50064064772825
17.8382999004659
2.57296634848608
3.83491634307698
1.56170074463505
5.63228362315163
1.49329570669945
2.5888216227657
4.03805825140302
8.84267288213972
9.27894718751364
2.00313528427326
6.35404375621887
1.06262612180522
4.1966090577013
15.0415705592395
5.73542089801043
3.64519640306787
4.58254939030727
8.1484603329881
6.58855651529041
8.72042842319019
6.627775117728
6.42778284491591
64.064752089202
2.77224505971268
7.91999408670123
2.02131452051293
410.202600736288
5.19877701058889
3.77855848047727
16.7541806029586
4.490167655777
7.36757701794945
21.8833775100583
95.9289334372107
2.36240893198699
0.881540062752105
3.38207275399722
1.67328721146067
3.09707971441261
9.03349653086806
11.5980484271454
2.14296158704379
14.8874832121856
7.81821863658848
459.712282858529
76.5288522858344
5.80062226841257
22.5857197813435
2.25779537010728
6.25205405201263
2.90488927769489
18.3073084729441
127.940426298703
3.76656474104415
114.847451087727
2.3495916387341
2.74380907930954
8.84733925946569
6.08757757073334
2.22421763146721
1.0684994459849
0.879451728192737
26.4064963679265
5.96940481407001
16.1501560881289
2.97639473685813
2.24212982363445
2.36543348520381
5.09235639788848
3.87728557815879
13.6295691069453
6.49222094756561
1905.46936874209
6.47941480042393
7.90188183410623
13.1361105557658
10.3164329331738
11.660372961211
207.461006779519
3.64585175177393
14.8820825282503
21.6230987712171
2.03357203778943
2.61089069114615
4.59944727549981
1.11664435185923
8.84177140066753
5.87499499535884
17.276403612778
4.91697552890907
14.1216090984224
13.0934943441741
1.486572337613
32.8600411339985
6.41024534124863
2.85087212173575
4.44440234367022
39.6734447894996
22.2525139642537
117.70465776859
2.58356188971893
13.5491284195847
2.58340445527693
1.31336585311619
2.95066258674972
16.337359533845
2.72974797632492
8.13424392323874
1.30791733750242
1.00623278340513
10.4542994542074
2.9448753004116
2.82389575321601
16.812026477763
3.94353742427849
51.5197873158688
6.11732495054312
13.9132702632205
1.58642200527029
2.83552454297925
1.30149945214669
2.19710254547653
28.35588829726
9.39684785918753
1.74874110149043
2.612068404267
3.7417738333408
6.06612761839127
321.406786194578
3.22279356191816
5.21802845335389
8.75352559090233
24.4708959925654
34.8231386820064
1.25965404182202
7.15996715596523
1.47492119955021
3.6910438309603
2.12705441279404
5.94203765354383
2.36211489579639
3.45937078281867
9.68458739850245
5.97029438091556
2.06013913690901
4.97334791661702
2.73859698533043
3.89450956872
1.33308786784229
10.6166046537187
1.85424240130241
2.16669030471359
3.20275980572339
1.54583883001414
17.2810774312193
3.89376760537194
2.38886168270562
1176.16383849182
14.0469834892726
2.61482266229296
2.05858423560002
1.40508053653227
3.70251354493199
12.4673313060841
43.1734296185125
4.45561762714014
2.00490311573115
2.45225253172612
6.1762474710808
3.53153897395788
266.454138306435
7.30226306248313
1.42953257735108
4.63879719986951
2.76816222388677
3209.78109777353
1.34399009486321
5.91245727321618
362.902307297584
3.68557859821127
31.8423172226127
1.41025502910489
1.01407976992205
49.3578011220506
5.35164744671853
31.5157475308686
7.80776593689331
2.15836609939872
34.5837141787983
1.46887998924593
2.98110016670671
0.854251456637948
29.6266993675979
212.206595093634
2.49439358196365
3.07123262282831
1.83532358079877
2.65096182000658
7.15209161621679
1.25988210321653
1.76064360216983
1.83965418694231
3.99024857076154
6.25918173428668
1.87886044677327
3.74741444738581
22.5163288734626
5.29255051224833
6.09138304755932
1.48876313181886
3.13099915209773
1.75020331011711
14.6415485781503
2.08214342204762
3.8623094380001
16.3099272067649
5.03495649732475
2.59326793430067
1.37036470785444
8.64325459632046
7.01364913034637
10.0770256333382
4.46127325098425
5.29363500079669
4.04587378847853
0.923359508029807
3.76408538870697
10.3756802162987
65.4536112744602
0.719563127865148
5.23342505966157
21.2426331412264
2.25670022667813
9.04190252991194
7.44134495716125
2.56314999719953
186.581616125563
19.9063357343373
1.78021467813617
1.73707753321923
257.517621390017
5.68680480992418
3.73491162639752
5.39869091286973
6.36042943122572
2.94808016201925
2.60099133860156
2.48491476294724
6.07444084379896
47.9371145080087
2.04891734247954
4.8578536506617
1.19566469897647
6.86782226521822
7.1517812321103
2.2897791224147
14.1825777940577
3.76311447824361
4.72315880592461
2.89829639997512
4.95126189705512
27.6344450540027
1.7717196133736
6.39485016294444
3.77299816483831
1.17671191269304
70.7695606907542
9.42490470831636
1.65069062702404
32.9850176329804
4.02108921769789
1.49311058851461
6.40957293680951
15.8135150801625
3.9727915214603
2.88926056859053
7.54145257374242
169.558509901779
2.32762560966355
78.5515927493699
1.22767141664246
12.7833168091365
6.00187795894823
5.67211635236448
1.15223208421006
2.09148501566801
12.0423816908833
2.59270860666828
20.5385477869421
3.56707238932037
2.09202917986432
27.8678844268102
0.873598314274869
1.82405379729961
3.43424496615444
4.54374788368873
1.4065197444655
2.05974501194301
2.04649317849963
5.7995327896575
2.11406736186431
1.53690457972539
169.916096129341
1.55478392071683
3.63499444460145
6.2354606213348
1.8118548909231
7.39857906952088
8.70691085364903
1.37045152611799
3.34324101942593
1.96926175844822
3.79032054444441
3.48073565617054
36.6795823383708
0.927675606336616
1.58352024363863
34.8807621524702
8.74611679444958
2.32034474702314
15.8430945502
1.53715491274671
2.7517138623786
