x
0.119796810582585
0.43708262897026
0.211878588966551
0.323354769649062
0.213953356052896
0.306756540253942
0.1736722841383
0.13415444648657
0.247120447830662
0.312341664140007
0.115724257043848
0.113850279456361
0.227058230456317
0.404737295055085
0.132143062923209
0.232883952982626
0.27452124288323
0.238829843759962
0.123726186307754
0.1930506105788
0.378806249028206
0.289393805333995
0.328529115804845
0.161479820171849
0.0685655849982776
0.307249339157582
0.133108346345846
0.104631087840593
0.295668831424444
0.276077433340162
0.0999854487425503
0.249305213668336
0.212966775343362
0.430005258674485
0.238197642958856
0.221286277501786
0.41428145272825
0.245146872911602
0.119516866192631
0.193588557786279
0.193519060432461
0.116764901466183
0.251881638361168
0.213338366783768
0.175508291046618
0.419289795865661
0.132027878033449
0.187182441645146
0.182829084889836
0.216810657399739
0.355226950129602
0.15889877399372
0.437334719407672
0.326908711446812
0.245041134320148
0.12841523435849
0.353077475869501
0.200041998428264
0.163955904992498
0.249053236660738
0.316465790910176
0.235223968383984
0.262198482931764
0.243764433892734
0.254435414439144
0.354591615336871
0.367544843691442
0.240006944411873
0.350792951364903
0.485228633689243
0.210303075879004
0.33461775438721
0.377723237684266
0.38243148563422
0.133427724807247
0.385897873927267
0.284400375006888
0.177968994114425
0.145569303255751
0.0826062965174744
0.124530609174852
0.187577434732104
0.185945959009713
0.242088912719504
0.226811910594308
0.311115800707495
0.435281738204924
0.190975874308946
0.317506463367428
0.135429175544783
0.182039779557039
0.296195208033433
0.131576347263476
0.196737045070371
0.378247297260406
0.202023631652266
0.127101201208877
0.294613590488426
0.261076694689994
0.430478165770435
0.197797942228861
0.28650559757807
0.287541433325453
0.144416787425784
0.156504191738972
0.211029493943184
0.305293551090219
0.211081083452401
0.25341586804416
0.201078988102068
0.360147547409312
0.150392489578981
0.590551844026305
0.532158311121805
0.135075681681575
0.308601751515221
0.317329885393594
0.263763833919199
0.366568195378929
0.382836870037428
0.193472394202831
0.198602817630454
0.328546968608813
0.158362191273226
0.13262085068449
0.354243753690765
0.272295074732587
0.170627906881973
0.264755076441166
0.242857110562392
0.360318423234004
0.116013781555223
0.166596800006204
0.275690227167259
0.210064545266959
0.191043761709935
0.267805383363262
0.229232737481426
0.305184110888937
0.171889195504477
0.159007951888401
0.0731559264980123
0.214786241677918
0.250159347601138
0.169207340349185
0.307207444574736
0.230351698369681
0.37010702270573
0.242818819066813
0.217851016365273
0.287685997429799
0.350474873042563
0.309038059700993
0.438246371804984
0.208950698391724
0.391652819857874
0.140775229261752
0.353742063018062
0.214364237725599
0.17299814026641
0.360015965197167
0.302687208391076
0.254739181224097
0.461449590015941
0.229951569458984
0.200117775414401
0.310932029181214
0.388461545308836
0.128358183628268
0.247811838745861
0.153906258043163
0.36548657012142
0.172217916867827
0.143705271282957
0.28000869616891
0.189764335123442
0.22127596029038
0.205706629398671
0.199239012737516
0.320593520465208
0.262555246446148
0.0813796496011687
0.27851927533794
0.481711489029697
0.31859487133692
0.15974367123123
0.281844083187931
0.22200335925575
0.174371527201598
0.275346462260954
0.208724563027236
0.0593444116014871
0.27976650206613
0.189090301497558
0.451750080723961
0.67554183592686
0.362880979749912
0.314557422699239
0.196385603812439
0.2440018602329
0.369287205570655
0.220156698430854
0.325597616738494
0.168128403768954
0.483781337035857
0.073754161333835
0.242323107470289
0.15483723192584
0.210427859003384
0.145662778528843
0.101367543609486
0.509330585941227
0.244502888960048
0.272003997496304
0.576708610816355
0.136406626774164
0.235272382858851
0.486186911582339
0.495546830497043
0.374130624964322
0.302651409797191
0.334875442706159
0.284461387509563
0.0746663662454229
0.0845898110016786
0.17857054043899
0.354214037405358
0.277702361977393
0.255610023732312
0.243591681371979
0.23500892085693
0.371411272954279
0.401238234578855
0.224498179174582
0.0906517771284687
0.131158872705991
0.251535800214937
0.254152401593388
0.176588418440994
0.306313671603929
0.376846080295423
0.282425054996301
0.130557716634102
0.134996038804812
0.219895856395469
0.175955516144291
0.136965447562109
0.221460619909926
0.224188546360775
0.214641785165388
0.262812095587117
0.556468341499291
0.107078645277055
0.477188807179431
0.296205550038836
0.167002343299519
0.535323034386745
0.209349592780463
0.387823185573335
0.249481457975932
0.154518079827544
0.256566449071104
0.311193511145132
0.295970596968649
0.503213615648562
0.126915820087756
0.603487760213942
0.244821816424103
0.199637092943853
0.307850851343954
0.324678283339265
0.166793390101228
0.163223136785163
0.258024940879431
0.334074278443916
0.294524952933819
0.332652367208231
0.301762181364969
0.32661735555565
0.415454769159041
0.161204715940894
0.36677368533558
0.149303360764138
0.385013292448498
0.539685119653417
0.204438091306206
0.243843895229065
0.301922533495032
0.286657172184904
0.140297148544792
0.232736581432317
0.2691559841572
0.276085972401155
0.213811551096939
0.0658898331660839
0.143589846036947
0.12610869728161
0.145921344350611
0.349255857502103
0.226603210883922
0.255490293908218
0.152014523399619
0.343523391038603
0.165762596853705
0.600639104426215
0.127153346429656
0.17807338848525
0.267705241412731
0.110655211145527
0.255353096875105
0.211468410815579
0.144069294061411
0.0791991398964396
0.396821526980077
0.119487654220941
0.323424150957109
0.355590736099765
0.236844158606451
0.25919540768963
0.455782396733689
0.166532934851072
0.215908994367087
0.354336293686501
0.236750047423772
0.381800793631807
0.215477054267773
0.175485964415684
0.445022191127241
0.218354815635421
0.148264514720509
0.253415504494054
0.3144622668802
0.228366798081953
0.240490360215688
0.399749324298621
0.367002482961414
0.224607717994331
0.280994073723942
0.23227131766081
0.221550997042237
0.134582213367135
0.244555025082708
0.145186881538939
0.288968077671941
0.122818966348408
0.199241190524797
0.139684561170385
0.465050598958872
0.137363207875573
0.107712466312372
0.0981221051787974
0.35890254214888
0.236172109130175
0.318015196124752
0.246508892215749
0.267608455381799
0.210088897411281
0.209839742062966
0.298567140413888
0.258512931202325
0.196027365489859
0.124973962264279
0.243114339111743
0.320204910947924
0.137572370888784
0.111926148154744
0.240617657091336
0.159319181326294
0.215674771257701
0.17411343893419
0.282448036970799
0.204581468183442
0.29613564136656
0.123849770117684
0.152650253669312
0.128322550264192
0.313822202819398
0.203307518800573
0.331258805850927
0.334346751097416
0.174433229418794
0.144103276322253
0.119595282905619
0.309328179025211
0.377619707114396
0.360218047141428
0.297865517194825
0.524819869269009
0.285059322575717
0.289309155890304
0.157273459043493
0.124593857144747
0.306047194677222
0.363314429093478
0.288276808986246
0.190964800769161
0.322972197501993
0.349839820864021
0.261065562259007
0.268023907321692
0.310699999326661
0.389002875406592
0.263220861178325
0.235877769366646
0.204219691574168
0.22802406917522
0.133490132745203
0.231848837701571
0.258750213277409
0.146679056253152
0.117933771076842
0.384384516577689
0.333713889953843
0.201148536789839
0.220518179073864
0.235509713169568
0.185869603475754
0.355201125338711
0.217512504569478
0.334964626079874
0.188292086630276
0.208210360568151
0.105848564473008
0.29843665642056
0.101571553901801
0.192655513280429
0.266631150896178
0.163159712350551
0.356326986719359
0.199684560268429
0.253629026137665
0.380672324380118
0.217518464558677
0.346520686168478
0.248247837061068
0.104019978462361
0.339636081414805
0.26731091230346
0.302229291781525
0.368031593086387
0.112605472780692
0.20874010578206
0.0999126365533383
0.299557248492551
0.193160000388504
0.175602489945068
0.166952404929898
0.266627838080036
0.238674783150505
0.317843546120584
0.11026459707479
0.163108317707641
0.212789834673868
0.51373538818487
0.460858705158511
0.136994051091823
0.290800282758256
0.325926364421064
0.249188370729588
0.156224161047385
0.185045460958084
0.140587420182058
0.394270083221108
0.2512867154962
0.178343252583828
0.083842238912418
0.421733264152027
0.136083378549154
0.217135576759422
0.419625989901794
0.245319336621496
0.403162948064024
0.261005121097541
0.30342172028391
0.134770503429919
0.229509586845074
0.155148742819515
0.21980899777337
0.357194091379644
0.210303572802293
0.49663254420916
0.139226466920962
0.17083662691848
0.364076428762772
0.240461442163943
0.25352063679836
0.278111741879629
0.349237636820675
0.279455731467911
0.109342489896892
0.349488077382625
0.226475401349963
0.219042415182269
0.21205445499152
0.112289604847265
0.380701283071312
0.204807591089522
0.314588062607262
0.14421382019998
0.157676224695291
0.137842485491079
0.177740593863265
0.237762531369744
0.465531269267291
0.418564362361541
0.38267890364732
0.190651910169683
0.268638536369113
0.277978230434682
0.249683879879865
0.395178506020659
0.248073265567334
0.192803478518832
0.201855154744327
0.267807931941979
0.255110233555399
0.213325667076403
0.141322683200863
0.296260023383616
0.15143348107031
0.216721059494733
0.241853251953724
0.292751504587489
0.274927593692884
0.181427003985755
0.121426908568355
0.207296017503509
0.201425756730157
0.337681490287379
0.151140304110695
0.206348981437995
0.182237955674451
0.143504919805053
0.10068365296219
0.39509396669105
0.137847152975172
0.186222195326556
0.211149002921409
0.159580953265984
0.339455439173902
0.219525009602728
0.366269762013833
0.178970454064006
0.168976554767695
0.125272569284728
0.0990416974643156
0.281779314218121
0.326927811867433
0.423392648737946
0.252040141960294
0.209302693914734
0.443616509172451
0.160070340714781
0.1668896797824
0.305448216690424
0.148561363096804
0.183563332478779
0.385574837073556
0.166002440069012
0.317331678282189
0.230641077895761
0.231900484494064
0.224585378573258
0.181856591611835
0.236709397941764
0.126550229539688
0.250723052104024
0.218488190387458
0.209677677937886
0.166084889482052
0.326888584432352
0.0609004389716891
0.261671587850439
0.2090486763028
0.394516435162463
0.18852569498708
0.226610302963109
0.241065676909569
0.237027092296684
0.309621918300662
0.0387640751612097
0.0690500949373745
0.115959849460582
0.458715117604647
0.362432222674856
0.103630859649731
0.22975363322632
0.153496745074037
0.378310718331321
0.325201737072515
0.399702780976014
0.18927455613894
0.270111724608459
0.241820047607403
0.342748560695514
0.241239576895327
0.176799356761077
0.214917819028944
0.275486885354276
0.325337843095245
0.36660210585472
0.260283967460449
0.133856978155027
0.200797832920073
0.299163751682522
0.241841993881288
0.332233137072239
0.380252535654688
0.131713281123386
0.416978319022792
0.217716197235006
0.325777903516449
0.329237817547863
0.206242114276805
0.210862395292832
0.345807945195316
0.144591991909069
0.272815826727967
0.264377276205571
0.224383422865075
0.204771284379858
0.315537915946694
0.264258608097071
0.218595880572995
0.278241336478507
0.291161340196061
0.0420310094281756
0.210147296335756
0.30607139677291
0.29050659236643
0.202948082390112
0.145038500887011
0.205487987193675
0.196226353752528
0.248799362590555
0.109777950252169
0.225152497143838
0.111387803496252
0.220845559350676
0.192820746176592
0.046906403250629
0.334373160360888
0.292346251925251
0.318370007145514
0.181471833613339
0.280674337289299
0.224012907908985
0.248656962299174
0.194424938534566
0.310884639410774
0.321349136892454
0.22536260010367
0.107097047570263
0.418194653024383
0.263079866039497
0.126637905394872
0.146557588191165
0.245369771486746
0.176440771073201
0.304340122015442
0.127546546251232
0.257287819336172
0.143876634934689
0.388396293932197
0.220622533216193
0.256631461862561
0.272967973720455
0.147267606049652
0.202763091188383
0.45048372402448
0.296245982290466
0.270161076031983
0.354602037510929
0.112210228053627
0.306511440954802
0.334440463619
0.192278515930591
0.183170127003926
0.134372957476632
0.211318047606778
0.232816141451859
0.159651368906418
0.23641497255649
0.314819594598778
0.110203263769894
0.0894107140002893
0.160074708240702
0.206376194215806
0.436506905249557
0.153455245371225
0.178884518254543
0.232257106129041
0.245584116952484
0.184706155279599
0.33971007473569
0.318039408857348
0.243023457292421
0.16470065475766
0.310770151578831
0.128667406024761
0.229653050265044
0.219083834109371
0.134284361685246
0.328021233368226
0.554288887400026
0.281357479277841
0.114610767467078
0.21449139602803
0.385979637449552
0.235289942352643
0.347328226787945
0.184367641027001
0.201914331854623
0.211840418045894
0.184606110325922
0.336966846314242
0.213319630282304
0.29444760826169
0.17952287133341
0.0652279056418435
0.337656949034238
0.117560772200797
0.251921456141729
0.199211436440676
0.444846267483161
0.334619183716876
0.235272951375382
0.413901041188647
0.474365775919992
0.197885226143844
0.238401824723311
0.168938887598267
0.196375163137308
0.19941551978386
0.228867206120938
0.297432627697269
0.24649400472125
0.296047896565529
0.278700324605914
0.148143576877071
0.251309990018459
0.179174794972278
0.315613236366578
0.224730124764904
0.188505985255661
0.160630960662373
0.402904940841706
0.194392099659005
0.162402826132098
0.207236382744427
0.232947033422973
0.351793030030553
0.156302942698392
0.170606084820776
0.259307818122982
0.130612270893455
0.253141401114153
0.177349935130637
0.344486205743617
0.292163114971279
0.368135212547509
0.231060005277451
0.21380647852712
0.515333070050827
0.204538582762021
0.292535613284936
0.190022986000781
0.207439900427432
0.262421177426299
0.203951830737129
0.291626511780757
0.175951087385714
0.173964047630383
0.137140813840186
0.14070865229679
0.220595568407766
0.107203186702948
0.175326478663045
0.190292595668011
0.253432113345127
0.180334520244085
0.214172545945127
0.17061977823375
0.17346259995476
0.573006909541034
0.268849820818447
0.319424491637822
0.210993099708051
0.258589701072292
0.113785886183518
0.169938548260519
0.32112600383172
0.128634840134054
0.106804470925829
0.293511014804759
0.25393176010698
0.214836795969485
0.133623071558651
0.238374060236508
0.458603222913101
0.107657922002616
0.302953871921233
0.316263355363034
0.131148888720423
0.0649081996422814
0.30897928308152
0.171202693752745
0.152664424007848
0.257284069046053
0.139930424715248
0.141028803861114
0.197518898836485
0.378641740772494
0.305321582617118
0.353170101676491
0.275947261139985
0.19714936741398
0.243197628132545
0.211501994567054
0.238666110354916
0.568330966650708
0.108059930655306
0.198668353843701
0.324271476808614
0.235071875429338
0.189868334554048
0.397372072499426
0.27737775818768
0.116668505120689
0.418425460282542
0.333794746270599
0.234538751894177
0.405258398372926
0.376929240646998
0.258248230442947
0.24010231242077
0.155739201654974
0.172390242012229
0.176248953018891
0.321199806332957
0.16929900860909
0.198033035629985
0.359347634796459
0.220352074602206
0.20022063862673
0.242866202840321
0.33423972122959
0.12780527308578
0.19861174161113
0.245194431604854
0.28272048408977
0.217110317275568
0.166954811111199
0.271142870160564
0.533850813269715
0.133405702686296
0.350353643022062
0.123924156049175
0.11650840035172
0.276288386660615
0.157952358194381
0.192063027033625
0.204935610368525
0.163833145172685
0.308924592423044
0.242141313030436
0.211108977425337
0.398106646751487
0.12160206856022
0.37119100792831
0.116794608531186
0.215376368416122
0.170126250005154
0.212978516766955
0.258516535981706
0.228298904730268
0.203919605846029
0.165465386271826
0.162930461380878
0.189793252322012
0.306488039141195
0.27085116268378
0.29843653452534
0.270252077545001
0.619419889130242
0.324114768159282
0.372084792962032
0.491789339748688
0.34673618826731
0.234928123038378
0.482710697003319
0.244282174398866
0.244498907480499
0.274679897301586
0.299954647213399
0.220819082002715
0.178562199788899
0.0941966107721816
0.386882155173662
0.256278754880309
0.38681449901726
0.110309546700369
0.0870758901086352
0.201272143149553
0.145004559063316
0.2480621972821
0.20514281707064
0.229984771282042
0.358681188489546
0.233390172271403
0.182053064782411
0.224907402993965
0.313559223032282
0.422185551363503
0.38505630082949
0.164072458752975
0.278251427928267
0.401479587507056
0.160037239443772
0.175490591618628
0.272800484541724
0.415353459196556
0.0916392534441279
0.464518909897272
0.287924339290226
0.170739359560599
0.153018750856507
0.22060226775937
0.208788689535239
0.250176629572655
0.303362462314231
0.248204116591521
0.279505382784584
0.154105067932528
0.354487716170918
0.508104422623704
0.205237988738845
0.352456754473252
0.272051802920515
0.238888902665754
0.285626182616266
0.100182883044121
0.30996335694402
0.286148874409302
0.212078480989081
0.210613462338282
0.236688849153811
0.153133304497631
0.331308308285326
0.225371180975703
0.119555057466163
0.351063327784713
0.120955933082524
0.307521540464601
0.296633265334401
0.201312962392168
0.243994897191443
0.254346166709322
0.385073594050132
0.132354204613075
0.291823962276966
0.177615662228597
0.311042440191968
0.194521461870037
0.145616062265893
0.361283156778102
0.259393296762095
0.233690823828449
0.119330672152018
0.203756131127317
0.19219864281818
0.225456542022279
0.247815064585464
0.344653796627841
0.169183109848144
0.289712011840558
0.276699201384254
0.291409609471153
0.339515109419982
0.181254517247233
0.305751377197723
0.180013942234207
0.212556655730307
0.25251632455609
0.261586698177487
0.187178770636072
0.255373700489398
0.360479096603767
0.221703803310363
0.278006757627244
0.220129929764747
0.32589145804468
0.129074530659335
0.270939240466996
0.281616551337576
0.374244689555218
0.36278363954473
0.188137626507126
0.284216085692424
0.143815344739003
0.183594110776138
0.24830020883754
0.229483719400552
0.331264775115995
0.163925476949816
0.247454940234831
0.373021417815759
0.183394817746664
0.44605026582414
0.223877161839944
0.28487780120109
0.223908118356585
0.312050007183204
0.247111487298665
0.219566518788492
0.290017447225874
0.191527699548146
0.392816389978088
0.197518181436833
0.242078175278268
0.379105045745999
0.0888152638180825
0.233292846435444
0.193909574417743
0.309311585905287
0.182066110613141
0.223350170730538
0.240380874831818
0.370679120666481
0.27008451732884
0.160476923181303
0.244366753722778
0.346159492818984
0.354056313093221
0.421955258481532
0.124822642547002
0.286907057406021
0.418153835582919
0.15978866111164
0.260303798089887
0.158273563785052
0.131919718657775
0.218226230556506
0.272497364504431
0.309040028768867
0.277425541574795
0.261788229069919
0.150527464220777
0.232535545614513
0.347490360084415
0.171817340681819
0.124362152026588
0.193417009419275
0.100702655736303
0.386013707579996
0.337433387701064
0.398565105212381
0.154724801574645
0.256562709858396
0.345816173857494
0.565964753440989
0.217196539109274
0.247875163460191
0.192747349792791
0.234037564765774
0.513449890032274
0.269161074537572
0.429122396838743
0.116519627417493
0.216692291252546
0.111168800205512
0.265779826004972
0.170766939470557
0.238145947171586
0.136287955282107
0.369403883276813
0.283745282933479
0.316809966385836
0.242816469193163
0.313677682254609
0.365819139423788
0.22358418397788
0.310372966862023
0.801694791333727
0.32038953712293
0.19474438432359
0.340646235718319
0.178847136982685
0.481564030621933
0.186519380604635
0.20176449627522
0.224733420144358
0.232519289882725
0.189716073553605
0.318870177279155
0.231374091270639
0.243802457424071
0.174269266445383
0.396904222588663
0.301036206257322
0.375941448172118
0.214296765779614
0.145404482189392
0.220289327880253
0.335045102345223
0.143768121740265
0.214451962536116
0.192444645741713
0.136069088581844
0.225885981371584
0.192944481317002
0.150968571904378
0.440669538804452
0.240596393261972
0.190620609257705
0.4428616816031
0.221755125075187
0.36310554120058
0.230458244919249
0.124983027269663
0.22458238565301
0.248682268703431
0.301828109589733
0.108954003052716
0.256679331712839
0.29500175580179
0.425549766735326
0.181998452233871
0.159658010747423
0.208131008692703
0.143923043547593
0.149960587223054
0.187105787776299
0.442220094535111
0.318736609771798
0.296495642086716
0.325243704099823
0.170569810522032
0.172520746238526
0.168268370930607
0.439813834172511
0.360966304366034
0.401774440596625
0.251917458861636
0.329104625338464
0.224197013525089
0.365052384687567
0.334402479359405
0.134072033658707
0.351695055508184
0.247075688331278
0.175626915708665
0.122936269637061
0.175606053256532
0.417346132399197
0.208165917668556
0.150517109233143
0.254525642232938
0.177312475253963
0.106576275409814
0.283236561932316
0.134537760318699
0.24560833824046
0.218707296125655
0.10063320775629
0.271711264055518
0.397932912262868
0.321257432163867
0.247617196831769
0.224442921515423
0.495572297219492
0.266087564125151
0.253866338799066
0.306290434638074
0.271685610917987
0.204067575586399
0.54971763842214
0.193379892592993
0.246397391676897
0.266864673097103
0.349971748282072
0.215059834498508
0.338003855485179
0.137660856731712
0.193494056089673
0.182481727112816
0.408487583219671
0.192383220236736
0.265701806266008
0.368180455513475
0.261212377833396
0.173541254425183
0.212117062969963
0.297442621772281
0.408576240400619
0.18953296719693
0.259218395915422
0.258452772785983
0.117789897183821
0.316874735854584
0.303089270274432
0.410829550254688
0.348567741488632
0.160136127213371
0.187973832503086
0.33883293640775
0.275013882518279
0.104118854667491
0.148772914854843
0.210014672534007
0.230078528773653
0.148658840747455
0.4532576722934
0.10739251936549
0.18324123993424
0.445544082179341
0.331215051325269
0.109979183185028
0.215908508687837
0.161499506294609
0.481773538085674
0.226191356207469
0.139069311186591
0.181079847742382
0.16768894964183
0.182288535271899
0.0750113376744666
0.417676282049806
0.305183124649009
0.102547333277695
0.359454183552547
0.220105143535552
0.11940987614976
0.152699358358804
0.191175639784299
0.340763316573283
0.315946245515677
0.308089811816265
0.309069000662344
0.279439025935658
0.175579619933763
0.212271897309088
0.213240722786661
0.23069622257823
0.668356569610346
0.181685402517851
0.195795556785441
0.479272259352543
0.184340365790389
0.201610564071206
0.257641595768735
0.162593517839092
0.291668367276904
0.245790695405128
0.423329954889715
0.300888161595089
0.30690701729521
0.275968530638674
0.273814815264281
0.238306408392049
0.237674965632057
0.140787161765047
0.287428810719601
0.398149431722818
0.217355862570856
0.434997661400171
0.454673373054473
0.259074234654944
0.107549122333849
0.170584710853833
0.171871853927553
0.279883614848844
0.329024085525464
0.277670031843515
0.246019015362902
0.187664330685121
0.262444502846489
0.193772128447422
0.4470773943214
0.119597541883405
0.353681117781376
0.182732455878228
0.272840002437025
0.192149082282252
0.161360124011823
0.479993376833507
0.217406401403638
0.326584383542875
0.19297394495933
0.184940238290875
0.476111859808648
0.166143987433393
0.200330866555307
0.357678327434506
0.190339825970887
0.343433956102782
0.312499918834529
0.271186773641322
0.237447572175177
0.143197581088447
0.119126511116213
0.133823060867373
0.352742975653734
0.262833714255181
0.26136719500319
0.121511059944899
0.292351036100299
0.171726045503782
0.161411106481346
0.265332563354963
0.278150225066044
0.219713291769994
0.134226612027461
0.290348641384522
0.483600417525148
0.360064048696739
0.211455272642266
0.442677980383187
0.204404397073564
0.327715539811105
0.153474305844992
0.20847538494091
0.23233783048807
0.404275570754763
0.215885140709721
0.19664982446913
0.129768112605081
0.269765729570732
0.392467654145412
0.153954247885338
0.239285888740552
0.136678963285974
0.2326443861712
0.122194233992
0.201577768600907
0.283156397208582
0.208373419429466
0.380863524029653
0.219691897248258
0.0914759091449504
0.199006467489798
0.268732893262472
0.210786616390267
0.166974067142192
0.437462659121215
0.179063884542049
0.211627449324156
0.72691763738931
0.474126711552961
0.301469019840246
0.370580390889161
0.13943680084945
0.351939908228384
0.190175264155334
0.161366469986238
0.340400877594422
0.211110220640297
0.35457076066937
0.273609990654295
0.407151451099098
0.278795660389381
0.346749846619757
0.15373123666136
0.129799399173228
0.194056408144472
0.18842219756589
0.133531458574488
0.279987060231602
0.41610916925168
0.38906422513063
0.272396444755535
0.229841446936525
0.17533166980293
0.21839515957482
0.180475994512847
0.219783983349733
0.168149210366464
0.335338907257957
0.324289096682618
0.211730055811183
0.256039975290291
0.228822271212723
0.295813101408083
0.180993562813919
0.401490453597098
0.267478203193428
0.0986690990520216
0.243330077994268
0.187646219733942
0.179692342994203
0.341767088908096
0.230986412915882
0.311343429414864
0.155127781946805
0.373572513590537
0.190241361916484
0.370606913883824
0.260202061994243
0.24409827475977
0.230155884345055
0.151180580704759
0.197149253181614
0.173243345360836
0.169110868964139
0.482869037028109
0.206902770537868
0.174562827303787
0.191298839167227
0.207373188945481
0.143969271631161
0.31969025196237
0.36872844477236
0.160719170425375
0.29101519112595
0.166632136381022
0.215791595088897
0.152326598345515
0.216837750769349
0.132865976531562
0.137269931979383
0.384310679278171
0.223512078535215
0.350705039876177
0.227708368799172
0.159670703959204
0.336079923167595
0.257680296988317
0.289878722710892
0.274002156043053
0.262213325100859
0.141504062105567
0.298163511119128
0.113359158518988
0.272886078564315
0.206153644416361
0.287712223249671
0.258151051384315
0.178410412583635
0.40720619141859
0.23090293048148
0.410091890071154
0.425166097895947
0.215563959630632
0.331161872236927
0.11017490503689
0.33271287314762
0.384084161771839
0.141599434076835
0.50285858746529
0.164647333035008
0.277045946385517
0.206700932624521
0.181974436648061
0.314764232314349
0.108154920680846
0.315415942086009
0.373598132922084
0.420414726476481
0.158397735790586
0.36896047587105
0.154927125740974
0.177555490028674
0.367402939462589
0.208137796671118
0.247152463678609
0.244912590880608
0.330055849771907
0.575908813053625
0.18363930586314
0.393379122162155
0.272822954908484
0.248302135113727
0.199380453059129
0.088186471207687
0.267315179059301
0.166649025607711
0.1937842487408
0.157580005900829
0.0718415991352606
0.242914342618533
0.14386183858273
0.152692170323306
0.157158022960116
0.161489252530137
0.300966789698744
0.436888988060233
0.229665477812494
0.519156625849151
0.269999432409817
0.32945163755257
0.201532344337991
0.314210946502143
0.45383249391362
0.185375501990706
0.20020355759981
0.441843574583231
0.194583044456787
0.12013607798011
0.176607996277792
0.150163035084705
0.17173695437136
0.438280884547435
0.0753646213820429
0.435610915107745
0.34368468189865
0.274527776719202
0.116868285060877
0.418085312295468
0.204897836888337
0.317517614077336
0.13454615107844
0.294858782787911
0.112785861763583
0.219510340193881
0.37110756946691
0.365408033026043
0.200486586958719
0.294425872825258
0.246277963359287
0.279824515194844
0.139059897243098
0.267743136385837
0.35275436929836
0.242729222587219
0.193156165570039
0.344281150280181
0.330669596261247
0.251087899414645
0.175457290522192
0.208159668953464
0.210779573404728
0.297022554614475
0.419068428394154
0.249752677242373
0.165439429186031
0.14575875850297
0.179083627691926
0.359898342129789
0.246778466052931
0.162286137312817
0.295433071015723
0.108080205412769
0.144279776844286
0.136834106058192
0.268257505288004
0.258375612292023
0.223009674424213
0.42865350322507
0.231099587025282
0.398235823810302
0.225712144024968
0.352844704075836
0.3758671589068
0.296647638187958
0.150778078337959
0.227048292495504
0.142495043438442
0.304317561510939
0.268841559303252
0.270551414525428
0.2023410463033
0.251697585131156
0.357045532579123
0.115827733503538
0.271360141429829
0.357754176903514
0.529628107216472
0.115070356727697
0.464775737227657
0.0831521110896334
0.115009796066685
0.224364808538152
0.231512804164725
0.328459623109841
0.373405026314542
0.235594983112138
0.0860807673728125
0.260350404393304
0.23922111426012
0.293436633972904
0.130244885521933
0.0972761815987225
0.262146314039984
0.361335970417478
0.196457635921767
0.248355150150917
0.320325576959804
0.193565841145668
0.401073609611562
0.439133940395779
0.290924338785907
0.320644564139194
0.184313256791004
0.2758833970168
0.357066854274501
0.29664741281054
0.215863039524817
0.17508651165329
0.259073012682373
0.426384639972586
0.218758096143008
0.231751918713711
0.274971196326556
0.211066750335561
0.120470622082021
0.282226436778307
0.108589189155045
0.111127621281833
0.117593533977052
0.230777671824951
0.220895362916012
0.126161947955967
0.216857639625173
0.305648204466445
0.146298675168561
0.301205997476372
0.169135093448727
0.37652831177452
0.227939398322158
0.269076541518746
0.316023055988889
0.266801114843973
0.214382113506331
0.19422241551525
0.3416937918268
0.119747059866667
0.129030255584353
0.155848773431322
0.571416100850226
0.475788623091469
0.175139499431025
0.279092945191844
0.129078582307877
0.169994300887769
0.27061752746724
0.205536768593486
0.214534742331665
0.235440334923067
0.176757460189756
0.212912309591661
0.183337683175594
0.411757395275754
0.308725697201867
0.203094211594146
0.21638696852137
0.325863920889983
0.406222336580707
0.293305326846111
0.2279919496892
0.324039831836977
0.252633483729001
0.105746144859836
0.215552471526489
0.265563481234491
0.196240525193609
0.184769214726292
0.079159010896001
0.336590461050766
0.229973283783784
0.115133792090072
0.321935663737996
0.279481066755068
0.42633159677948
0.138261058599525
0.209285953781498
0.251482353306834
0.239290421296265
0.173669215987928
0.482922780012449
0.380666534033969
0.312558532351099
0.269910358049272
0.28773640529322
0.361842054405828
0.577648315193915
0.467706213857667
0.387738301702084
0.352748651495745
0.191131704194688
0.10914164793824
0.224648821172506
0.228822974983253
0.265296203532742
0.206220969302771
0.148715794229052
0.148158765587039
0.086304587565206
0.292385895052916
0.182226773157286
0.248770648396519
0.209225372002966
0.317090681301533
0.178585912395121
0.252429113350352
0.340182255137556
0.355443830832632
0.247457078452829
0.360114033983728
0.163120699054129
0.216832534746131
0.345729964065429
0.187762893255399
0.270272461833053
0.295753442988764
0.127964333105704
0.0979033869309634
0.427911984391737
0.348120556282537
0.153186937899137
0.225447031308699
0.305384964483395
0.462787465747457
0.274967835895473
0.222276751180088
0.415500962050849
0.208214098296904
0.182204744502018
0.309754198362873
0.3560009879474
0.440290178988945
0.270021896156366
0.0900146315604024
0.339218788968104
0.1473885292704
0.207325406759527
0.291717950625887
0.225522450311449
0.319482561000148
0.25413843136504
0.268368643894354
0.152401636838378
0.411468949907823
0.460354289270276
0.178745161325268
0.192774799628874
0.296447892197245
0.288730129499957
0.273069899029321
0.206172601879509
0.0920198179118449
0.304220273259267
0.239876718087544
0.323875911108055
0.135242725050935
0.209494941883775
0.510983793485582
0.323264103362366
0.286283132975071
0.211243404823404
0.151098870850852
0.122041683265866
0.186689229269463
0.365857778132208
0.133684526163844
0.159560818735505
0.167367186093187
0.145295320159861
0.365820950545212
0.298772456996987
0.283884873271219
0.245362229855873
0.321708581359451
0.253254665274691
0.344036340436598
0.306787919737266
0.225725753787814
0.207731525346485
0.19200429714479
0.273293385332425
0.206138013146287
0.270299210213699
0.337510672891107
0.185336662550568
0.271833317634412
0.273033011422621
0.395452600416769
0.18735363509663
0.451844766477086
0.228843681599202
0.22246641095257
0.19006308767285
0.245169205466559
0.357302906054532
0.194563755788554
0.18080189803138
0.414818673897716
0.320173559433261
0.382278843137195
0.35501474372453
0.239759756695316
0.435197072994069
0.175047697773192
0.212640553540625
0.249368585460416
0.261501050640193
0.118908004779219
0.35168831836372
0.170139642925441
0.228076085101086
0.245286779121771
0.215119784467841
0.347378990139668
0.401749498452023
0.387720848694167
0.342065614643697
0.259224634650122
0.248780690999869
0.102818067559628
0.446668108810092
0.142102081901948
0.147037106338658
0.237288759073005
0.140857371799353
0.237132488635391
0.424971034895292
0.176383103290667
0.112868932177774
0.235753086591227
0.360633458262102
0.205933133749519
0.818233489980564
0.241656547226318
0.114327600178209
0.214975011167939
0.335588301758543
0.290726810326319
0.221281045072052
0.141336209632418
0.30925290987485
0.412374255103283
0.47950228404195
0.133839727062696
0.304586923388466
0.29978469945305
0.250984050617218
0.145142555978173
0.155939662018412
0.445871763200066
0.334347389613391
0.301228205910954
0.165964577624027
0.182219171181496
0.171879597577772
0.139182545141421
0.436146410920985
0.227931447484574
0.328709496894987
0.637759219799824
0.194479161536874
0.325217326722014
0.246873954550014
0.268227762439384
0.434333517941118
0.314563597506995
0.173329217988856
0.400733334068756
0.32500118904883
0.235516114409375
0.235948666832611
0.456812355377111
0.297374032828631
0.293962166975832
0.234871300547006
0.274314280121929
0.376493784080495
0.223918340186727
0.386704210205182
0.313991903791303
0.208343324699925
0.367700672811111
0.232498397342343
0.399997964973874
0.317129613564273
0.272915936468104
0.311964329978627
0.435424502702507
0.371994851575148
0.33553581660744
0.0897188212158629
0.164221939303509
0.182573402630686
0.193420029306944
0.525637561103697
0.227132899475649
0.0939032301468852
0.24487466768399
0.404861336421897
0.135111544832273
0.289919818404852
0.301147572349978
0.198393957941698
0.31182352461651
0.272280241134936
0.203151515673163
0.323108985466199
0.362888000194415
0.408007859057407
0.239237239927517
0.18212459476818
0.173411010967831
0.256403164068535
0.193909909919069
0.160735382665218
0.216079406127232
0.154269443969684
0.250101315478498
0.165730212840605
0.294296179343163
0.154137375854423
0.329140504114511
0.198906758724105
0.217501642786399
0.190719954899332
0.246216158659523
0.246187663938691
0.217727911384135
0.38343022029212
0.305062356453637
0.23769383997837
0.230566542515008
0.217657192284476
0.359485282691182
0.330521885173833
0.308954376818713
0.164906343831251
0.137651705717439
0.0293778583714034
0.390220183539209
0.224787209208622
0.210974030366192
0.144825095412452
0.27184785177787
0.159769309921954
0.0872775091307638
0.132432860684464
0.314265946906479
0.364110457462615
0.118067403091675
0.108700938547816
0.249976672883188
0.186243327175759
0.13340027755566
0.219192477316171
0.147414089366927
0.179385372258612
0.322094053613247
0.380592981366254
0.238084539779891
0.367163215862401
0.345699678266079
0.408551109970027
0.187820227638101
0.259053909088275
0.288039082054882
0.20257179855165
0.261348478639049
0.15430657960629
0.148421594240358
0.228791589660356
0.244224871948703
0.200977402623962
0.272206253617491
0.255117548662231
0.160548532154195
0.301191884274241
0.254312361879049
0.218483482900174
0.256813142676004
0.149427631800678
0.24056255049325
0.634425715827071
0.249407915656426
0.0781217497208
0.278515166477
0.309490799112372
0.201084325421242
0.126959000248203
0.253248297700682
0.457014297329459
0.263115341630565
0.0645201884173476
0.253872141150227
0.137361262380047
0.108538272661813
0.10105840512373
0.191321284507346
0.18499989225465
0.360056233017918
0.178575035626929
0.166904659562417
0.242559926051713
0.255326223607089
0.31554367731644
0.136451876979018
0.32883065763859
0.23088664914474
0.333462885769237
0.198891255703275
0.287933214171786
0.170611567657896
