V1
0.176246798851391
0.20447695486418
0.225735797765908
0.24804130357776
0.200674718044698
0.151748611348558
0.158260954120937
0.138060953405174
0.113621787467216
0.121114366754172
0.117021219193503
0.105794155722652
0.193648619865508
0.151888284310709
0.482996921043993
0.212190674609552
0.200746973948477
0.202167240672453
0.19143441680695
0.173850420809348
0.251626357526118
0.276081270024036
0.19153398859011
0.178779871157311
0.142568883940214
0.162157044959039
0.217312254266219
0.256935550962775
0.15038749738664
0.191602953238894
0.18219640963065
0.157274907762336
0.186526865375823
0.263518949230011
0.1904396371466
0.197049561631456
0.22898472058275
0.143853479627516
0.134244837595141
0.189328817584428
0.208055584876199
0.189321244583186
0.166890061119606
0.152151278466919
0.604290038568022
0.457997295457507
1.16024594013091
1.36550592364522
0.842524952486114
1.64130720408239
0.547700869306001
0.401028813557042
0.368997282303462
0.172895139208369
0.178685142930795
0.18616907738069
0.20832206653672
0.240482008732412
0.303698453238712
0.242214883129717
0.267282266793554
0.176010786304652
0.207949503580942
0.196953030998193
0.221826441037718
0.282513201080199
0.255431757231229
0.188092766316291
0.189116888011448
0.154438395003937
0.128906234919656
0.162067883106069
0.181961527793583
0.153840335017981
0.19228050684236
0.236960930890338
0.272779909841699
0.42610307580384
0.202260258995737
0.186135569962519
0.251568490118894
0.193194079902463
0.162332269171638
0.269119435439998
0.26088123853102
0.280680013640501
0.225226210912998
0.170583562445471
0.226717620141667
0.220201993852548
0.190336827503643
0.335423958341159
0.305181071952293
0.176178076001666
0.16503957258312
0.22430916002841
0.239045827158112
0.246023061871173
0.201398448963684
0.21381588173748
0.166970187577755
0.186241697480867
0.286628020414005
0.348356116210911
0.41358343804549
1.24922205303832
1.20237768431643
1.46924549453618
1.26337915472582
1.19269207500894
1.21652933839056
1.24718997409704
1.0244915082653
1.17503507709812
0.255513508473044
0.237884504096754
0.234715766766144
0.116236310568418
0.174704378358684
0.152852786579534
0.324120473665947
0.24982115428208
0.326498475335295
0.261343407221851
0.264009550593406
0.630048801435877
0.380950055642749
0.227822149608114
0.292769403089614
0.299084241836985
0.344125108578119
0.334686836763849
0.223874422090103
0.114032703376931
0.164094959070835
0.187360633115378
0.78236022399973
0.801276658629714
0.631000893774856
0.568524426577244
0.379315107928841
0.139632682601243
0.142454874442941
0.26027149011673
0.12188467112401
0.708510074836349
0.247949545271769
0.196830957965525
0.229541830067651
0.205353991751111
0.199711790348545
0.17895516130919
0.208155475528778
0.103787472952357
0.144050693955574
0.128247921716773
0.201813757389361
0.224004306917874
0.134412748564628
0.187484331949359
0.222924974800826
0.16751707376273
0.16315901525614
0.296063890993169
0.131501108203077
0.288973583968696
0.294929185680281
0.51402879175922
0.524939112136085
0.704629603034498
0.550456139459446
0.528163702877911
0.188844755675019
0.135267632509086
0.123411620817982
0.258001469071797
0.196017762276112
0.199012030760923
0.21996650372881
0.33205322720811
0.248963245959676
0.178335263044947
0.161188627565403
0.189105541338571
0.207106940157526
0.143764318113073
0.178795962069795
0.180896542415526
0.366795795982509
0.264559261960273
0.523477096680583
0.416706975847129
0.287771073101233
0.274358399484733
0.322584552117563
0.405965133965624
0.429868900215773
0.775021893771556
1.09191037524173
1.29060874188341
1.07592719843117
1.07924648655758
0.980678892212951
0.884884633587267
0.798101098266304
0.75478978421928
0.361168742179663
0.247154903314128
0.300373073078179
0.344317872607813
2.27304194889665
0.799694099550709
0.674646114772905
0.647305446036584
0.38826817710763
0.13080337991031
0.56976858033836
0.48942208612861
0.34548709090123
0.292061757730377
0.319128958266112
0.901750864957652
0.96044515391693
0.73880519426769
0.455829246055573
0.58034008142012
0.480086011743847
0.301902850634573
0.32320127739726
0.241663262282909
0.214754449261882
0.184552740496704
0.199971584505612
0.195614381310866
0.135754116025218
0.23020386340866
0.178356664560577
0.191905925189824
0.221033722192187
0.190239780470713
0.211159818196961
0.156593813705817
0.193654429411246
0.358660148650921
0.32841737328056
0.250136127327823
0.16860105095694
0.202831437909853
0.264932553628418
0.177188702231909
0.286582163599382
0.175185476606069
0.148235952659279
0.153333498652379
0.133988674668805
0.209615579420763
0.553192077785483
0.343729592168779
0.332109681055176
0.21747964914076
0.221130998429154
0.284460748938668
0.120652592423675
0.162868850532202
0.221345599562353
0.191266028621828
0.252122550039598
0.320908257141235
0.185025800771173
0.228641500980931
0.220243836206278
0.168580820044704
0.253741308862726
0.248585109282496
0.175850689344279
0.188456135894131
0.257375286621758
0.188888194964151
0.247229060908205
0.19888868154406
0.304668798181867
0.254959645318521
0.236896960075446
0.275358883835709
0.23199487455389
0.262293807723365
0.291280080135496
0.317499193757205
0.260315740031186
0.156079466623621
0.142672997222214
0.179064357258967
0.164213149984989
0.306612666687765
0.159146518672256
0.182499106839811
0.173355652489793
0.241573863415675
0.313624145152107
0.352350098379342
0.220556804608667
0.167845729204424
0.19620210560044
0.279182385295501
0.22040687696271
0.209860973176039
0.207446874209116
0.143031556248574
0.17207411393609
0.227437455333499
0.337520172528811
0.279394644556628
0.186515674099642
0.195851217969535
0.173348718402377
0.171289529376617
0.187696308988933
0.169714103800162
0.183421224121897
0.239584285808037
0.394067131373989
0.274605433192763
0.274965402038361
0.311932019852874
0.429953592731054
0.318335315655135
0.371246134886336
0.366037313984528
0.538092392657902
1.76311829524662
1.8146488900593
2.03211475085659
2.72053893894794
1.89371214379407
0.814865671150441
1.06094137115053
0.316380397440508
0.206395716289798
0.216875895322793
0.229005330135019
0.297402154657744
0.408746140098238
0.243207570663911
0.175836621851839
0.201513278802989
0.159257960235324
0.221361094296632
0.154165280822135
0.215561290328096
0.183705747467916
0.298394154595969
0.349864269899429
0.352413527105464
0.236433096768237
0.253969778836769
0.19444615350211
0.205828907788897
0.254051062170636
0.484880892829328
0.530545264683342
0.313972461232887
0.164093318129449
0.169953569470144
0.216643962221135
0.163026909963649
0.190519638593329
0.182559341483238
0.184429131574184
0.173282858403576
0.277476231976222
0.218994207343885
0.509403930768062
1.01714847548063
0.583097423143367
0.258148571829471
0.238351214952012
0.264572490254075
0.319662348883617
0.203711602216551
0.249898610845055
0.276551007346673
0.246552580482728
0.199671851984444
0.177499053939355
0.186887209846559
0.196408226005596
0.18038532890879
0.169085631012947
0.160021035582408
0.248480725458735
0.274838947040303
0.33130032125391
0.294616726376148
0.598589634470881
0.606135936749425
0.47439925580865
0.307613855031482
0.370968917577132
0.6710551195528
0.245416134771885
0.42829717081408
0.369632134130557
0.443215132679285
0.399532166548343
0.408331881576744
0.237186150737172
0.286473283065826
0.226851423005514
0.318322582497174
0.254173035951844
2.30169774353524
0.991356501688747
0.81606032422839
0.782691232377818
0.419668988943034
0.453385283286855
0.599283202766138
0.273739049630849
0.285229830754036
0.282134886917849
0.289040055536946
0.299012470231881
0.260743008108896
0.292734272869099
0.286527718160779
0.207030324764389
0.146308188780036
0.129353022990109
0.298537418170683
0.284890609132335
0.286000991896133
0.314512958560659
0.267903081519141
0.954122317828159
0.844914364962653
0.489833863231046
1.74632748005647
0.736558954087418
0.223375738367851
0.178303165586456
0.634180287390324
0.175518645421767
0.0977990906540931
0.102904901875778
0.124802848348746
0.120193780638006
0.119425802503599
0.108352010019469
0.112321498213297
0.212487949597943
0.132632915567821
0.244172582105317
0.192540260821083
0.196724697941012
0.211064817655497
0.192810005963774
0.152611469867143
0.175301137184421
0.155610373768
0.349416730120521
0.239850372015809
0.180569415812638
0.290004163270353
0.421645232414164
0.497289463946529
0.464966462338066
0.422608525533952
0.435437938133862
0.211656627291774
0.234178882627211
0.215835227079831
0.270519796102497
0.151807804848966
0.154907052999104
0.176900119905761
0.224695303772081
0.225309560029671
0.239723284999675
0.250855049172628
0.499316557799293
0.357782506836952
0.32758752752369
0.600167797718616
0.923125116033582
0.737818071761395
0.163059518606397
0.27961545353389
0.232020395393711
0.646576990301892
0.33308085855295
0.276197248511223
0.405534227845002
0.530170831916794
0.28773654264433
0.311539233015533
0.349615954430224
0.249943596643607
0.199408459017428
0.454976276932655
0.390962746902522
0.193976162728842
0.180918251303123
0.163609956150424
0.206412228607585
0.172903784181452
0.210803259481187
0.211660860466652
0.289517365300848
0.243987081442098
0.151283457488229
0.20745102318809
0.14642235368581
0.320446481808986
0.428850459532622
0.38117526366805
0.205625238003364
0.340704413563781
0.369745628616247
0.176548438706
0.184670892055087
0.163067671786155
0.163178595512763
0.171495200189676
0.159367886147964
0.148163334835295
0.152550437486486
0.324315004303502
0.245281193010147
0.14518884566954
0.199691820168035
0.207347323603552
0.173946064840491
0.225767402989909
0.22976689132312
0.317889958036293
0.188782447187112
0.187609988542023
0.204949842604976
0.175176717551216
0.180789844934353
0.164655478022932
0.163519995416011
0.2106557488343
0.163749083733998
0.17020869111775
0.175711822159458
0.279844832238203
0.18076092087315
0.209299298747842
0.163606683984023
0.202438326361803
0.170949002150125
0.212262831704931
0.153246123462442
0.199018001211402
0.154344216310407
0.142424962060218
0.1567442159485
0.145275985116161
0.214205380979038
0.204209265428171
0.23642363963351
0.253776835132747
0.313129010262334
0.396249981689544
0.173765254970486
0.24268523609785
0.117625432987431
0.121171303885724
0.111107175329288
0.136951285045273
0.26771561498302
0.314324307386535
0.296989052835049
0.137093788470657
0.142211484765126
0.177167440863349
0.184108503912205
0.218048012416446
0.244656522761032
0.265075655841497
0.26522679203505
0.19881908268603
0.30264039302592
0.341974194310116
0.342069960491163
0.357628693431265
0.331638419982627
0.226015883772573
0.169653017718949
0.184654272422697
0.181059422588783
0.181632475310608
0.186627617083639
0.182736509957295
0.226409493751712
0.200444074764252
0.183895061867987
0.144943683740539
0.151304638654924
0.177279091517356
0.188002503453279
0.166551617931593
0.171332357112205
0.130039113591399
0.142217173338287
0.114918741043477
0.150100531406383
0.165247653508029
0.645462606426046
1.32113339399599
1.32702819194992
0.977537133117643
0.789730919317632
0.743082651655196
0.780352139717619
0.168747797696849
0.255633628047916
0.132593131661035
0.281419173645724
0.257053768504168
0.257560663555813
0.210218040251459
0.158614269849246
0.16746180224869
0.231816307257715
0.147051854897771
0.123300600325961
0.187673786783214
0.207752045360045
0.232178222917855
0.197807686616508
0.176804619628408
0.20713593715889
0.207714653357262
0.173772205719699
0.164973569955493
0.354367772418436
0.264977595991027
0.298197279429887
0.161821727049743
0.210993067815658
0.157859481383691
0.209284648309701
0.18400543201284
0.182468084628611
0.223925919129116
0.271864907409551
0.433304744763355
0.311501850550564
0.644801991009884
0.564704891623886
0.517006930159354
0.687193752220471
0.468301949439851
0.249838642374956
0.229069460605304
0.224412365977571
0.153908039659318
0.283617153873098
0.208812199073248
0.181921500660615
0.147876176599266
0.345162485624165
0.337638325264718
0.353359262076915
0.376095191030294
0.36525848425386
0.31881955326228
0.291787348670574
0.196335568404459
0.197517122933812
0.232961983423784
0.203282223889313
0.19681521211873
0.234211669965839
0.37685416372283
0.399865515362378
0.187533084213186
0.202906499427404
0.264511645578723
0.172065510445482
0.139431756239998
0.205473131613547
0.21680433808493
0.194814004241678
0.124893987689852
0.13008983873646
0.121166457130505
0.136112980384049
0.156154402750832
0.138214286147382
0.13608439965925
0.146305262645522
0.142798604718963
0.154316436851697
0.252084734493329
0.202565902689734
0.176199218639319
0.167378092276802
0.216539998072661
0.172979878586033
0.188363815008007
0.213444165590089
0.206193547566688
0.17501037869301
0.172130907764155
0.195237209642673
0.199919598652094
0.203477468526678
0.149504318542006
0.127467990602634
0.176484892707032
0.201352132647003
0.141328261312797
0.177875751091602
0.203748273605276
0.163637772207267
0.184224528813676
0.20923861075139
0.200718871339353
0.151398476617653
0.56380772428325
0.326005834674843
0.127479463238049
0.167220830794539
0.320228652271792
0.409613601099014
0.289647677433264
0.18717336613136
0.246915279294351
0.284096872110878
0.234713419620212
0.240951406163195
0.293217683123119
0.249631362334901
0.272036236264141
0.199276892856085
0.214906979062529
0.218983257907256
0.194327577517826
0.253845364129231
0.155079095293742
0.171900406817875
0.176093530817652
0.217407892697008
0.179266814349383
0.223500863813192
0.171994978046329
0.218357860534176
0.316677934834769
0.296535007017835
0.231644826645996
0.191503345603439
0.202865922185378
0.226976225605736
0.198781310648777
0.199059799380311
0.189616816210663
0.19243824152035
0.170663755563727
0.157432261333771
0.297078162916744
0.57959540294147
0.575692854053175
0.325182082399141
0.469391548794391
0.331267192878231
0.22396846909587
0.526682172819659
0.748680466481272
0.147241674197715
0.208638956853484
0.20937884759469
0.21540829613133
0.22147180251853
0.150762428851089
0.133305738928138
0.170882345038268
0.172000137973069
0.251870553508823
0.199398488843733
0.193660239131274
0.132529502230123
0.179801826227917
0.252501017644398
0.217764734171059
0.306858054963338
0.251178860999784
0.1942051897002
0.267600522015339
0.208730778193713
0.325722332939813
0.347489788507147
0.246725227708545
0.192322813207395
0.186444811608211
0.192169016483721
0.221602509436765
0.23496704704756
0.170077680871007
0.218373146119403
0.242998502065523
0.216038207579174
0.204423797766638
0.194133347071717
0.180208637879205
0.200397977928396
0.165795529475652
0.265200270681936
0.316956734071096
0.381604327142629
0.267335728592915
0.280161235632883
0.166100874080776
0.232663982846058
0.24638251788054
0.21374747160153
0.256935550962775
0.161357964510685
0.283305346529317
0.727990704071159
0.744450437945605
0.505930991211676
0.402488803460449
0.29519769339173
0.168169984267273
0.215001558939364
0.138811275308175
0.202549698065713
0.164367582918082
0.152565693293012
0.188284718817067
0.218742508759865
0.164569879431923
0.153803417767824
0.245138971166523
0.175775089802928
0.147953092207423
0.157921058588205
0.188805102440062
0.271593178389296
0.243623811394143
0.504238453890227
1.35455230835549
0.856225930641936
0.318516818508457
0.199855634615317
0.173218755605715
0.339592129706662
0.262966140089383
0.272689907322684
0.295457581695997
0.218836588264275
0.21215460526085
0.199016011041341
0.220446553771369
0.213903564222674
0.230994818372456
0.207718807691872
0.48424127229322
0.571095404554584
0.28340452075508
0.223018622954978
0.186842362298117
0.170708133909109
0.534623242388485
0.379144833674812
0.763169593838552
0.272992761172603
0.137199391339666
0.142089235462962
0.14042103172472
0.134881319770649
0.240018326053275
0.240563786516817
0.258970790923364
0.130278605825694
0.136740542379806
0.310574956793553
0.373120072855442
0.285178494004946
0.252806728793694
0.180161789723881
0.257192615024347
0.383018495440538
0.313737070169645
0.298573244810419
0.303519323999623
0.164640659696745
0.174748059913241
0.167763504943703
0.149071384076624
0.361085682921143
0.22552145058906
0.231364705912975
0.159827527225518
0.318628318906367
0.265585090001008
0.394741562643032
0.59060490771286
0.651757968454049
0.663134131038076
0.158880965784452
0.178201561741919
0.155128728545132
0.285081549798434
0.296371957606673
0.293516917743617
0.243750528719717
0.183256219283503
0.172819082080912
0.201396434989265
0.256545305586933
0.42352785234677
0.904190690514705
0.481894533037357
0.276625686199848
1.33895572440863
1.03951223673761
0.801331147295094
0.683151929353342
0.807215990744165
0.932699228889959
0.570177250901352
0.649454824216195
0.283002371928848
0.387645894155895
0.234260859581261
0.17083450467962
0.134811199717162
0.131219996728083
0.219617034889233
0.184430975874721
0.362823060569757
0.214960712523698
0.359478826728202
0.339069560308628
0.131347341877321
0.185012849418421
0.187827742401553
0.176862974780956
0.167761827317042
0.161298273107406
0.172575578885273
0.135009517908905
0.236236938714773
0.230199259377432
0.157432261333771
0.191208657419352
0.204611954199271
0.156191884305099
0.296760459284178
0.119596703566316
0.181135483517948
0.188235771153646
0.332215973158944
0.440610946672864
0.466842190622888
0.253447139595606
0.26972293864663
0.256927843011866
0.218526060835593
0.987550247457614
1.08749131745565
0.624524324384314
0.637711048669676
0.240400258747728
0.187441215511591
0.288993812827576
0.22786543992899
0.141937281290997
0.195328992698534
0.212949549102898
0.19493677573331
0.195373923533703
0.216189487266193
0.154080513230907
0.18477064126666
0.182734682601332
0.169312357631413
0.159157659318482
0.160176331293166
0.218930708231572
0.155381794565437
0.282236473761674
0.212383856007652
0.146055294430133
0.142568883940214
0.14318038644536
0.255268333207867
0.223302036535661
0.214932769447409
0.165102299538069
0.162471934970811
0.408203277290285
0.225966165747327
0.213745334137501
0.212868643647249
0.185823124732462
0.166433408252264
0.157053306408059
0.166152373333712
0.219546768681261
0.20463650910704
0.202217788800874
0.17429256216001
0.179987117517564
0.32944034120206
0.303476834268613
0.172413434061128
0.19009905510797
0.179080473776353
0.1694055050413
0.205372474442078
0.105897884814213
0.105582778858529
0.130662188517083
0.160423192877989
0.212696289858602
0.196225651265824
0.166051051292343
0.276686550545644
0.207235386274605
0.270184559445013
0.451562268909015
0.715645032226788
0.197847252110249
0.19763369242096
0.218819082037472
0.196072654934163
0.193393172319756
0.205294447727804
0.202456546631075
0.168074154690265
0.210959311625375
0.190925877914821
0.227216947965189
0.191852199052781
0.166356866490423
0.165404713370484
0.201179044251605
0.192403605754189
0.289780946014307
0.275394682817491
0.225086613941765
0.658768563261172
0.503686614970165
0.190068641692291
0.212766491216842
0.437647275551315
0.274075955816723
0.204423797766638
0.160391111447664
0.204446285621201
0.213931373493586
0.222026174701319
0.180471934650381
0.136015014310192
0.393846515558613
0.450685284563226
0.434306835693178
0.180287947126627
0.131707727096346
0.17968319617483
0.184250322053195
0.187222037533562
0.186204452865957
0.266215273136352
0.255283649767352
0.261502875333085
0.294982277711843
0.21866814894877
0.212156726817511
0.197238820040123
0.104206580402644
0.136545143147951
0.374303991583341
0.389676644668512
0.415996263804661
0.301625227738103
0.275866010595508
0.232217696570917
0.14002420198387
0.36889987987862
0.286123998767231
0.368170548927348
0.177499053939355
0.246596963941606
0.376177564896739
0.179071519976511
0.181567099387869
0.295265596669787
0.582394049125245
0.419981338850566
0.422946747625177
0.151747093870032
0.132835999248039
0.164006371713675
0.303504148412815
0.290942391140023
0.146857874504532
0.144466157935128
0.244595366275221
0.107214905089137
0.157660703693391
0.228435816202083
0.221425298323112
0.153721923554281
0.195980522439176
0.315089044232444
0.253665197887284
0.130273394785683
0.14938326907564
0.133585975124907
0.191363599174801
0.238792572829832
0.446804562649769
0.206779969566864
0.190757937047076
0.221319039684031
0.320395214473393
0.236612854220961
0.262390874388449
0.191136011933049
0.177667758162415
0.316693769127365
0.139849281079731
0.139849281079731
0.161681003370887
0.198866804992322
0.215479392599325
0.177270227784375
0.145307949348823
0.241117720005125
0.268861204752538
0.202584134441393
0.476709971129187
1.4601570522949
0.72487213876856
0.137534566602064
0.76223757017732
1.16477973444976
0.947995237949266
0.580085368038055
0.593860996280855
0.46378740993062
0.711018379003735
0.701840576324581
0.596779249680001
0.300072850141588
0.308550424014348
0.365284053242662
0.323582880005849
0.238534816064882
0.377838659952869
0.305410043609896
0.265128676274532
0.276274594568749
0.283183551418135
0.168146442117465
0.211026829407364
0.158672967987577
0.1266294720198
0.229562489762029
0.110297943224488
0.106268114106544
0.244255614898008
0.195581129692511
0.157091003725094
0.102161539282659
0.637366777664931
0.632577839214928
0.542213198348343
0.42663987742199
1.07756816157789
1.00242405327782
0.264115175537224
0.142922893562876
0.211732837394595
0.156629834425194
0.221660133580032
0.177250729131764
0.260373015794096
0.252402561447723
0.145201913253682
0.12788165666934
0.13999200012077
0.137095159415397
0.115144202656125
0.293795891306935
1.36797288760258
1.08812398636817
0.814533273770288
1.45934834931934
0.809651800228542
0.379571611630284
1.39075532661988
1.66663562734572
1.40435482776212
0.761434595020597
0.654726295594483
0.187594980343276
0.769203280850767
0.574339266871901
0.567062926460812
0.686875655158345
0.596104673893128
0.303622538115188
0.146134185587821
0.193470545062201
0.391184876821688
0.272591756624233
0.101798490812517
0.171498630127979
0.194952371299182
0.326645432712126
0.190555840763759
0.122056649726718
0.260354790320889
0.165242696152784
0.137573081672571
0.158007939060368
0.129190140818459
0.229923185943368
0.241228659670494
0.159141744348311
0.304166509167261
0.179198705901355
0.199500208009226
0.202515267543719
0.197337464109106
0.22203505592593
0.191786980392904
0.176910734231382
0.19497381723953
0.147299109649837
0.224717774425972
0.174840700932696
0.251435194145684
0.148363490411939
0.170038567502617
0.222965104907891
0.187300687304622
0.211612184066745
0.687152521832261
0.344035647680309
0.189254993742155
0.157522023302462
0.15545484117349
0.256270948916949
0.318414909432856
0.295877429483386
0.169928078346606
0.170118504413045
0.185847283308951
0.299560164039392
0.212515574826991
0.186297578371826
0.171289529376617
0.236724088400429
0.217499223190001
0.195585041354221
0.143000092767309
0.137562076266259
0.341772489044378
0.335564865992198
0.220523723569116
0.206686939513891
0.220023702455292
0.177680195340782
0.225190177601993
0.180967105826039
0.308417775853421
0.232454679462147
0.311150052262908
0.124706787143827
0.116940502402755
0.124679354668339
0.115169537167403
0.147455329487953
0.172246274115769
0.213773122837165
0.139730459697055
0.131252805828231
0.273137485684632
0.18325988444454
0.169170194967681
0.179275777914188
0.157355138422374
0.185107230036637
0.155831497459415
0.153562135857789
0.172768971813449
0.270790451203596
0.330555733506427
0.251000587303126
0.185975562185557
0.156938699331054
0.137805776752556
0.163968654585817
0.28277606056792
0.294961629675093
0.285375335068167
0.158055348553155
0.160625453498448
0.233454052158762
0.210390489739092
0.169187112833057
0.150440142223035
0.292833819443833
0.225323079008838
0.24726367539969
0.176778100924416
0.143382413185629
0.154900856840908
0.818911712569699
0.258730060045014
0.433789016578713
0.409699628987857
0.268611280065111
0.157127138811327
0.214340372887041
0.137611607528807
0.243679851315108
0.190028731468256
0.120444043885282
0.119827748090446
0.149968501040627
0.143632115762814
0.174880918918802
0.182489982112589
0.169293734296376
0.228278249855544
0.208488790870791
0.28851159592334
0.164295277090047
0.21012556465987
0.335135617741215
0.322304025603948
0.357139077584699
0.172663614877775
0.378547014930314
3.36759890727671
2.12262599703046
1.0108007110658
1.19034835550121
0.536185551309939
0.440632977770971
0.424377877556238
0.681468670696885
0.577704376784383
0.170566504942116
0.166232145616729
0.355194411989292
0.190409169242154
0.264567198857184
0.22613344259478
0.28471972603691
0.193993621369114
0.194162469257887
0.185120187996262
0.220387041236405
0.169785398694638
0.139731857008639
0.166921773243775
0.215462154937433
0.210213835932697
0.175020879630757
0.219865342405983
0.188294133288367
0.172902055152255
0.218368778700155
0.230097993983326
0.173773943450445
0.199745744238903
0.178301382563716
0.358083170403714
0.268278408500852
0.30779847872607
0.256884168990951
0.254391718782901
0.274199317751194
0.349294455664256
0.303819956919123
0.186532461265723
0.129902644181107
0.153566742790968
0.18320308268509
0.16032055488221
0.15419457500835
0.185992300739378
0.194741936393483
0.162455688589646
0.153551386884497
0.187641884951193
0.151313717205597
0.14149654205094
0.215188691686583
0.24044353468902
0.199492228160504
0.163121492997856
0.398511867806334
0.996686561593193
1.6314252185648
1.50313510958379
1.85099808682338
2.88839215628637
2.23934407651152
2.23008343595823
2.33149804791458
2.43585786391797
1.93509999084124
0.523835801334127
0.513720980711569
0.155694426061912
0.155179929473241
0.21044098951636
0.215617343550185
0.173796535531547
0.183476258743914
0.182793167056778
0.185511203969716
0.111495616807295
0.160269260512184
0.209800122317619
0.15401735316918
0.154657853303359
0.203359485813226
0.180392544466257
0.191384650328503
0.193995561315028
0.150751875850428
0.163248777396857
0.157782149185749
0.340850947964252
0.460021983694829
0.455997022087018
0.558802040517431
0.425905409838718
0.592866518855958
0.216661294431392
0.218672522355483
0.23083548692345
0.310742712560202
0.307334053752294
0.236494577365528
0.224455008378007
0.253913911631042
0.193151581879839
0.219097158813037
0.260172605739707
0.429616641216606
0.294493013332628
0.245740297970427
0.102832893650284
0.140164296221298
0.134966321774925
0.188839090417328
0.227815315046145
0.202997827899512
0.179229172270926
0.170720083896727
0.193449264472698
0.200317834766925
0.331674902215311
0.207880891566365
0.205855667286239
0.123877760750138
0.27213418693926
0.2132628151342
0.257462809097187
0.336092116615243
0.245423497366367
0.252647510713515
0.235767294657554
0.213111452275628
0.33249847678316
1.42220573365739
1.33977541611204
0.601901781884499
0.587986670828183
0.566158615861994
0.541748720694461
0.666822757009071
0.656842510025913
0.49179859797858
0.137081450584908
0.132546732185336
0.157808974431191
0.202068202990737
0.202803043496201
0.212082484956208
0.184807599090573
0.241788959857833
0.223025313614026
0.220541366172696
0.158989041582792
0.200349888184693
0.156575023575603
0.235800304389433
0.204262366740053
0.288341424287314
0.525570993888653
0.591875482403059
0.169617394325815
0.23407118511353
0.364062399077526
0.269892917635737
0.203058736383697
0.362460418860262
1.04357278923569
0.537626068734099
0.5439167918409
1.0882711106765
0.65528436010005
0.635610070729304
0.500208133587545
0.47948340223109
0.151369713639665
0.185704235981092
0.221367735229075
0.207889206968335
0.207889206968335
0.159763608999126
0.270316982320096
0.171879780006691
0.18129495289968
0.231369333253366
0.185377683975824
0.185223884333805
0.177831287711983
0.177070025562537
0.179963720713112
0.171900406817875
0.188958096527279
0.148332337350138
0.168243995341593
0.168243995341593
0.179762274177032
0.178103577831006
0.17346316632018
0.175766301268153
0.150020999202633
0.189236069189025
0.173064659496167
0.209021115713232
0.180488177855433
0.273328748858913
0.200996054594258
0.366454834463926
0.450545593778202
0.429628241022515
0.154659399889625
0.336431741134535
0.268982219520957
0.260612669192286
0.56417262591381
0.682413841126273
0.171630734926999
0.200313828450293
0.196697158411113
0.190251195199979
0.233428373625369
0.142416416818854
0.126097482566149
0.396722593288271
0.401737656165581
0.202857807710782
0.200907635783801
0.194440320205005
0.217286178360292
0.358789289548402
0.250937844999415
0.150139562618386
0.150771474868198
0.188173663597476
0.179920534602682
0.216574647244212
0.205791861919723
0.201354146178397
0.149308596110899
0.1638637482205
0.204194971279892
0.15748579740324
0.201601964155009
0.184215317817512
0.323751186859442
0.279774879774566
5.04440647146702
5.4185052863946
2.37488733864152
2.4004518728847
2.08175231879227
2.83678111736376
0.710422795186603
0.169408893185282
0.220863591734731
0.160829577415642
0.160161916072044
0.195880597855667
0.238618317862467
0.152318736958518
0.174959633041665
0.123332662649967
0.439026281919846
0.157064300524297
0.254939249362745
0.276517823216879
0.304044866893671
0.252425278700514
0.511669177742974
0.715359546817056
0.68116616576816
0.559662698964589
0.76858893289406
0.574952413925434
3.38261811536728
1.1803275680545
0.610948873543407
1.08499990561323
0.652031112262462
0.390388063485109
1.63651666790432
1.61030242021539
0.963993140558619
0.364437576531796
0.303212924240308
0.160302920591076
0.203948044785299
0.21646638698791
0.23974006621696
0.243292708211845
0.295702913287331
0.281635949857562
0.437466564545904
0.186681746941043
0.186681746941043
0.163849001146788
0.163849001146788
0.184145329295403
0.18412691568317
0.137867803307023
0.0817099089412437
0.246629023630754
0.296052048674377
0.396059035220166
0.179159286522347
0.154159114334232
0.219711490520741
0.217027761596513
0.209000214646731
0.255475184321157
0.258618830035361
0.337024382370239
0.251671654347065
0.194300373561295
0.227169237415899
0.166963508903826
0.202849693560757
0.317553173208267
0.385881481272598
0.308831332694266
0.645235443571592
0.774988568546622
1.38118385865397
0.834906947884853
0.347336926632282
0.239232355639946
0.792004662650552
0.872434237708547
0.473270108295659
0.483943071524754
0.347691391043565
0.177491954119194
0.250128623356564
0.265279842698346
0.252036842943616
0.195067427136383
0.193809414940721
0.265019995798279
0.248217475436909
0.150818221270725
0.202495017029507
0.0995813879326198
0.326012354856738
0.297220794663825
0.213649170375609
0.104750913442826
0.155811240681465
0.166248769662479
0.255618290490364
0.402661910861361
0.228214340893257
0.190156093379816
0.195810093531978
0.172299678738034
0.191350204191689
0.146697886630553
0.229702565599571
0.318829117992348
0.249389337314548
0.222401716179731
0.224821168380995
0.159390199213903
0.250088605978302
0.131601087032455
0.110872986345607
0.209617675587038
0.171855718521833
0.18284801323341
0.129222442391192
0.674658933170861
0.709118946463558
0.17535198188633
0.176592581333275
0.185746952867621
0.185746952867621
0.136232812525196
0.217795223368037
0.204820764867891
0.184432820193701
0.159682150332262
0.216343036305611
0.247669520529389
0.248614941285494
0.202559825803807
0.204833054482468
0.319176831200232
0.249598912367091
0.463391967949931
0.353380464268699
0.26697506885941
0.422576831083094
0.243431424585937
0.138377475267682
0.220201993852548
0.220201993852548
0.251744649710641
0.351776235544252
0.194005261335592
0.194005261335592
0.173812177923642
0.181567099387869
0.157510997146751
0.308763397274243
0.216414441288766
0.387693965227115
0.374352279912785
0.316839481772502
0.289294522734964
0.218106893328364
0.118688840038058
0.163088871961469
0.197262490118705
0.195721998812687
0.183214075199823
0.321605384168498
0.27876392564076
0.405533011244143
0.73757536954249
0.369977531819446
0.31911938454097
0.538156967619441
0.470783947686669
0.798469906161767
0.520424215995116
0.409926665465614
0.23902909453586
0.20259021205659
0.201648337939545
0.19160678533628
0.162066262435341
0.193757093462405
0.453461458412979
0.428728683295159
0.549390937898076
0.545816194512621
1.58204133923559
1.3889124071824
1.37564126920233
0.485796241095295
0.719143757756361
0.76521763149468
0.93751239489841
0.768240840956235
0.278340526338774
0.395836908413802
0.359770122536728
0.129079085058177
0.123861657687962
0.20480642791615
0.155097705901791
0.169778607414517
0.191361685548378
0.191361685548378
0.186500753442549
0.137694199268368
0.228369579420182
0.172737876197212
0.200353895222527
0.223420417983338
0.205423823979113
0.174087018231429
0.118380649874785
0.117453825159467
0.190302569957964
0.147193092461657
0.135148649352745
0.185743237965713
0.22569065512077
0.189546670966336
0.180526084352826
0.550518895036345
0.720977030529559
0.132683325653046
0.660350185883482
0.995334278453655
0.234640669736944
0.20388075303427
0.20388075303427
0.145216434171041
0.220312122379312
0.165973025635701
0.283585957701993
0.303987103856623
0.154077431651458
0.313919090451123
0.211754011737034
0.170130413125154
0.211775188197013
0.214194670977741
0.175348474881762
0.178804902091397
0.200179663135631
0.154534176498035
0.221175229051755
0.212911221633635
0.223722239231118
0.3618592336867
0.262262334354878
0.40007109906776
0.300297989195786
0.301558877486796
0.293552141887153
0.154746033408685
0.154746033408685
0.190700718249211
0.214775925780616
0.191762049705983
0.193648619865508
0.25388090496801
0.201052341369325
0.112211477064216
0.183617589868647
0.209479373565838
0.126913439962484
0.196530036863183
0.153705015072674
0.182251076753197
0.179437198742787
0.264532807356829
0.268670381047595
0.124212682645257
0.120277945738801
0.149764682507229
0.287339740072228
0.249331984362808
0.240429108509729
0.241585942410818
0.236291279459623
0.220594302452677
0.227346498543936
0.318545486312155
0.291874898006919
0.269642033901355
0.289138345864238
0.560025477921205
0.266430994863098
0.256399116430616
0.151542373510641
0.205944204257257
0.251193932183575
0.237915431092498
0.240527704655046
0.239833583077387
0.343664289750193
0.725111386047983
0.543774848082695
0.484165736546684
0.484165736546684
0.431464950013511
0.200640606242216
0.160561216165371
0.171574106128738
0.17574696803836
0.13043242531622
0.133429770931283
0.16662991559053
0.278154100645708
0.292035473354995
0.352843733981367
0.200680738376544
0.191130277938702
0.172106811123872
0.162702809000236
0.186144876973691
0.198566742720813
0.233503082657737
0.268613966191342
0.181745122362278
0.186872259467794
0.135629279672002
0.170564799285595
0.176290866059275
0.173548184099332
1.00054871949149
0.492959627388329
0.461399969198083
0.319352426741739
0.213169000136354
0.19799173333352
0.208935434621614
0.236468564392758
0.378710203858437
0.772480896473622
1.3425650491902
0.805220601479872
0.247285930131924
0.312913025768473
0.282363508755597
0.282047438658085
0.256378605321757
0.359989649260319
0.161214419809137
0.158093286389166
0.234992894844338
0.248143021362947
0.251757237257813
0.170481243006905
0.240474794380366
0.33977555897815
0.465279955368966
0.103727293671723
0.174980629457389
0.229495926292168
0.297381337235536
0.188774896040248
0.195868845372373
0.193966464163172
0.19398780164777
0.197902657097176
0.197902657097176
0.175106660876465
0.210997287719213
0.174835455790346
0.213972024316256
0.240859862023341
0.15666899677889
0.196793563636085
0.189459499548654
0.228483792760848
0.197876931423959
0.174456474195027
0.203870559251465
0.254317955880592
0.266047610333605
0.232326864540768
0.227189683567329
0.149886041043632
0.169763328027432
0.210525182749691
0.250238704166843
0.263302952262502
0.321505701950948
0.332495151815017
0.316105266194181
0.155937498914098
0.194584259292851
0.250058597146151
0.123326496170998
0.260758653158729
0.173437148796596
0.175859482098564
0.325767937258652
0.465455398981183
0.0873921340324129
0.298973601137297
0.202940996464472
0.200462115542804
0.191164684485227
0.187718833897479
0.177511479308013
0.183867479677422
0.41763309294313
0.464660150380261
0.279109807310871
0.192007662288125
0.191781226869795
0.197012125771266
