V1
51.2658680777541
17.9686226539946
7898.84236863782
225.702189407575
218.146735838641
4.47707272123595
7.52809789667706
32.8304642060191
23.6298034818607
39.8343191315606
23.5545130970708
12.9445126805249
7.33923771505157
56.870490367964
248.01880898414
9.12878361420154
20.4550886956433
22.9754639172583
14.2910641715571
162.705988204396
7.66918017284824
40.4207307923366
17.8072952044221
4.65808913014555
30.7484607267606
22.7420602468114
372.323912914533
159.495956100272
20.7901494732928
74.8023643911026
21.6193436113037
13.2153048414759
11.5636624569249
4.83585887203217
573.643802278678
24.2561789192023
44.7326827253762
7.90479792248157
23.723411857421
129.51890119537
5.11696145612921
16.9600228752282
21.5516075557902
46.7471352755273
16.5463321651049
220.049140478584
386.168875116424
59.166663104114
31.6561575399881
12.2571703236407
52.1682134046704
22.7825583242327
606.482127993493
102.59538281653
6.63506767426599
42.8191747301366
66.7308624422292
20.4212696743045
10.2761041621403
70.2477981069049
18.5171556080728
128.853540207975
31.3311200300695
4.86462114341341
12.0640882391901
95.7186088324662
9.47115872544871
8.74180723867617
6.84427733221466
9.10750412208892
3.82776259741215
256.668234047175
151.968628395456
289.53955705612
674.262367110058
9.18417583783896
24.1520458723468
8.69915443897047
5623.745059711
9.71918494596075
14.5461064168393
12.756959559853
82.3978933348574
379.917951753094
23.2914094117849
189.103022837993
55.6517463100232
687.677455399521
14.2001290476953
713.344064610231
7.7511830013675
5.11736630834015
3.17981091124486
5.78158809001846
61.6051250147938
2.26228644732233
96.6748444620819
659.144544167896
27.7477506567386
55.6315459638679
28.8022071814909
5.84902652220072
296.67399256018
10.6218091249319
130.933695732042
8.99902898715603
35.9832600907474
53.3736104818681
22.2580315252357
117.073284338397
26.5939410099616
15.7602384342664
13.0737439323833
8.62402175557072
171.137951609039
7.6979289028454
9.6698359426777
14.980719126697
16.258555492243
4.92666034392932
13.0251592157366
36.3393451327063
27.5267271637248
1.71838787348556
44.8990762009522
32.4397082126646
47.6517029617752
2.84406814133195
143.630170219704
3.78201145708135
21.7907124177774
29.9431996754608
158.644183287376
8.74114000017717
17.9924514419452
10.602559540417
8.94906363961026
25.6334355659335
12.6238102411404
21.5839369498473
44.6238637844335
17.6515599843882
19.3234364716832
72.174902872128
287.122949759629
6.95609243065809
518.716757872161
513.292265530358
9.75443201930134
27.5640734257674
11.9249113634245
218.757996417106
176.907257513831
18.8870352537952
43.3550795464053
3.08333737457439
117.40118065579
16.7377290585334
29.1406184794901
15.7341239575876
36.1216655651446
2.16611991367857
1321.16882242082
77.6187356476904
14.2959679728189
27.5180545328139
17.840404227665
34.1321413275709
6.80578541929644
252.331381162721
20.2438477761891
59.3704766327979
28.4085960041224
14.9828653878344
553.685070846873
27.024497719759
138.852764845647
8.00934180549978
11.8315240416907
13.668947491034
55.2932294044598
11.8324295829044
17.2931537061493
63.0647300499515
14.1340384500638
416.498025500477
31.6166026649857
180.39351733485
99.4051334241963
18.084784318451
518.35514997319
21.5618870292112
127.385545998714
20.5029322894632
2.84600048916163
153.507982639854
13.2796516631795
29.240702028402
143.147112417362
11.4277164617473
4.60582591720534
25.772717851987
8.30654790310949
75849.435950309
10.4666870075806
33.1213721754587
7.28649681036571
897.280474159139
6.73685715994968
278.59788235137
3.67848381209214
4.59543341120223
57.5838110634185
50.3609486304044
17.5260786473657
341.936625354724
8.02405027729496
60.9116437774507
12.6509382761228
28.954411735503
33.6884984282946
27.2747051663047
26.4749516990939
57.3993662178286
113.948434362108
21.2245005655857
23.201224656756
24.1895976043352
7.78529490004247
79.8509173352699
24.7317393978281
2.34882595747515
8.9486762573842
7.5365486041912
17.098573369003
48.8209460655056
168.561732126558
84.2746444031202
467.87066625393
6.62905093692274
61.0635439720138
14.6676267952286
23.0771993814072
76.0592684038191
248.854295182707
7.2162072502926
53.1268714902849
42.6026627291681
36.9196490683645
4.7737558544875
15.9514041649434
15.3909517107037
72.3174625160897
43.5586286330696
10.0245803840785
17.6017032610835
13.5437773592112
95.1756572837671
33.9240723102019
100.987640901836
110.046881203956
7.25502562931569
16.9681019512361
446.845561853713
12.45937326294
24.7121283000713
25.0654047971215
9.77278907020633
16.7302612175254
36.9658475800027
7.75921445607969
47.9438985054719
133697.690404309
7.52375329629638
8.65417438642764
16.6432002024128
37.4595848816133
38.817607107449
6.72869883425
6.41294613174166
141.42069867433
66.4329367733586
105.767914144062
26.3037095461868
7.99213550911109
16.2729375057556
51.2631433464894
13.5336642322065
27.4587096592973
4.0397499327393
103.031384784357
49.6636864070659
51.9250339728343
17.9828310335739
7.86320733373652
11.4427131674345
75.6682702835358
7.10453164489961
16.6661228599127
12.0056361900017
90.5226664251473
6.35115850289919
441.714630606667
263.445978253563
21.3177329225928
75.3498181264413
25.2218382131829
14.4469781551855
8.94724999770057
15.0443882498849
1135.5887952861
396.214817078007
16.4402920085271
169.92426252781
18.2592778446742
261.940675634628
76.9275071245823
32.293211547308
26.2295062367331
116.818015555035
9.35733259322688
7.29053870557757
33.2667366998466
40.6853220245083
20.5882550466587
112.25184802156
10.6402526129019
34.7871204678747
3.35030594642274
47.2436351312697
32.1160831185112
49.4339874214815
34.5225570760969
28.2624969508774
5.73320318672139
20.6075190189244
45.3447682263268
37.6348846052261
6.99016579228924
9.10403965098904
54.2999057071607
82.4703850585787
5.57045200438415
2.72563924468826
4.527018521638
2.85938552034322
16.3994898716832
26.6739176540782
646.708690602038
10.2142357945016
14.9358906524926
42.4663225881438
704.381299324541
18.0459953123619
8.2134472540395
1506.52234865505
40.6502934225288
31.5162575161954
10.5177923332981
24.5168967696424
6.12573051256812
37.2072106641219
15.6872387207671
9.54630298991815
132.323274289613
11.6111414012803
15.3924850176225
8.22135951781293
7.75542351927239
8.70831243975459
5491.88002535487
316.835045883574
12.1466024789656
88.1469612088655
14.847965505156
17.8721089792837
65.5435247490398
48.5380897954723
24.109563810499
69.3667907363012
9.92106397031557
34.0076385669978
23.1449209510593
12.4151984242696
11.1630828110622
38.732687719702
24.3534464881521
4.77379953912113
19.5795279642545
47.2398389779656
153.442608244942
66.5080037086656
7.08354078638686
4.48187969568472
7.22221308984339
8.91071369673055
11.6769720694088
15.8948168095744
11.8683582482058
4.57389527199165
10.012447392216
114.313706692108
11.4863449100964
20.0311835123314
9.77030412157313
32.2843833722844
10.7163175048597
5.65848262874619
4.04928560948275
41.0430656828459
6.66397437682072
39.9842729513598
2.2525557688019
12.9936293980888
67.9326224851475
9.92045262830589
41.4663748798113
16.7325012154554
66.8558959547319
22.9917350588329
8.91138773982026
44.1559373911809
42.5382618359519
119.357760348118
40.5099026125238
19.0829485188204
19.1270270203215
76.360047549032
31.455565588923
239.517796842915
8.72536766767212
88.0396152266251
8.72832691415083
39.5642669045623
8.45505323455361
123.237287359402
8.27758946172013
24.3628439838635
35.0577413414117
28.8303449093356
2.82225343167833
5.81168711961867
3.65644357399778
32.2499705550808
11.0293016886847
56.408039792697
79.2018336354067
32.0822863248842
13.4471951699189
11.9280444947097
15.0753630470405
14.61242372653
20.1437673112143
21.4532518089721
67.1212588497916
13.1088799175896
14.9624506387375
8.97363731467532
13.3079970441402
89.3063546230148
25.7687514330277
19.0025033350077
45.2451307344129
8.52335684754889
18.6452281388368
29.0607627632539
654.46998555566
2.70529298984412
9.52797372786533
3.73269381001216
38.3865996893135
206.230801327386
14.2977421497221
21.6423988072682
4.43096903624259
13.7022908601026
11.3426998374217
5.40585553252045
57.0048710316624
11.1482317650798
516.115321016567
10.1140915334336
6.51902433841566
47.0011355340344
54.7886844337429
5.01240837288381
11.2744334142105
40.6062777380276
6.66456873513396
13.5748302423711
24.2473573321988
291.362554981898
9.42435306391192
67.501211931809
38.8590122376946
42.9381048945365
12.2421751079082
4.2419294747478
250.546169271048
21.6065355505602
4.65340812744127
15.4853804688804
22.2644471931664
9.20607605031712
12.714406979189
3.26426684556253
11.0460358945225
16.2183384909821
40.4207503829396
6.16406913320567
3.28892495681097
7.0420907892914
35.1333539674112
14.7653159214291
17.3862968875456
52.3118470635793
15.6740564877931
3.78989169613388
29.9967460070131
16.3390934390444
13.0016747960282
100.26320846789
393.865883527719
830.798174632782
3753.05926618706
3.14218290779321
4.87256808086917
35.0839503612501
5.22866486828731
5216.63289867258
16.1870053863716
12.4040268802774
23.1219024479084
18.4538617525857
310.80779701356
11.0150448466996
10.8246638304154
26.6198113773706
40.8648305215187
53.0119670599531
36.6773929755361
7.12298305435717
9.2119019241935
7.06363639565669
13.1463496839682
5.08571806554005
27.0892924515739
3.89513515474623
17.3127170831747
15.025313498499
15.371923646491
1778.88711490318
1112.72476582018
68.2705682543023
2.89843559627734
441.669169876633
17.9874869787734
19.9337325837382
62.5070425842467
33.3471670304057
28.0663676454259
12.1422078151456
6.48000802797647
4.39395457192001
20.3559669772557
9.41601416711675
30.1402723384893
80.9696618133434
9.15203573566234
127.226433877293
8.86747428880606
17.6206565596785
11.9083863494849
7.80427069829685
248.0246070152
103.27134377963
29.6817589266765
12.80918706879
11.51334842916
13.1586680987816
11.7831895057652
7.88421865381866
112.0578320055
5.89687693143013
407.745620593088
29.6969895636902
15.4221752191919
83.6541452895673
29.3509743253584
21.5878157866423
26.276828654798
13.8311995760218
14.9282710816192
303.18263197662
29.7541755793679
368.849890560623
32.2360496452108
20.4707278137266
3578.53344389699
31.2020682545916
8.74774994223075
7.91809743247991
30.2084894469815
12.4487859094149
8.21933095089806
115.172467231527
2.86574519043521
24.224057174653
11.3578834306085
27.5444004992621
128.358512452872
11.8111300338248
14.8824257273732
17.5166452097567
9.9002141086729
40.2927997618345
10.3393455523976
22.8310815408868
20.8127616568872
16.8206799949978
49.6760128283262
256.037473322695
37.9294332187478
209.008225397007
11.1263330909983
52.3714044171795
44.3290008790414
6.01205251607745
5.53836886841566
922.225178715643
280.312537642985
10.1613534299906
53.2839409098668
70.7298529726387
12.7252879137018
67.1953139235777
7.60671851956847
68.1674749044684
9.84656303320814
16.2617776828079
14.1731477529057
74.9255647883446
21.829266998907
18.4149405099332
12.8812890865578
23.9049611319262
26.3080535473197
6.98737642832185
113.710727380426
11.7963361232287
48.4895016975074
4.94672160861274
23.9082920069494
25.9393480324333
10.2053921997105
90.1484061384842
43.2999640044896
17.1222812252062
18.1510743644062
79.8985862042538
29.0905775977162
114.787814144176
24.503915223248
11.3725841667858
28.3158604515121
73.9324069590157
59.5883660825671
13.3344557723776
79.8420064811784
7.02543773619236
9.83313004444528
34.2598676886771
10.0370439275035
54.1291779707121
9.50027163528009
8.07825624409808
13.2824153461219
25.9972989606351
34.6450804139222
1557.67150530176
12.2199844627512
18.2752096055719
21.4407392335482
283.586905533714
26.9665422583783
8.03658807438609
197.112460887004
135.057630338491
63.4694938454369
10.5997572737604
57.7689330406356
12.3727336779683
9.21182476383126
10.6618150260853
4.64780646594796
22.4086776109941
279.822544444587
15.8399279392818
9.34909214657477
89.6222475922472
7.13735918689038
13818.2673455766
26.008897116203
148.127510582483
136.555195436386
505.404298545618
15.1491622665566
114.468459342507
6.36198134906406
35.0053410997028
27.0248873984599
10.9514600723819
8.9027773658821
122.988159690478
180.864156489595
14.132343974588
16.8131820596303
5.35904950344574
62.4589416169049
11.1818751164286
3.40178381448764
17.7611602163983
34.1902430190967
29218.9943242887
9.96753569437528
17.2735304326931
20.2667499039844
89.5594079543907
29.8219062976047
14.3521607322222
41.0304898601536
14.4922954417701
5.98824844417148
74.1253870098614
5.39402446508325
12.6392929550111
7.87199877001844
114.753973087302
6.55933283230483
200.32629697716
18.0589624047226
17.4351247050919
20.5901054152064
30.6897350176351
24.0943099469852
37.041186762704
42.531653121922
9.85297763538131
9.3540588162553
340.013441503622
14.657544314814
11.5193949851501
17.6186253857034
75.4091856719398
30.2765416455354
3.89211403455594
7.40819811308796
3.56216608951836
296.171598995179
13.227092825585
5.60236950008202
20.5914452208825
81.8701550010947
9.73207636094588
35.4664331772864
8.37052506094488
140.364204588223
22.4504884119292
26.7589057960011
846.916234803975
1637.94355896016
9.69579979300614
52.4240447623913
15.1236730910702
23.1772093691978
191.870625369008
59.0611982399518
3.06468725297707
219.30086180359
49.506907078378
145.142876472875
8.07907850666606
30.9731948043207
21.0385878924063
20.8866535616705
15.5058940555507
16.4740941301162
6.43798556617269
12.1892153963833
14.0751718557216
12.3914138617482
53.275800309028
43.0778962472313
22.9410996667272
47.1010692870876
53.7173654504227
10.1273459426196
54.5191627814344
3.31682326672555
18.9741148630973
6.76241415130553
6.45476481732033
45.5451534095305
60.7712319487502
17.9678287597015
99.0776532334644
9.01542431487976
7.82725773483063
276.230480830328
2.75886112284121
22.709408654876
16.0720253194278
60.1309059699967
27.0673858882222
9.37705172378105
35.8889352721511
58.7233393977086
18.1769380629787
30.453180541249
490.85701084738
10.5234233209685
23.7589851428183
18.3972376749764
4.1753901868365
17.4887102206931
8.59398418622899
28.6511014200368
86.8643986050075
188.702212146864
779.875707142407
4.10049268494889
109.388183286046
11.0056353383938
21.7114515317798
324.732894948182
15.6427108096793
16.3193913343272
6.18227507546117
1728.83400651358
29.3071815381725
5.30470478331466
49.8566557507618
165.925799315876
44.0217838482934
7.53923069976448
5.63565229559473
122.889801744541
9.58301697500002
8.62003790684266
69.3181561947141
44.287865658534
742.462503623159
184.569440779611
4.7817275439204
47.0372863247451
40.0420294591427
115.837739877142
14.6590084466276
12.111344197665
1078.20575270688
8.85637814185613
23.2434594126423
64.3295665953232
37.4008913121051
16.0439277508162
5.7290596512219
42.9537816589958
247.657983307795
4.59060388134484
4.21533077751379
84.2412888043836
7.58059768028683
24.6934642835295
56.7383520927449
13.5484675347001
113.960045380065
24.0628209742512
203.872470757154
7.45817847679404
4.70130370208673
70.1800215888078
144.688015532558
73.2664492139243
9.08597018762903
240.251077520317
9.08947929441404
20.743015934143
13.4218018169346
23.3591588601494
7.40665900571679
8.4958306070193
20.0300722217706
153.509701044952
25.5778332636585
230.481374236394
69.6159240552796
10.8761596131812
12.6626048244759
21.3767628996183
20.1364473500363
8.7451568209245
10.7344418766162
10.4598438014475
178.175584209478
10.4736160025758
4.14391027787364
23.6855203388181
8.97735872329417
14.8596210875296
15.9331183640665
42.5099171746606
28.4654900032083
21.1828704373329
218.210500768081
139.414144702497
43.5016725259011
3.9035103634484
15.6999365641833
44.9408788412843
3.04328006104005
7.46376548851346
27.2847626802562
76.8424763509039
121.805230088054
138.683404550031
12.013227375953
42.0763908587642
71.1969865577775
13.3560790545234
180.22419929056
21.1995209989456
20.4412398907402
48.0556494372627
5.61220458869728
8684.4097425024
147.575607830425
29.7319410091247
12.0126501608918
7.34141085715596
30.141643332331
33.4564551145089
107.261547687713
26.7927750016786
31.0188096681628
18.2679006417646
5.38087300667903
21.0236343247569
111.591512688967
28.023995949954
169.638567343535
10.0959714923949
95.1500582891566
4.5517084419718
15.7798906142033
11.3190469279285
3.15219884142002
23.1151944991241
33.2357267427273
18.3370387173799
20.7643532053539
5.49057178422091
340.996346855548
10.5956517963943
178.337793480828
112.024969731212
5.73558413879848
38.1575099603343
17.8771382660966
26.6632205931967
6.13882758733171
6.85687511020229
15.0952381217922
33.6585449464157
62.181132745294
41.8285311684702
2.94974833879348
3.98581199836032
167.906053421625
16.2635827841496
13.2404821511443
11.5831484751358
170.321198667179
7.38703219259444
13.3592217221512
10.980548754583
15.2739899705093
33.1064380200022
737.673797032537
59.3414883141191
13.6070139891165
112.491532375275
28.1053360948552
4.57564590512519
56.3886760877942
37.7734921239465
176.938987823749
23.9167193306753
25.2387560994027
38.7782637653304
6.56932680435695
41.1205629067212
46.339441076958
132.566145100926
16.6535644171902
3.90178279415424
941.568152819287
7.7631168872321
101.778718348778
62.5974586685098
30.4756801897554
20.8094058248494
60.6244501508109
14.1465159277485
18.7333784273425
34.3019034801311
44.9070279155091
7.67417618896158
78.7019041806575
7.52016662242546
276.515984660493
11.7341715737953
22.0131793901789
7.09278631903792
9.21006725753879
69.3139825893845
7.70023225188886
15.8205243903557
4.70580372101033
27.398322866591
9.99450759927616
38.387251193151
6.78473327094588
20.3529000613154
81.0810949997091
150.960524079779
11.5492570876122
10.7546856513325
16.888151196474
58.2203515936928
6.02805688799709
18.7640933647634
78.8928574370622
10.1609237240596
205.286084773883
14.414350314325
464.834648294018
929.184997983817
9.00505358308857
84.4421063481705
22.2850798299007
22.2879814377304
9.46625712440368
25.8030434648289
128.585535891181
6.93609243160885
43.6866856567918
12.1443660495445
73.6859272555647
8.71871617064125
35.8715620570548
59.7638379236358
36.7169714871822
232.854771878838
37.1912140289219
4206.95943351693
31.5261532688274
41.7430538574504
17.3583409912971
32.7543792005026
13.5197947970741
14.0905195903373
59.8147814603722
4.42173208176305
11.4075237292296
27.808359408401
54.5666402705672
10.8807492554322
10.296189534363
120.271110808017
14.134953099265
35.1440151248434
19.7310070065164
85.060950221073
4.88364132899995
21.8899344368951
90.6095535207319
9.87740542995762
7.28132784367839
33.0967279402367
26.1495370878502
17.1263119239941
14.562767156338
101.610976820085
33.859350318962
64.9451221097302
9.00933145968018
22.0600475406899
258.848058538747
118.47810637659
14.0128098086905
6.21008590330949
17.047206947593
8.31225564551199
89.0969740456422
61.5675149776445
122.469635867335
5.26857023802823
100.131457715991
22.434779634115
12.0563205214907
39.3293556047959
75.0604652302071
34.6875659783184
15.1351599483957
19.8441700447991
28.2875325873739
14.4446341187457
460.849693964605
16.6891925015884
11.2810973129698
16.5579906331213
23.4225769851175
291.491979263825
22.1032208455095
142.237044295059
45.5647798188957
19.4860614149949
11.4135657650051
13.947583694143
10.6031572620178
25.4509877463203
3.75751616585197
44.0898265679976
5.90695058869521
9.57687785078337
287.480339299599
23.5104102931
51.9728152754178
94.420443529822
91.4927803777889
27.1455164055701
33.4997064225945
43.6409581494997
186.384215006356
50.2800428524372
580.485205597224
407.70116254937
23.9933537751969
30.9682440794841
23.3412862622927
18.6050552691092
184.444970326411
104.160636291077
52.2193829082774
16.7644807062112
11.2293102653561
26.0080119467564
22.7491473262371
20.5190739220024
49.1449026626777
1110.84915199202
41.1369061214818
107.935675141514
2.9223843142336
34.6965066224812
7.18654387208079
6.07491165794374
7.31111492555388
12.2671232898326
11.8260365130972
55.7003189795279
31.0541723662891
8.68167626753274
28.5971202721495
40.1784895914303
10.1939677832604
163.071542374622
249.255509169041
25.7451469546938
72.0462371914347
43.4871487922612
40.6811164364415
10.3808777299649
78.0084645968171
248.554798574676
5.11686426044227
53.2968628259316
21.727616418316
147.503534923166
559.105863606014
21.7364376799766
4.23258079992029
21.4546998541694
20.7031325570932
15.9677803050496
10.8258856731571
11.6302239295942
10.0266582095084
11.827608797116
7.82554544816315
23.5746545849128
44.6049215575841
4.84882993043738
20.3273031287666
463.267591767441
29.022057891963
94.019796176555
14.2016762377905
45.4403782991545
10.8320138699815
410.562208424326
59.9414886641658
15.2039702196902
86.2824229370174
1112.80196350633
20.2993689438751
9.3834843985139
7.54664630053161
1239.5959501264
25.5065956313022
22.6467907771977
10.902142564167
191.037194342428
17.1880808393953
33.5798170829093
48.6348577056962
94.2849148263991
21.0290018313891
4.9455838837335
59.5760687679696
15.2017149268534
9.33400379240788
29.3815020674237
33.8307443994551
17.37421893939
72.0480029315717
10.8090616496959
12.4163274609413
74.6465632636628
7.8747048912144
8.01283944841365
56.8902897407778
5.46852227968799
23.8920553861613
2.97403916773031
23.3987037829814
88.3255979378596
392.347762771335
84.1545203917022
72.5575914740957
8.3053779539663
380.789510203083
6.72698785741699
4.98263306975132
23.1822201129994
15.8932970730967
4.10474392917695
14.1827221458518
6.4346258929771
13.6493035181009
12.4751492218455
859.63197257987
27.8125511376998
33.1512041612083
27.7937289321079
64.2047736701594
415.180160207919
116.276096340151
47.8645368640765
13.0081217665444
10.5185233971991
86.659354657038
91.398414986838
6.23505379688056
7.94133768376207
8.4324081909187
10.4958628311344
895.939628136025
39.0816881134082
15.7253667033608
55.9600325804126
92.5794062466434
17.0095407654574
2901.32224294245
56.9041612101262
20.9675299863619
6.01585463840946
97.4894790173076
68.5264788095079
104.778245533882
30.8358115315252
12.3602190771406
50.5047019192393
18.5908548024477
43.9823315026352
19.7356107780527
36.5700349180635
2109.96897765413
23.9670706621741
32.6814676472639
9.7283699005337
3.90287263911566
10.6447795315643
10.840129180201
5.82160683069516
69.5590331788863
7772.63263882354
10.5583105994054
55.0625314317552
10.7126090111071
48.0856817030538
42.8594309775936
2037.61537071955
5.29002858682399
23.402392270495
14.4389424518997
215.465375735273
38.6231834703925
5.29179925658417
7447.95917602867
191.707854498172
230.981244549737
238.643188449308
19.7563477579462
41.1616599404469
36.7480540348934
17.863871248162
138.084680137845
77.5778293749777
143.674442071813
9.39294551847544
159.072776575245
9.03819131646805
10.8997250848849
4.03658020505458
11.652369759133
10.3337768617717
20.7394159488492
31.2998465966277
16.7906676985832
34.7796620155583
383.483731333942
15.4770143514329
12.0715115444728
23.7034643874178
104.024065418324
26.8901413400377
25.525128326008
7.99993075990073
75.780813686152
3.80132456334063
21.3152774409332
11.3850071343134
10.4109058155719
138.290277590015
16.1572594976517
10.2518900630645
15.2283151348231
544.422827818481
33.0038365658755
25.1769191949972
5.87282712696172
21.9176879006142
52.6287753466884
83.3995613996608
1354.18745229986
17.543424646502
35.1109269798717
28.3956379871443
24.3679775556333
99.0075120999101
472.967743625234
39.7275327267409
44.3424583885997
5.9014484020892
70.2917526033431
53.3331983129243
9.27414361561358
379.799974998355
44.8993890720556
9.23709649773478
56.7791653453991
131.48630613043
89.2710419545379
25.8399375528416
3.38794797637021
14.4494189132821
105.906142246847
21.4451791042436
95.3072768408647
134.655616854946
8.38896963261753
19.7549962569663
6.98287752503037
16.9254488671011
170.637186245138
4.85409134470863
18.6257883968965
6.06255507360645
3.57368840346301
7.5839479748524
116.540125388052
5.02863128209465
12.058110532174
65.5831086175943
23.2071671292477
4.77486574706074
11.3395565466135
32.5411623912259
25.1938386806001
5.95307670116705
16.9579187109608
11.2380458705661
129.31948610696
23.2735039472667
9.13694124548309
17.7764500446439
7238.61610201148
89.1498856989974
30.7828642564034
19.9670597454731
11.066198808161
8.07403401177949
18.1646265289472
21.4612163576984
16.8732068102126
63.7123689956025
87.045863880194
9.52112086065251
5.16552038901484
65.6356970049761
948.947448017659
36.1926272469457
70.4772782396006
11.8603354680256
99.9184566960566
72.7687364563141
7.42530326032834
16.8590105112802
4.73779717176552
21.3841326198664
27.435490545265
5.75577921049464
29.4880922439038
33.9601805802893
22.0416538603026
158.940439092193
11.7577741181132
2.18297537779423
12.6479439376785
71.7101846153558
45.9112318968487
18.2330735832557
14.9411824894198
7.19822078868524
43.2084465605303
272.685287313337
8.44403947322379
8.6513898136647
58.0252273932946
8.74503695820131
10.7972197182848
8.55268593294431
35.6401705036782
20.1552360376379
53.227679488682
69.351319769813
11.0404818981544
33.1664245498924
62.8976900618653
36.4543725921262
6.71872400153722
31.5588547921835
17.0300558981683
5.25312663784488
62.48851602236
9.84261930844044
10.6598676127063
7.44725614310406
1014.03204960094
13.4570180462973
42.1775517394341
11.9402343499757
12.364561334889
31.4627843308502
20.5389622392686
474.43321063462
60.0452767011276
15.7460786946727
3.2932774945008
147.872153147208
7.90065470366052
20.3016657186993
24.3668096952271
21.8458343896159
278.496331157835
56.5754803881767
539.497505830183
4.36655635191565
8.46367762299271
125.748990552235
16.8832425508756
1801.88845892818
5.13152640453648
26.0981020918544
11.2232162199419
7.55060948646097
2.98797351413805
98.0367593897405
14.9004811360955
134.373303864671
51.1164283732738
13.716940931904
19.0381205110433
12.841261566557
18.8779042730255
65.265444703424
7.66105669659802
235.255750100282
7.1626130294587
22.7796846990239
32.040785732923
24.4948018690597
837.960533117826
12.532979880736
26.500145310515
17.3237362666208
9.81382112702583
9.41716954821661
57.3652874358986
481.091759102163
708.685363126657
145.695414661739
464.069031723361
53.4753389490873
20.7952014075363
64.8598731701115
248.057277005876
8.0551090865223
48.4147901045276
20.8446828481464
36.4627202300824
14.4241650338161
7.49737100700756
29.2500834298853
202.039332166809
11.7400501538903
42.6281849590678
27.2464249573243
341.457469293294
2946.10012952825
29.521727413091
33.5056682561172
12.5952243226954
142.732631998006
92.9840325644133
16.1917814043725
4.7786975701928
68.6708435747435
16.4867787038107
149.99089311192
4.30469993518634
72.1239724252836
6.70774411782136
46.9852829993047
18.5790536807369
10.9325938948464
144.91708466917
26.2355530255513
19.9335051029466
18.5142268284891
22.7661385480713
15.9261690364127
22.5647163489262
20.9274983588286
17.3056497942487
14.4848287659196
118.131925550707
31.627714820649
3.96927002479541
7.48488519879151
4.82040787995461
253.440691134457
8.37457556238689
10.5474774124392
21.8266423035338
131.581949952796
4.15556241089559
52.7872760867153
28.1410440759345
20.0885434349034
6.26824785055586
9.11145324580016
104.947274871444
28.0932829635812
40.2260953983471
22.9330883801138
15.0702233484071
39.1875876211386
17.4484233383254
100.756460929776
7.52308098806312
5.3793861848487
15.7371526242597
5.27305923336585
6.75393578682801
96.4458934936707
27.5760160252707
30.3968267853035
88.6057412894393
87.3837406147164
382.162836137489
67.7120383973266
2766.12688173957
71.4285237293676
20.4542640674948
4.31665581385837
24.8178669561204
5.4520747590815
20.5212469613119
5.774763406912
52.7436208301448
49.4721316463961
9.72715698685416
158.984455331683
65.6985079663182
182.971504777525
61.1803379694895
11.173589604698
218.279828643417
15.5758097011408
8.31514375507188
4.70356488971151
4.50796633609851
108.220913102729
17.7197045173288
16.2799116580556
42.8280193243968
49.2106893803554
56.1454095813975
157.999989250877
19.3880327656995
9.59010759802817
21.6743089122594
10.6370794623371
6.77412760336039
68.271388889839
6.20882039612724
6.1199508568131
7.49564793643407
53.2503573014172
35.0975613216521
3.86143637786729
9.5090401043053
8.8319855829552
200.039728088412
48.1026422701977
8.44368359181238
226.304860323099
14.1458852371529
33.8750638502962
35.5919265101136
9.07585525398499
32.4343054985394
254.93190753958
25.2392529323576
112.553346527891
11.2370205832807
2.88091031048894
15.8819933619378
55.0779127413756
889.468861019156
66.0057771025921
50.9161666481586
553.728744463186
12.4489795416301
6.66196333510509
20.4742954830934
39.6867606996346
24.8949588398315
168.499123306065
21.6073757976909
2946.4952484712
10.7378711971561
5.64655934273562
420.408807237159
32.8970070706194
28.0065606162597
17.988733160306
44.8306896607306
12.4154395531069
1060.91145668528
19.6308318562749
53.2758792076099
173.077081228988
369.730244424031
602.155741260302
33.6722563582766
22.5154113297716
17.2685626037217
25.8300970363554
7.88917920959144
5.34174115809425
6.89705336652186
8.58091827256638
21.3315890783999
63.0625974479629
90.3674449377417
12.8908751178136
17.9993335049787
14.5462524840594
8.53980991146212
13.2461321773649
25.6276293731664
11.8175792722969
5.24811110318696
26.9186865879366
48.3720151293757
303.397502411171
6.4432429401886
9.1917268595465
1530.98853080678
171.121822206944
108.70908853256
28.2315109018099
104.498505763122
21.6680644283465
29.9948463488919
9.3078893950273
10.1925007018031
78.5762520041216
94.8873130187666
57.6165593414666
29.0812014654236
8.56732664683967
12.5240394063384
116.504607515988
43.4723920541052
36.9538546581488
51.5827541786515
2.84301852680204
135.65403792211
4.07220468336731
20.5691502391216
318.224119067462
4.1921152093571
4.40489374533658
51.7702255102348
7.89093516820841
23.71009763497
52.9586365939225
453.085881699513
3.36960312442658
12.7380827670259
5.39629245983593
13.8525162824178
18.4042479552497
5.27923028496014
3.75412407258587
14.9752967018085
20.0391842774433
204.47385692886
3.53918354003594
73.5734815587541
19.9866837547665
311.127573530781
27.8452791696292
20.5957546017649
3.75050524569601
7.01351502043749
133.63186419759
11.6610734096454
47.1922729530968
517.063014831723
59.8307825283852
4.39816185732689
37.2208167215414
6.8443132385166
14.797649079158
12.4972788973486
11.5141193552989
345.517413705387
22.1522883114505
8.79316090036399
11.7302468800654
14.0098370701725
29.2253880240733
21393.505552289
12.9637237350446
38.7575431482134
13.8736026865486
16.5887836161974
40.6681158866874
9.2089957784167
46.2367159740424
9.35590113167149
54.2446434815816
82.9064165753658
14.5431788414235
20.1765132748679
49.7491755858428
10.0535980931926
32.3487752800347
35.4238843936696
15.0847372337265
21.1066628467082
20.0024563617401
26.4866134018068
31.3446204101804
10.3873207085111
56.9605995923486
10.4946899615972
63.0612884173425
5.32055421472115
175.611029722446
542.849410388149
554.611126331688
49.5131547481272
116.661393045369
10.7005770066167
5.22745731103746
32.1416192546871
48.507122334205
5.24868268005317
9.43041817210549
27.6795484558012
5.85094472437475
55.1333857175679
3.40820302266469
25.8992341889338
12.2337241374122
287.839968640611
7.7582743374549
11.3019918359919
8.75604257141912
11.4500263326304
28.5182587835681
7.25088721402792
175.382399215704
11.0834189191929
6.40351660393766
87.7707190755558
26.2862671766209
14.2258579047922
23.414003259191
12.3685754565631
63.0134145370765
78.9673383537523
135.005430885463
504.900858846039
25.3424673941931
4366.95794272595
3358.72472551581
5.72766535654552
31.2850719769736
51.5711640864018
7.86370781204745
17.750049631212
15.1924427435675
47.547566034608
149.533104449409
51.7726569764094
26.6142816344568
63.5602818311028
1093.64861457327
34.1711909013385
366.686180507748
72.8846862781751
308.156975947039
26.5408821022713
158.466048658725
18.768944282965
24.2791177662165
23.4618220494241
4.93934921661408
98.1305828732335
8.12323656739267
30.2566785414671
11.4210325518873
12.5689190211564
5.76791570552876
11.1735652547243
17.3058460519089
37.6983330419291
32.1521101943814
215.578838838411
43.8455297525165
40.8687469940469
21.0032485322461
27.7967709892835
108.338251460704
8.88337172312048
25.8152839148675
41.6993013509832
7.80310009121184
47.1433319852937
51.2158513755481
28.238560102316
23.5914351144515
139.459359860754
16.7073382566175
15.1634633545051
15.4224399191717
19.1971528483741
4.87784395503273
4.5235813541857
215.18454213487
10.4885729107677
25.4370838579833
45.7374795719779
15.7167844720092
15.8683745740184
107.681624170981
2.36613909085677
1068.20228724431
18.8528285423914
8.84044771774993
43.138603357881
261.680887443317
26.9117355607414
85.8485351238906
26.566109111754
14.8072172062661
31.7632978224542
11.9796188901137
6.38387458965938
44.0503135725715
24.5867113110955
11524.9720978569
12.5664251223955
29.67257403222
4.45867291424181
10.2292539842099
57.693992887937
236.420726162863
8.76061614134704
20.0093185116821
4.77904257166158
29.143916060671
418.399323157926
13.2572966518813
34.2716358876853
8.10862412773464
2.77729489001211
36.7766111745884
127.903137259484
82.3742337448147
8.9110948361864
24.6689356615761
50.3129232392282
14.6434580019966
29.6811808910914
11.3297773885519
15.4511732942556
292.854120666434
7.76109014663603
61.140345981868
17.4947789234714
4.04620544158755
6.71665867806679
55.9390851330232
434.724642679536
81.6339399046805
1474.19715557331
37.4254674886864
14.1693740140146
61.7742054412168
12.4469058258966
27.417586172639
10.5955745269272
7.75029551020459
18.9612025815167
4.56197120505825
7.05399596785711
461.704147540447
17.934131477625
72.8210421177638
25.6976721378956
36.9120461314762
1121.61584894052
44.6795038559299
10.6705726180804
29.187482681791
450.352147171319
3.16364543520237
6.85098055909183
22.2386213283074
33.0006716095829
102.033646050636
9.07170780586844
19.4409338400582
974.980235354981
718.032333211364
23.9099391689995
8.24667917643695
3913.87745732699
19.0379512058865
34.3214306846365
29.6018310189771
234.783836953224
