V1
4.81114678277306
2.6444190542487
52.7687216700915
8.50943943139387
9.30085977474479
1.53225052761977
1.94558767854502
4.35008903221527
4.0681252380624
5.11594581178738
4.00220955371009
3.12037710052807
1.73665416491241
5.45853898324024
6.39241844063076
1.85028393298963
2.84754927336608
3.00726583854812
2.4373468860416
8.62996358828429
1.55736881094154
3.41333313352531
2.72001388386107
1.43992428102148
4.1428039623805
3.34073525398663
11.6765199210447
7.02842162476028
3.31679024721038
5.5738032103348
3.07288574526441
2.58585364683295
2.22112026797007
1.20844239232648
15.482373783657
3.12981397342386
3.94279582661545
2.09112632030887
3.75003089206009
7.37824857028914
1.39897982582767
2.66998369615467
3.20567629847561
4.94464100407772
1.47612528560784
6.18334458540788
5.14646084339703
1.85689271336887
1.7291504471139
0.770895020910628
2.7531275652918
2.12622159455822
11.4364829788596
6.871753689953
1.71899068953391
4.27819367305022
5.04883059996635
2.59953184943637
1.64092233696654
4.80408865538072
2.34799481285626
7.63261935002531
3.4626140285338
1.40196846551816
2.08034644359209
5.19246866000926
1.71774692555446
1.92313438969495
1.69704637767848
2.16629260128442
1.53720080540555
11.2261967532532
8.15233940987581
12.2380975975546
16.7048238073594
1.7562113895588
2.65439676673589
1.27460686708459
47.0384064890414
2.03842766321172
2.14506435724997
2.29230156205058
6.3555141848232
10.5990622794214
2.66545606796847
7.32214894770816
4.43429927872998
17.9109603067918
2.23253654400839
16.0558747084834
1.80018711997772
1.10184696782709
0.910577507704311
1.61600503694832
5.45016241528454
0.895870756510027
5.6729796480346
14.6015005534142
3.31116557962284
4.55025412668249
3.7050023304201
1.58087817086689
9.07560287456641
1.55769560447471
5.01925443788953
0.75713456315197
1.54320942947769
1.70024370310757
1.18405422312103
2.7948583535459
1.31894025976817
1.0027903690647
1.0077223104235
0.764230865824645
7.30064616088526
1.60471879564637
1.8106457477739
3.20250996968233
2.72134844021723
1.60152860014461
1.78827109113798
3.40227184312045
2.59019093038563
0.723352344123519
3.67878114414814
2.02416747745477
3.15500651425022
0.996706049181445
6.24820200587072
1.00313578262899
2.24477388800164
2.66823978365858
7.50939424917218
2.46981484056893
2.95387843124351
2.12207757186414
0.954070538333647
1.59553828899863
1.26175579961531
1.73814432747283
3.05969814507001
3.17170709414362
3.28547822129999
4.69758744064364
13.6916086341085
0.883903238248106
12.9026390847357
14.4055792171281
1.83892976036349
3.26824941732158
2.17982081500394
9.86290664076663
8.22382714160533
3.80543663297054
4.89392584321398
1.38318548739301
6.8038685752059
2.43845727415716
4.15359568402482
2.58424605424118
3.59086922178887
1.01439424455651
25.3845043823192
4.56757438530542
2.94128524885239
2.75280126593923
2.19400966977046
2.29870432479886
1.01573338687125
5.33826658458858
1.71072514743107
2.99085983031071
3.45993140698073
2.96889994959455
18.8950674586975
2.88710643014684
7.50800616257226
1.78959112069713
2.06888874638714
1.80991739002343
4.20400696628225
2.29780631640519
2.92189745424293
5.15152973518704
2.33040217002819
15.1836431057631
3.75123105791347
8.90820901206918
4.64394748082505
2.33233134872989
8.87687152365707
2.02919164617278
5.93514831723581
2.43861884943686
0.83789725977865
5.48549952913404
1.56790735173114
1.73273433009475
3.22992819495211
0.839416486993201
0.583656577974991
1.37852566439737
0.82099770114599
82.5900861311305
1.02157611997146
1.86868552530753
1.26706641382523
16.9970894949375
1.33595933427023
8.02424518505885
0.358860590347557
0.676233000771018
2.60619710691668
2.48821204791192
1.89527200513051
14.4230927238825
1.05862620525358
3.14704857170564
1.70702752547277
2.80876298763246
2.8983630717338
1.55142868322642
1.48107268152396
2.48647242045282
4.46013656031556
1.70597445824361
1.96106052014957
2.52508372693611
1.38450990674657
5.1277837994122
3.0272710914129
1.00637592209607
1.8870800457873
1.75097896960403
3.16590955093262
4.10810806712935
8.67221207246359
5.9115224105906
12.9786257117125
1.66521409392597
4.79711833007977
2.73015744508074
3.07944818947753
4.1079918922129
7.76523452639065
1.51516997616839
5.00751259535942
4.0883286964454
3.33009165858723
1.46422277033082
2.10460185537111
2.64410535828433
6.23074364475023
4.75459626141922
2.44002414365998
2.58500053079031
1.39581221622844
4.69406986243103
2.85107269173625
6.07882820241881
6.29302017445403
1.42463420995602
3.34536394167505
14.7759283583173
2.11644857310637
3.20649984165098
2.81272053459092
1.55673211437019
2.68244164362721
3.58688845309024
1.6743724294861
4.75726845541919
204.76769075904
1.55193949762892
1.97895469364073
2.65099156343847
3.40324430555123
4.04396175575012
1.47167141211456
1.60183887575258
6.07767632663209
4.55356007522248
5.96063177961211
2.75710954546229
1.65572151560105
2.22194869783734
3.74233181412279
1.84175328583729
2.89724295965167
1.43515703119041
7.58069361000381
4.69796709252177
5.01625374177798
2.16037455582156
1.98287967014531
2.23372241432474
5.89363135999085
1.52981115037846
2.05640008066719
1.64664681621068
5.71496409739742
1.73526735277871
13.3848690989674
8.66556427252635
2.77429734320763
5.34527841608634
3.11049844177384
2.83509518268518
2.03414582271044
2.29430599815823
16.3627294720098
10.6231028363213
2.64845235467099
8.30920792245539
2.89518652634415
11.0314126791001
5.71094570620095
3.891273166255
3.37338051306666
6.22903563543959
1.37463056054247
1.45351766798141
3.10285258299902
3.22169162538682
1.95206397480792
5.29723704032363
1.51021947695004
2.75005657695329
0.703896613800083
1.46024589948042
1.18675221478786
1.39134161538627
1.00489126924693
1.08979133417113
0.748256888583041
1.24326077027344
3.37717742510036
3.80925479322427
1.60152293953566
1.77864527463958
3.81173368748488
4.00698066553359
1.35005586994515
1.11064326936967
1.33705529719586
1.19531081867807
2.42806098678117
3.7106088996654
15.4512645808554
2.10347151703058
1.99579290817359
3.10790402665478
12.6116727074574
2.46451435885453
1.60423055488376
24.8303693151039
3.9643658432019
3.14196889071069
1.31383197901435
1.91763786210422
1.24602923709584
4.24779134910764
2.71021144888621
1.87257568636873
8.03680699687544
2.20222987791689
2.59028414642665
1.88344146510543
1.88720911742453
1.5803350597523
44.6723989239306
7.03526610514698
0.974833176329908
3.46839202838068
2.13940831596458
2.44272335636373
4.44004755728701
3.47608722183246
3.06889381772445
4.69990357798525
1.68961038650037
3.31305411749105
3.03713779181906
2.35924954071059
2.18020509945391
3.9614488130546
3.27774132922089
1.49890395592254
3.12038109717639
3.88958188734084
6.66544142166464
3.99687987299577
1.38322098055067
0.771899161888007
0.973744909589343
1.22258570466419
1.73802989603216
1.84652023006149
1.18634579307081
1.21782986545708
1.36393159190378
4.96088730861811
1.43608023336275
1.99743427397544
1.37988363527916
3.29114223925988
1.72534437227511
1.40888098445578
1.00612177487465
3.58467862430832
0.479995959145016
1.79153270241908
0.468674918180351
1.14938379926166
3.58906082842538
1.31955380187359
2.34653507513142
2.20550030936335
4.31884335597642
2.54655198023181
1.56634967834344
3.4280328263666
3.6031189710687
5.69617879241764
3.35422620038943
2.70832529304245
3.22540672172301
6.85393326868002
2.89563909073101
8.1794649400304
1.55812812342149
4.71970510372201
1.61016994338911
1.81653848084783
0.892373971048516
4.4744713368814
0.614163730466877
1.62239015882277
3.53402024986015
3.58707502480097
0.595095551283854
1.62324678512661
1.7248728945876
4.99392134396122
2.65189807162545
6.11117294089277
7.26463170834706
4.85410579010153
3.08659379101696
2.11355006804578
3.00748382020931
2.1822663132606
2.88539076952895
2.94586058431985
5.03056993632141
2.32601802855697
2.79320522458988
2.01830575094788
2.60874808290452
4.50987392864554
2.92396088056245
2.89386575273112
3.52353731712335
1.26831405936384
1.72732591926219
2.23016891524896
11.1012225220106
0.703135603492382
1.89268965225273
1.12624373087046
3.76204274322087
7.78883146953214
2.73767410494812
3.33435756203573
1.41182335509311
2.2028993828186
2.00153633255246
1.33959085934288
4.25245403781255
1.33293839674592
10.7141788661875
1.56745408763267
0.929715399429755
2.01288498190757
2.43089309494398
1.56403048385053
1.79127327325794
3.73188779127806
0.905672062241391
1.80089102588459
2.64312437885889
7.56132976121775
1.18935889920576
4.32069233715976
3.15053691993745
3.1262296861404
1.97425548884769
1.30108299636596
6.61979552837894
2.09710389833483
1.38167677702305
2.60984561476876
3.29075963917496
1.88392945214742
2.41902787683189
1.11006710724363
2.03787721873603
2.11135343517328
3.63089623587973
1.80066572371285
1.12321853013557
1.95633032098121
2.9537730227093
1.65524963170255
1.90518107564215
4.499423645838
1.91336088767949
0.903143880414471
3.67705562927357
2.65344336597895
2.51889916382486
6.99252892677766
13.5189594462924
20.3677205965464
44.8970087320593
1.28027737348396
1.09342879115752
3.37378332195841
1.69287092120894
45.5942491577711
2.49246521869364
2.38215004626917
2.85480357282616
2.52810422922389
8.82069115384834
2.15480213438325
2.142763788551
3.21494657493183
4.30855584997757
4.83053253528649
4.21023371975926
1.86183242876104
1.86544763712682
1.85276268993618
2.47917276311736
1.51764682306813
2.77546179280582
1.30949565336415
2.56562865432836
2.70337515346736
2.45817506054742
28.776367927316
20.4245251433123
5.95411307607859
1.07654134876282
15.0903193443916
3.1702043536013
3.18121938343106
5.85143828896571
3.51973001922554
3.30712378926514
2.02161499103368
1.42546596198824
1.05672308880285
2.0218843431876
2.07657274043498
3.14374256855957
7.40125918607262
2.45162494158371
9.54580793011107
2.26992747263759
2.28859666004863
1.73633109346465
1.44607563850639
11.9986825715208
7.60182113384627
3.65130346046484
2.35298374878286
2.04983934978362
2.06881966138501
1.88079549936961
1.5380331701254
6.69710554017875
1.24521015525091
9.74076471129971
2.62841424613335
1.85247223089914
4.48029264662339
3.21467334068742
3.18213518184066
3.365130123593
2.46555347582188
2.55742598517449
11.36996877367
3.5996175920569
11.3860367347048
3.5774153370491
2.9762998073273
44.3249200384735
4.05098502635528
1.98159313623129
1.83072736191756
3.79913866035698
2.40457801574789
2.24272643222686
8.02774154724826
1.40869970711877
3.5836649122136
2.33870864427741
1.84279144127068
2.78057152239508
0.841590295208557
1.10069070262876
1.32855936156699
1.02967175659928
2.02704541049931
2.2081193130261
2.66593354092392
3.53426743673372
2.18092133284013
3.92153816229277
8.89420359838637
3.78920631993432
10.2401337402137
2.29939305999991
4.24004227233812
4.89783089020278
1.96980781084916
1.5324425359266
18.7949381765617
9.80179438853559
2.02185154689974
4.89718412359294
5.21277186792983
2.20798088345371
5.54720741370184
1.91551939954168
3.91251992412812
1.71962132781991
2.08318211965468
2.64003575877949
5.31589001988179
3.31725844649967
2.64613222526619
2.36025762574158
3.22883336467701
3.05764628455724
1.43013014888899
4.56981968880839
1.73595443561506
2.4462776283993
0.834916469594762
1.91832047160594
1.73314538440033
1.31688222275927
5.35851299994135
3.87842358428878
2.46406686482528
3.06348376234996
4.73476433971856
3.32960953526922
7.08599670439274
3.63131314727536
1.61924607834966
2.58335494466109
4.08041420734077
3.55080576591275
1.70444330302601
4.46414522931142
1.38419900798558
1.99637198753205
3.71522853080149
1.85163530484926
4.60321311888272
1.95989925656151
1.65672190749607
1.6747382417904
2.27458518556687
3.83421892754201
24.7163892676595
1.91737913112354
2.90722964022725
3.49811511166925
10.479984366628
3.14610864227588
1.81184414032321
11.2067927855661
9.08935243053491
6.45633981945856
2.48939180990642
5.42581678088055
2.66901757106592
2.32093902537598
2.40813409019485
1.60937445590129
3.39935944421013
9.39859953671901
2.49452865383871
2.05483899613034
6.52760214974082
1.61955156564255
79.7304232277087
3.3147997502427
7.43140253147405
7.25958252723273
15.1594216021161
2.64642717314431
6.83056597997523
1.59134219409384
3.70001991794132
3.79271444443575
2.61475203825504
2.00356786217985
6.97185911743503
10.0915253053247
2.51445457482684
2.56255418366592
1.61434804920758
5.19419979958823
2.06220327797417
1.16132645695214
3.05541341638545
2.19675008102592
84.4529867900557
2.49441583416589
2.86708411362991
2.24417659304147
4.17122378788368
2.86238299681316
2.47019755392485
3.63642333840849
2.01479299114683
1.42487252636242
4.94781920911806
1.20991941313307
2.00727504151929
1.51748427015451
6.76940444011221
1.55847429117392
8.53215218587609
2.71940722167136
2.3378841077506
3.2504816874836
3.76923473854774
3.29974677913573
3.68213630409391
4.34511473918089
1.87300619366183
2.08035395532809
11.1316282885013
1.91918470514035
1.7582147437989
2.46019638493323
5.59782104690808
3.44622517996709
1.16814743884639
1.72212070018573
1.1933294797593
11.1488057311623
2.33873803583245
1.61625653296557
3.22620244209013
4.68298222634698
1.15594016918382
2.21415696635051
1.43122566195771
4.8781552678783
2.32230229296067
3.08344213407003
11.3120414480835
13.1946016466554
2.28913557209122
4.47159672632608
2.39749276918953
2.92613546070275
8.30309665235106
5.58341144039729
1.352582380278
10.1057055381901
4.78589942526623
6.77180170774305
1.79562255018777
3.56753167774251
3.5542426821633
3.04041208718495
2.21060886732436
2.45359040614442
1.29211540220738
1.96513051892734
2.40154929457678
1.91960565639085
4.50678471862004
3.24413219243382
2.2920873297596
3.89765748631059
4.71451496711785
2.07906343070692
4.75146980010701
1.09136217217311
2.53496723990852
1.77878020473233
1.53368321307743
3.86201854057172
4.73128168737623
2.6447044246315
6.37283761527066
1.99526393156456
1.76300367534933
11.5144834440416
0.90985671808237
2.38780022681209
1.83072758992556
4.23073125826675
2.772772276913
2.11954316178745
3.50356981436602
4.35507356737829
2.60138683814817
3.07113775292823
15.558845340237
1.71927838480125
1.61155857040488
1.40234051900242
0.81039725152773
1.85950374388577
1.5220743358451
3.68206530786537
5.67015814855294
10.4009064833827
17.504187798975
1.40898057055171
7.55356254075642
2.15672657802458
2.8104308454352
12.5309222289881
2.84490706020351
2.30165839195296
1.67297929502466
30.4936697932259
3.84292644481389
1.49526722605253
3.82205745359942
7.36193808388879
2.63579060265109
0.665519360651646
0.723724000429454
5.54098284032454
1.95338567351831
1.98999597798461
4.03032214517539
3.66089714818448
14.7196606759694
7.05062143145378
1.31864385058012
4.2003933813992
4.00137357527714
6.46648759403928
2.33527674694421
2.04263195784376
20.3239435404533
1.2064025394308
1.79966271169301
4.2500789133491
3.65313295959286
2.6140430886608
1.6342166563567
2.52855178730591
7.20972438572707
0.691861952761888
1.10849906749441
6.99006922736411
2.06046956213259
3.74084745824816
5.78572148530036
2.11942451881616
6.1398286244085
2.71921123763369
11.1593220178835
2.08335272431901
1.09754163707059
3.8688109640585
6.35408415511353
4.80234465855119
2.00331562341597
8.6218108923736
1.37421504001893
2.29376066128599
1.89136363621763
2.47474522498413
1.89207215561733
1.96694315506149
3.08238995096443
9.05244383726743
2.37422464907902
9.01818327597854
4.89328836151395
2.32705722951945
1.77833840936162
2.53083710522599
2.01479129333091
1.08550128811295
1.14483165043106
1.12035840581473
9.44676752962669
2.16265696708589
1.45798858353167
2.57129542709151
1.55256861706411
2.0071617240994
2.28072370251922
4.29646062594625
3.62041664587565
2.89308759829258
8.22717726664414
5.11808505979002
1.95667199752784
0.802872784600203
2.1251900048781
1.63430361118902
0.482671021217705
0.860930410843523
1.78277489090127
2.7523322932883
3.22371935989346
4.39949038055256
1.21325039944792
3.43968973707922
3.82303505228754
2.13002495807919
9.16249654598418
3.53748905875113
3.52085933216531
4.17286448914444
1.55612644466328
43.6433199214444
7.39133373089402
2.56548831802876
1.67907494505034
2.1089883890003
3.6006224526235
3.76491486771546
6.94702137028721
3.56498200923656
3.91194529625233
2.90234956766655
1.78089881921029
2.6611849698265
6.21095938565045
3.76368468591265
8.40240459474237
1.98154356165142
6.96258267623995
1.10478881453338
3.24031668803729
2.22996594556354
1.15438531051994
2.35306318520043
2.45002218235234
1.7679688946115
2.55335132309828
1.27275529825265
10.2769524172784
1.96429761002482
3.79085489855637
2.86312023603369
0.854887991043383
2.18209226787336
2.43263304628081
3.36448677020347
1.30015015953837
1.5474583082336
2.90915466388545
3.70304834117101
4.82043265916406
4.13222999567951
1.09611028167491
1.21125668598169
9.31224485396329
2.64659018324067
2.40124501612054
2.33326491690871
9.22817132265885
1.91571496876025
2.20359767727407
2.3714120579218
2.07522289341982
3.52200968281455
20.0478864701793
5.75521974263781
2.75001282048079
5.9218378718006
3.16477702848366
1.30157726736129
5.21332087320182
4.3012972856915
5.87311620297618
2.90217878619944
3.06535459167097
3.80744292385979
1.67728020776704
4.43408832851305
4.84559287028925
7.9681611211158
2.45688678230159
1.23178540318278
19.2491372779126
1.88266783793222
6.70815124638443
3.88852620013497
2.82689058354084
3.09912688035463
5.03766165099225
2.50723878339349
2.96646590766461
3.64571789837798
5.80909637571186
2.40499626826587
6.92329319596318
1.93141331790168
10.1712711408211
2.18144061841517
3.2479971508774
1.42826726189136
1.88059168420636
4.51830174865695
1.16489869017043
1.32634552011925
1.37577356701122
3.32144117518907
1.90648403735587
3.9471175512262
1.67086317972753
2.80879223673643
5.64532511760353
8.4542735819638
2.08724169936452
2.11719826937796
2.43201226730989
4.91415769815997
1.6981004356496
3.00458794246074
5.58627795219504
2.05000566053962
7.50827050815853
2.04086758966191
12.819452580557
10.5944820510161
1.1927735875703
5.94592410412766
2.88702503081274
2.01311378191658
1.6578634143313
3.16931064113763
7.98731806867289
1.64309582310165
4.0311817304306
2.08631751596193
5.70010042913794
2.25854065308351
2.69219621059716
3.24846071190285
2.59376222897476
10.1380468149013
4.74034137045993
43.1643790885525
3.69000055494399
4.21219718364701
2.72366785038596
3.12905552904899
2.05290389077298
2.07071503961683
4.01699569036434
1.26852349660856
2.06853253067842
3.34955068625384
6.45522081771429
2.51817750792264
1.47952089511293
4.95591147852596
1.64436240453776
3.0449973930976
2.38572617898904
5.39899004292342
1.66596316609054
2.17301658754548
5.02001390632761
1.46114052315293
1.8067677896687
3.26808794757744
2.35196375728428
2.75875880838206
2.5263786528306
5.23309908027539
2.15092820265544
3.50794955895429
1.30196259050458
3.40124642815557
12.4525883139828
7.58199964376869
1.91679366762991
1.30328792031075
3.03929646903355
2.13979147195883
5.38396753704791
6.75994710354921
7.86226270455118
1.35475061354258
5.9988322569177
3.40790960751087
2.21256483190979
3.15164165535696
4.85255258369089
4.60313928185152
2.8394720351675
3.43819975805569
3.42975372393467
2.19400661893013
9.05974387421828
2.53430275958394
2.16934903123987
2.43999814247245
2.41195607901418
9.90123128398201
2.58909798128062
7.69538172108072
4.51757524355703
2.2127754379699
2.54844709210578
2.81717896493009
2.28445796634484
3.19128977499427
1.17799277151787
4.44883564619718
1.79858948492166
1.77783920039217
9.22433511378298
3.03894231943944
2.94547995268465
2.26844524509139
3.16925932640466
3.9631288308166
1.87012395386562
1.72671357592573
3.9554559701811
2.62631571310873
8.81958691697328
8.36385635455805
1.63870256444789
1.87384697569871
1.76421131602681
2.22124876110966
6.89708221035048
4.76355872461902
3.58358877545926
2.36490790125045
1.53786570677487
2.60319672051183
2.61305937389148
2.43110362496942
3.71621041057604
22.9286650878207
3.93860151702491
7.3574293680519
1.35517797293284
3.46806700826009
2.27704388919843
2.1328659678467
1.54335060093611
2.23410179705953
2.44759196299959
6.58688672885496
1.96906628631393
1.04505675058141
2.04866607861912
2.73754425255325
0.86764950000464
3.59797729086579
8.6660416747992
3.78609803789369
5.20363242284591
4.70043759032792
3.82162178701177
2.15882824095398
4.88278887376523
8.85236403395758
1.67459907373695
5.75892952933535
3.51438633445102
9.253056663558
19.6571726937649
2.42642233068183
0.496202504247287
1.2526135279065
1.42219348362153
0.933120770821719
1.0315199772002
1.56150092001516
0.757439252138325
0.751490012536233
0.665907568860272
1.56964497755716
2.32839450726735
1.4341776069241
1.45015487135025
8.01173863896786
2.01810399727872
3.30039301018095
1.37690383098836
3.45103237816325
2.42869936867326
12.9950251928487
3.49194827436738
2.10677042935881
8.21269253935731
22.7234192810834
2.87853871870366
1.51195491480746
1.77525577209363
28.4285310674145
2.79214861395975
3.30245771597136
2.51121712063902
9.80877063751891
3.25382413351224
3.40912438159477
4.00547883147402
6.86632123255183
2.34557163267938
1.48195978867281
4.87482817592277
2.44406344221839
1.94010074750283
3.24504923946072
3.74663412346478
2.79557160397817
5.42272891523897
2.41651226666205
2.09687689544719
5.8287940062966
1.57869843377064
2.07312155633325
5.1598897469251
1.39704891153911
3.18604671205816
1.05754309778687
1.64613100661729
4.51998130602202
12.844197779912
6.52023354604834
6.09444793637996
1.60592433767689
9.7553051445026
1.34508420024959
1.52753773664939
3.29303845696495
2.60869893007585
1.04422977567051
2.30451470292663
1.65788008341277
2.51816918733469
2.04784327451623
17.7346447304919
3.36393552517281
4.29513246575281
4.00976680054352
3.86643022395614
9.92259172744184
6.47757769821928
4.29284770212755
2.1690403470283
2.17046579046636
5.53385877342339
6.33963974906002
1.26836856497909
1.64881812613035
1.46854053856361
2.58796915535129
24.6917552462049
4.99441300067197
3.29629937447524
5.49545695387074
6.53999393175453
2.51631386979647
40.6487792774505
5.87371381959518
2.47159922717039
1.61625555561036
6.77192310151715
5.51522796767663
7.27930915411669
3.6409194278553
2.51235224776289
5.11586295661791
2.92625300804496
3.59515416984614
2.17970643594269
3.40502564113696
30.0472799204393
3.48608138390314
4.34422321435078
2.172874729398
1.04801123323854
1.6946524407271
1.73861763178684
1.7120321079863
5.87035888998663
51.4728755195966
1.99838532841578
5.08908277924121
2.38045966713022
3.61486714561515
3.89058967420656
25.6080206768497
1.54315604844117
3.6039375152159
2.72355312337579
4.57578143731342
3.44663788096029
0.985275021235989
38.0347815632432
7.53620837538926
10.8157795139211
9.41277328561331
3.38003241302698
3.66633122581672
3.92285816924751
3.43550190537915
9.57610982621056
6.41599260344574
8.92193487293533
2.06740116342511
8.32862838053346
2.06117748858408
1.94926359992804
1.24125355611317
1.79275342200165
2.23723738627676
2.80255330811001
2.72618848617677
2.03608632170184
2.78380660110161
13.2943811454086
1.80375998290352
0.534091559976631
0.942679886924505
2.86173364804135
1.34077089023187
1.94635243013519
1.20198675850116
3.76962658703031
0.66625364284217
1.71351430326764
2.30470235876843
2.23245041484915
5.56618747606012
2.5985734025141
1.75601830427669
2.31493392007057
12.3354345390851
3.679455516112
3.21228239655187
1.5888825127383
2.81319223509652
4.96656965482682
6.89174557291619
25.4084379124832
2.54546281051794
3.6457389420932
3.59315500201585
2.96979466500321
6.46860671603282
14.7540330414542
3.80492054727044
3.9160527692042
1.6439251770367
5.29186170939835
4.87883945010376
1.43562172375707
10.6140144179031
3.40707778936839
1.69158621708869
4.21442262935446
6.17734910273622
4.50977135571835
2.60155282628322
1.20222629913045
2.97516641897237
7.40810374869501
3.05206317082042
6.87802095713477
8.33628891358545
1.89453178432187
2.84121305696105
1.84945947155626
2.96168109972046
8.50681552621216
1.59775391409424
3.23652888334797
1.49731506383925
1.08754405211772
1.7393210380391
7.54010189107678
1.00207294017484
0.98119515924224
1.78857634000035
1.1084270696565
0.453077677533412
0.558939786919888
1.0753533315106
0.948160118541892
0.45076301905883
0.744312600205979
0.679811900305716
4.43230323270121
1.89872602561626
2.16102082304496
3.01925511884649
52.3187877520792
5.73605910583915
3.7543004381603
2.94280976700733
2.19489790191236
1.86103818126236
3.60063755820555
3.26435301195961
2.52982811202979
5.73749231674955
6.69241939264051
1.93022034768228
1.50953370989112
5.22410102971898
19.7296895890834
4.37092908578958
5.86130959041206
2.44576440937144
4.82987258146047
3.54795572623835
1.13833781343397
1.54946623587553
0.940863719106358
1.69419121360033
3.17439353603469
1.44727154625196
3.18835828802108
2.94903269314059
2.38897615413213
7.31310280537716
2.04170491396499
0.827134695933111
2.28273711093886
5.10348820498461
3.747345684515
1.83774166881268
2.00932438643074
1.52675538149065
5.78246970312274
12.4424877193375
2.23129755359952
1.90937863393783
4.50206784362376
1.85152762917666
2.18950876459525
1.99665956247135
3.82896514608379
2.82962708341074
3.57361308494421
5.15246615491634
2.0658922626935
4.61580786319657
4.28865256436302
3.68818173856471
1.44105719066223
2.7335468566344
2.34987647987083
1.28631250432798
4.5925447151711
1.91710993392708
1.59726194078212
0.645523416593643
7.76077167489335
1.33384901030856
2.38919727569584
1.29548513167305
1.34767594743224
1.9377084727447
1.57744305445844
8.76171184461286
5.90398366886688
3.07465763782844
1.28867493776276
7.63113746140642
1.76071625877537
2.75999631728248
3.23917559186909
2.68139720898887
9.9684521320224
4.51818659634228
16.4325965600641
1.31695231611797
2.07402210873582
6.51441078856915
2.5646542109739
22.3000327126191
0.881460098478116
1.87320089096314
2.29466102558572
1.60218291272364
0.80815660440564
5.37642754539574
2.41648650614206
5.43151860739272
1.97430363553917
1.42489723190795
1.66894056421878
0.969014696690208
1.51410870536902
2.85852065018763
1.1039871834661
6.24853781547172
1.94048959120593
3.12433804425348
3.39382532347019
3.0620766810793
17.9098058901469
2.49852274863555
2.79307456780756
2.8320665542259
2.07549303380731
1.79970931814143
4.96239041157326
14.3767437856394
17.8081052138668
8.09180642562312
14.3249752482498
4.97546171440069
2.95933329793092
5.89882069797551
10.8318158351355
1.95191541805678
4.62950777509706
3.05180227134576
4.08993085505094
2.55548068308198
1.99422218051118
3.50716875509984
9.63848629147827
2.11414593929555
4.33529952812382
2.8164832596206
11.6270518800451
25.2934803509708
2.28347666328443
2.49119543491592
2.54571546585443
5.81042933178877
5.24490311234592
2.22353833778785
0.821001283474577
2.82981044834998
2.76481095249894
7.71919563575316
1.31967645077943
5.49251422577955
1.51219044455736
5.12384477067583
3.42415688513628
1.48085729425425
5.35776414544613
3.2080735436403
2.80988588230987
2.75267345163629
2.88751137960856
1.87945093876472
2.6750193338127
3.33047480889072
3.02224335819262
2.47498362875184
7.22833618450753
3.40898560418758
1.23890011131301
1.71991645443189
1.6028561794054
11.0940928871287
1.8065664868623
2.30859990319917
2.93522335333299
7.5392884086132
1.01065816273599
3.87485392665554
0.666285150259963
0.543162203478682
0.458296607191125
0.549594517704143
2.00293161836955
0.887735119069587
2.12270949993349
3.28214858411345
2.33019811799408
4.40338209531354
2.94437780238114
6.39787587066934
1.58394846235789
1.67642745506541
2.67540304364105
1.84453686338327
1.10644102871899
6.99033833276624
2.93388088778994
2.95765577591052
4.81567491323942
5.24860586657124
7.70947253172341
2.74451635573042
17.9764769667756
3.18689477295389
1.45525779383233
0.772952538920953
0.764101071744346
0.606282026748621
1.63491247334026
0.650799657475511
2.53714845018737
3.17560966222683
0.687745589621484
2.80297146686205
2.32881961040384
6.3208461966737
4.0070720317071
2.35516158298564
9.22873333074632
2.39290330768262
1.66134427203301
1.24034954460872
1.10143176808139
5.52976429322144
1.79535722177722
2.63432990352783
4.27275641434917
4.88880700947316
5.22192098531277
8.26310445566906
2.89469826837177
2.35274782154842
4.59441619519427
1.85261074230244
1.34939072024268
3.70368868217689
1.66065705332322
1.77739695615688
1.64768152760998
4.41874241336187
3.65561265980593
1.09671844902841
1.71054040096337
1.44408774679033
7.95309268617163
4.43856635259459
1.71983302130473
10.3855912770868
2.35571612769194
2.91357968809193
2.70921734574706
1.52924887854276
2.00003806660895
5.11634141701235
1.20588965309157
3.27533130833346
1.60452015791009
0.978926259685457
1.26323370238791
2.24139012650322
12.2294212463094
3.294495388264
3.41370469032026
15.7563009323855
1.99012450882366
1.41365704355349
2.54253848821973
4.02369928941607
3.19715240401071
7.1130288374958
2.63196375053175
39.4294785205506
2.05422018714401
2.12421234694405
10.1301048711303
2.96779341295488
3.22979049125356
3.69671907471948
4.78501589862172
2.43779340562275
18.1735041556719
1.96967305806279
4.31011556523657
8.51059112242378
12.2580113602141
16.6765899344084
3.74211140504415
3.49480607550105
2.44590868809042
2.53909586355366
1.58661676212323
1.38250726063011
1.56245767232006
2.06981316094235
2.60531187887271
6.17520325771649
8.05356553200644
2.21218945659622
2.88696345280129
2.5160861424764
2.29324363756696
1.2499639061948
1.69585900056591
2.31581568304936
1.53783715968923
3.39594894197585
4.55230455281884
13.3125179783562
1.53434543636289
1.889759909626
25.7017049116602
9.2346317116371
6.32348561450275
3.01179804483603
5.78344347786817
2.91761826894554
3.41364510382265
1.52336858606474
1.80266114821827
3.67338519996816
4.62251015392479
4.14413003675793
2.34017534507505
1.67351423355033
2.68370378962324
6.48867459606705
3.96361271884005
3.417785606729
3.41597027487825
1.079886616776
7.45941340772346
1.36543102569797
3.00251140232914
12.6796181253338
1.03943842506004
1.27268131354107
3.25979715147466
1.29514700140806
2.44029366236261
3.81674688924656
12.8573254447863
1.50307101969468
2.49307266393513
1.47543659800757
2.37322864398294
2.82731819776012
1.14292758817638
1.03521627962555
1.71423232241408
1.470387779896
6.63172161337356
0.93944209825002
3.29838417449748
1.83803854758776
5.56845920998528
2.06344124829198
1.99954341130073
1.11741519676415
1.65979214210053
7.26194170156711
2.20069010316122
4.81375748852975
14.5726320550716
3.24031491079935
0.903523394118024
2.32192010197631
0.99893400675139
0.862745129439992
0.846185092973555
0.816127164481983
7.52320616038939
1.56565658161725
0.956258027576009
0.997838221201048
1.2046556300251
2.89059328133383
65.5809799785618
1.69335262226687
4.88815814900003
2.98552870020667
2.53881203056783
4.5679296540528
2.07758940283113
4.38491383976617
1.97246990663482
4.81097613142547
6.92199558079569
2.25115611758097
3.04876772960934
4.4451775978053
1.89231920867358
3.53996187537381
4.0240184711153
3.18437043295428
3.78156240616322
2.89210733645656
3.78411711918789
4.29606378148971
2.10955247191997
4.48152223501636
2.09904521573408
5.27237760509835
0.876975356592624
4.40261033048454
18.0437407679933
8.17527188191855
1.98962343043626
6.29009206718814
2.04366897465407
1.42840776024161
4.19682692906525
4.18580147192967
1.58635897909539
1.626740137675
2.69182603117669
1.73835531731615
3.73846686614534
1.13172777147902
3.48054738741894
2.14405968800409
10.3410892529355
1.87640524300445
2.24276025945289
1.86568802136664
2.42820886120501
3.20323150997883
1.64623324176087
7.89829758509998
1.56121283375563
1.39391527329072
4.17831623655344
2.6392669222404
1.93752913671733
2.51936028249414
2.52200037397123
5.69248391303047
5.74040658085306
7.07258031242078
14.4749406308953
3.22709918104386
36.9972593353847
36.4609269975072
2.01541852651187
3.68219264275604
4.42616808168975
2.22052130419424
2.68089858848869
2.80456075929297
4.55642432470168
8.14343253028146
3.94644018137835
2.80764727552483
6.38123890596117
26.8992995054566
4.2610871847096
10.0773070644874
4.823077224164
10.0992133448782
2.95676572077672
7.30532153282266
2.60206322540365
2.91519347953834
2.42097446287493
1.16046370277369
5.3815014303861
1.49522576663923
2.07348931109498
1.84695102452542
1.97508490559666
1.7403535276055
2.07785943958154
2.34146092097722
3.55095227877033
3.26149904268218
8.45752196332265
3.18632833358977
2.11781669233066
1.75318903523856
2.1374463193484
4.21977167814969
1.28000369962396
3.19980936527618
4.54610155118548
1.90240414861328
4.62020541118283
5.58990569751085
4.103835762726
3.35657040587478
6.31649516822411
2.1336879111779
1.84928167574641
2.47296953577725
2.82714923349232
1.50179270533004
1.48743756443849
9.59124664062044
2.05021786206101
2.94430244525784
3.68100906989577
2.62328535491978
2.59949431144688
7.94857248622829
1.0506800824777
21.9587145965587
2.94017574120286
0.83851932833525
2.63889695405199
6.71803542143765
2.58958881740735
5.66108255755499
3.26764986715365
2.37479289601238
3.26942330447863
1.58658398276917
0.810948672721339
1.6158531960984
1.55879085800993
60.8997213968603
1.78767728091265
2.89180093655274
1.12159688606591
1.78187058509466
3.57120975689045
10.8027891392386
2.09993416793976
2.60305803665906
1.23798244041375
3.03513518730051
13.9750140449268
2.09453573434582
2.8331294446404
1.17763710526104
1.45968633402152
4.08964805046083
6.65960048262309
4.69498173285637
1.93815488849896
3.16583001679752
4.54330109009646
2.45092307277652
3.45469604857715
2.13442030510679
2.64986937792288
10.5095059712012
1.87949717335515
4.76848604798574
2.40418055784159
1.43359838037528
1.64803436149632
4.84724035054038
12.3047982652793
5.72971292638977
25.9315995830233
3.82209456312527
2.10562916761361
4.29852018884798
2.06479078912144
3.09895573737072
2.37179270484727
1.90604108956584
2.67717019041759
1.20446475613231
1.46010741746029
10.6901208811879
2.0717749805178
4.28161533570189
3.62131812058025
3.88530641541144
18.8927962748749
5.36934169376646
1.8045526857427
3.65950483602881
14.2754001905918
0.87909295786917
1.08226197391412
4.50000323168827
2.96373955176336
6.32531090016472
1.89768200798588
2.84478727705075
20.3300782412919
17.9412974688956
3.21685764095665
1.25353702332237
25.889935328959
2.32979454583298
3.77153792785389
3.50470371774025
9.73828963962877
