x
0.149037613227557
0.366410919255589
0.315070619427813
0.209215758372231
0.431313808575024
0.074191634539982
0.675477211737362
0.346890115956104
0.311540536906978
0.548743297882677
0.0631707929843819
0.168970118749874
0.356300578887704
0.72520351481565
0.357498326310762
0.0469423071366719
0.646107312556239
0.335046954935964
0.186182631005541
0.38330488029358
0.406406458364605
0.18427678861401
0.207912400022036
0.629130421230164
1.06176112537955
0.274924123893423
1.38065891290983
0.36452135123974
0.831705885090247
0.533642795745959
0.236800370099372
0.422199397956182
0.378024168789645
0.978508066356588
0.271974750563743
0.537274345674414
0.43311020950848
0.142803586558755
0.81196124407517
0.258706730161389
0.190840231917495
0.299653461610201
0.424777323105463
0.262926200054878
0.587174619696439
0.17425912110098
1.26537502855786
0.41231044186162
1.05363355815938
0.225957105251032
0.85143170611693
0.789512068496058
1.30884860677007
0.36390998706248
0.23211131498989
0.300775722008338
0.173405658625841
0.248526716344946
0.241637430882709
0.308567781187456
0.784153594051511
0.306541695486679
0.345149323773157
0.263173165074321
0.483410174969123
0.19827626115624
0.100002181634854
1.5160947831287
0.261518397941255
0.262060217815415
0.515384006858922
0.69634416379491
0.127332442553972
0.256920578852892
0.443365877279197
0.734478798286731
0.669577775667081
0.583890012725532
0.50835236561188
0.224811224291886
0.109037411634443
0.475081738435809
0.931399850026025
0.37093999902163
0.387099104047012
0.660431157198437
0.128910913099341
0.0891122674710552
0.231397113123565
0.512673715905933
0.585450241133078
0.519942802797668
0.42218403915691
0.289938635336783
0.542937302838453
0.196059436995566
0.499015871317144
0.954725671170692
0.0451587524031405
1.01873723396949
0.695705558265557
0.114236837190592
0.902543392520032
0.582014181710613
0.343478117234331
0.631314782961837
0.283942540343342
0.214127429952554
0.709283511791086
0.190571665509373
0.810925183011148
0.315554101697403
0.451525622028612
0.765962351218917
0.86870639405009
0.833152032077379
0.552833691774652
0.317672872834528
0.694585071531018
0.364756993227208
0.324800315653603
0.410210108377324
0.490560286787306
0.678254319226057
0.511622524569393
0.249195139408746
0.477663194950786
0.816988227204748
0.492256158613485
0.173255256789649
0.30734890004153
0.361441939856795
0.533897222023054
0.386821722467976
0.320762961110939
0.668341631693277
0.178218993090491
0.621209580645367
0.307421906373786
0.477440890419554
0.144614807987506
0.34886566792642
0.744533771476501
0.348803861129141
0.735769662621315
0.112960754690774
0.353752708386246
0.382639503769614
0.637413959773193
0.480936132216778
0.318522056024667
0.233802193778102
0.666983511783323
0.221504505537721
0.419506450559685
0.916145887233967
0.204926666768784
0.395423985130232
0.425003161167903
0.349204503870552
0.530718780445475
0.58976436047979
0.429605560672794
0.722772761858725
0.636801497524785
0.882368046569921
0.509168095024483
0.336993522976621
0.51393652100022
0.287020960592279
0.761491925842467
0.088770735536066
1.24470772838847
0.365572098660947
0.105259083101004
0.414462882383604
0.202731747260552
0.253269853206696
0.285449646195936
0.744881552834756
1.15779398072896
0.633640643882439
0.684726461560277
0.13372228602209
0.506444254227937
0.204467354068461
0.375689821278299
0.312090085623928
0.423847249154949
0.229590824513919
0.685434172306941
0.986777752676473
0.135950713459154
0.545920764589858
0.0605607969110747
0.352145233346425
0.645193100473355
0.19068419361938
0.476610342811172
0.241411690412254
0.233357335778805
0.40338146612108
0.533429273640154
0.0734261187749619
0.705592794678764
0.258262256508332
0.339302881728836
0.142795312273937
0.29848938371277
0.502501325035309
0.199113135613014
1.3498868233388
0.386421076916566
0.603971612919827
0.346207597930218
0.340931312031467
0.338924299283558
0.0994807628146864
0.304545208538346
0.677490397964606
1.11537542493691
0.212237838196364
0.220114632487874
0.199030308106443
1.40402423295381
0.721058152518769
0.336364517922582
0.262789927629769
0.176283085937284
0.293710076057461
1.16154543706413
0.223314749298645
0.521942308157414
0.600621187874939
0.155025172964677
0.595192429830531
0.203844742090483
0.348600833056883
0.275157015327853
0.668211624854096
0.149133669783811
0.694337987523742
0.741220374299913
0.325058681197474
0.236760294384931
1.16155714253493
0.285262026323377
0.392106899831784
0.181124408907276
0.23258306072058
0.560352827671087
0.16414768068988
0.23210161740381
0.40398779425174
0.42828080065822
0.232540470300294
0.363909963158746
0.949187330893142
0.51431943695489
0.211519234230412
1.2042974074754
0.660881616459728
0.508151193514378
0.616292109227399
0.38198201243099
1.22444185831748
0.405784794368517
0.496457152472977
0.502060664753559
0.294094629398804
0.598069831085194
0.306539845817913
0.552615065261356
0.251217214773059
0.145687957537252
0.0559022440250429
0.429198551042284
0.628198343214659
0.483397814173621
0.1439253205534
0.420561221785361
0.336146740592454
0.865802473238756
0.750347601695321
0.225182924876747
0.384713224516818
0.261419907138943
0.0884051409569123
0.331554295127919
0.555699489854603
0.240425870518535
0.440257257326663
0.462705004505556
0.582391930011016
0.58456571533518
0.301779500095665
0.623621050870258
0.445259604457645
0.326481408999102
0.322496100682415
0.131353896162457
0.313120733824467
0.560135561310423
0.633184444098667
0.67311837520378
0.208809615110742
0.191544526741773
0.399012181833736
0.380899769221984
0.483232500815435
0.439520831300322
0.38604699286202
1.11502681767334
0.49060909436188
0.839158961831797
0.218085818958918
0.766678720539956
0.588842965406474
0.397997619162597
0.488196881331145
0.296353745079896
0.608883075770129
0.400093467650934
0.843002423700842
0.317824208126118
0.467303941081801
0.480755091588562
0.377352604068863
0.447968871740248
0.498063609569627
0.572546838319113
0.355994703763953
0.242907994857121
0.26279685858782
0.469116999042917
0.190260198691537
0.753607452546511
0.18234446284995
0.535680772097251
0.0999479839749332
0.630576820354033
0.549291115969186
0.689550983762395
1.35841487806781
0.223521149317958
0.28258605508643
0.904843496986786
0.391262583223956
0.248796596917494
1.19196015838405
0.367159545553368
0.158733289553407
0.490014274772855
0.359810746369897
0.0910026058200678
0.428239442823243
0.348956160747282
0.27447032570742
0.454927333952186
0.601014924201923
0.205948007702583
0.73183181241615
0.258294618725372
0.255973239243787
0.348335727922866
0.379831345696325
0.211140335528127
0.571576450223243
0.482501151962009
0.160467657819437
0.549580990130171
0.655254216493414
0.572965757319451
0.0965602348905921
0.267788166060149
0.169795469602064
0.549972425978906
0.537283989638904
0.466467326615965
0.509065749980516
0.584026850274646
0.723776007884565
0.49524975872927
0.49154852533011
0.259683053932059
0.824272017447539
0.282137433873444
0.234016549645091
0.496159177560452
0.62112220144127
0.507888697286239
0.249662555512463
0.659982413275708
0.628918854267305
1.53730036116579
0.265603346466351
0.820948060742796
0.479087871714375
0.414546983350682
0.186609245308601
0.214969863391906
0.0689502440412185
0.387239829671555
0.380328974032158
0.756801352034993
0.290629957099511
0.15475430128822
0.436778514598649
0.753353269152873
0.284779719419824
0.394821427171204
0.571261054362569
0.174472550685893
0.391084658143368
0.174745214044335
0.487955639885501
1.00711115160852
0.369910334202568
0.596231307139862
0.0570840386446227
0.215339758873212
1.68939058876992
0.267972878372271
0.278201940783951
0.174006876668344
0.157207813244947
0.271848113509179
0.664410415307152
0.432822344879018
0.772345337900308
0.216783861171332
0.0915874298890051
0.343740620596371
0.776498712333916
0.450457955349948
0.186850541933857
0.279670688647236
0.349229714372218
0.48915637068298
0.531608433577592
0.388793372968009
0.48070685705151
0.613088115406111
0.131853014930536
0.22811599257015
0.1686443836611
0.488238494949415
1.10616734542958
0.239144024756353
0.523924076399393
0.438232424557599
0.352350055284926
0.465862381784177
0.310353385937728
0.456628512273724
0.417059025769459
0.525943634904424
0.213607592159203
0.418845696792691
0.337767871732645
0.836941062986979
0.394832200281339
0.756296479556045
0.74956668974966
0.469444769605356
0.481574069449786
0.29264326788388
1.30819500842746
0.218885397027817
1.20852290650232
0.501814213831519
0.368436088254805
0.509810613508633
0.346677189787635
0.289222854653788
0.20972263797885
0.659251601165435
0.333000752169762
0.223086958048217
0.414075179386814
0.932827237596447
0.787180463059627
0.274524521461862
0.364800230974158
0.796145103092044
0.240188469826445
0.787047768870097
0.606149563959963
0.077630443070561
0.333195421087675
0.103245016525774
0.241559756294378
0.965878020058756
0.364322169981451
0.18337948459777
1.21323766039557
0.186043596661901
0.423282013883027
0.579240629540117
0.34182984863395
0.0610363326049006
0.366879925619678
0.205173390207511
0.301068329910064
0.265166865214541
0.460923544501905
0.966098418074186
0.280973294783467
0.269794286471174
0.507917886771738
0.340241159823027
0.492909064477886
0.685737303526324
0.347311837018671
0.599861217672344
0.122337697473524
0.847604528602549
0.138412386199438
0.529361264533664
0.644415086349852
0.3277905535253
0.209888255380712
0.620713964476414
0.177345883309945
0.44861304492032
0.574469124814266
0.357332992862075
0.16526362803476
1.34181732962246
0.363001012148796
0.588794591506658
0.936933880400047
0.560498170800074
0.326438336229045
0.446211364710542
0.13221997641395
0.315619448352978
0.137007291245255
0.5267004018388
1.0532630747034
0.288991413332811
0.245678061692329
0.980223664044401
0.339192999328243
0.255563780178393
0.40277159415348
0.452294690441455
0.0735499142140366
0.724533258677382
0.265683891192394
0.155751553844741
0.143167267836197
0.393213265875022
0.565767706186945
0.446310083076894
0.323578057553488
0.411133827181653
0.12703386161754
0.59657414438273
0.530682558593891
0.419764907649603
0.0985626548116535
0.493818183772358
0.28802377075985
0.183704971608437
0.693266599136592
0.528176562267309
0.383010962156803
0.578131685863401
0.39020883812782
0.232502138928335
0.312759197513633
0.414891501432198
0.642530358350125
0.470807215416729
0.386904686288873
0.159272975052548
0.391308133046988
0.204956673515961
0.662295224795153
0.269948550630984
0.377432369157933
0.18325791254998
0.696625464188812
0.268811878278955
0.533717608064572
0.897839338347945
0.627206457781123
0.927933306919633
0.540704258773733
1.35994566895534
0.226428916571375
0.232656080868765
0.49856417996651
0.563828312494681
0.303441515363978
0.221039996599385
1.00643466419896
0.41864589882758
0.16819976263377
0.521547452768858
0.593913077396716
0.424071613838808
0.380455501507693
0.305009034022985
0.989964271918267
0.464600226202614
0.34348893186886
0.240248816319911
0.485951062388976
0.332247356453705
0.314365280121015
0.641428455766552
0.408951271779234
0.399961124958862
0.243569184817582
0.247314192045206
0.111440419734212
0.209688163955215
0.547222295966876
0.256470947744187
0.230402797837017
0.848165545008838
0.496325725198589
0.525318934426604
1.0165772645058
0.428028248747603
0.29753607858375
0.318799814358012
0.400734860219413
0.602527559959068
0.375083051595748
0.655626367979928
0.434946661260041
0.372721443721331
0.167503874324166
0.484502164646698
0.334859004759841
0.500882990075139
0.692032536455174
0.431356403069394
0.359170303181428
0.316288986701796
0.851041742496142
0.121533716423141
0.37976504099862
0.485646414951202
0.787335094213014
0.359880548987394
0.653247294848011
0.474462725930926
0.294237512188326
0.617492480314512
0.454592398354381
0.405688595252129
0.30470634754845
0.42874377872582
0.620344261186782
0.181290461074652
0.517905483762793
0.137883883492165
0.410521585375989
0.997906586548262
0.168443977108824
0.456029309585439
0.334414381095234
0.628130550577048
0.289835709185464
0.540637012933684
0.257604439900673
0.372929201041636
0.213386116315586
1.16184886289277
0.820677458163213
0.288966101177032
0.506913238161361
0.859825416497425
0.37806249726798
0.671397308687306
0.828300204825122
0.165979404039161
0.410783053513091
0.448324166469857
0.492743895923811
0.453927801977224
0.369031819804914
0.125380383295986
1.40826552452618
0.379025220068814
0.0925700379880926
0.22090772311238
0.439094622253233
0.351033346317163
0.287150147831834
0.283025119237101
0.396386598956556
0.919978384375442
0.622739785924319
0.327225247462376
0.550136379111643
0.501452687351413
0.488068152605878
0.387339234023049
0.810786656502801
0.4183500091652
0.488227875758237
0.293900688251579
0.261314180766072
0.4867519051599
0.311173889589348
0.305830643513026
0.188016564464727
0.44027106636954
0.0607813447580107
0.455017661633931
0.180146806684901
0.409651482256743
0.334197799795071
0.584867149771772
0.394506483989078
0.532825198091652
0.555032958785452
0.568457691882258
0.626639547389485
0.738249174141665
0.527619357620679
0.285071458394855
0.776013527654404
0.2395357589929
0.572355955291122
0.386406381862396
0.154941529201959
0.110136632657744
0.183874110826431
0.28969824561762
0.367740596055858
0.142896527877765
0.330231820914782
0.166123224691275
0.130242967785951
0.594783088049612
0.74642287314113
0.671429657555113
0.17877139688064
0.140748809384997
0.12431282418311
0.61548175379571
1.1953841026914
0.0940269476483973
0.393506766537198
0.388201463897463
0.571456811167226
0.36918753903604
0.417426031687644
0.71101572270862
0.265677969243499
0.358433416973725
0.555761181764992
0.287185169224336
0.611255874851333
0.763539087774777
0.261827737110996
0.719985984574672
0.24952413215017
0.538424657968318
0.473263728114656
0.133006516314629
0.117328465299093
0.332900814105687
0.340141603951868
0.402237634591631
0.252598914862046
1.30503528569565
0.491845486786717
0.335421470083023
0.610191771685631
0.14759883012933
0.454667775690844
0.296960439546386
0.336081872001915
0.826920062181836
0.341512700618351
0.768494527583575
0.94396580459241
0.380493242173683
0.447485365116649
0.0732945024384986
0.531609926975693
1.12533517179589
0.205424970758659
0.252542156077372
0.280618238785342
0.945615241193581
0.360346106444967
1.16088201932557
0.217378774168897
0.5978707200421
1.0908289943107
0.741614506624866
0.168189147563994
0.778346852821706
0.684602347463091
0.155107046872881
0.22902469320829
0.416540011464959
1.59012994492414
0.800025983703377
0.656850086910645
0.489696854849023
0.398601405974137
0.0449103332658896
0.582119931949659
0.424006543548704
0.371884411041721
0.378123148652102
0.334485297159085
0.197563311291966
0.269574183332777
0.739053108522625
0.345799002163392
0.132927378012089
0.306233439223271
0.165291936858449
0.217070453058358
0.858394459080391
0.669111218365911
0.462512771701719
0.0533766702701121
0.385732922685491
0.591449745181215
0.361816062486156
0.142888509976366
0.536161416809887
0.808798913877868
0.71390874490537
0.750813977277696
0.485486627497833
0.296356364279079
0.492820088573007
0.883543507582796
0.272179166859191
0.203957789617754
0.462745910701323
0.415547854920902
0.360749461536948
0.39526102696392
0.492152353620056
0.242857460564648
0.50659842229555
0.102291497099648
0.053611822892664
1.26019157860837
0.791048474075648
0.229326038748818
0.252475102082409
0.329960027427968
0.321272039849249
0.526845265527542
0.195381477721315
1.06055446164011
0.386169741244264
0.815146068576874
0.464312098146442
0.232203039725641
0.504057585965365
0.129566959527764
0.452434041210121
0.29779265686081
0.173660583434552
0.80248919723035
0.650868776904263
0.314165963308919
1.04659134759781
0.396767356012517
0.546279642888188
0.433404711622868
0.21115785951967
0.813286397977697
0.243968014732724
0.663684051293528
0.335199103863193
0.667335865663837
0.624763709253732
0.304074123979904
0.292228985772778
0.109784883711456
0.429240747066691
0.254651617972327
0.386853446905557
0.287150136120954
0.733574201668322
0.297021990783448
0.38423098856314
0.456783290693276
0.37771677631754
0.160580665140302
0.44325419730033
0.566328918406006
0.825993667309434
0.223891097865834
0.569032806555118
0.353747519974403
0.490724225123249
1.40149147326886
0.3802372708791
0.239144699197946
0.322638516030007
0.27940703088877
0.523058154862257
0.311300714303731
0.64421319536914
0.419259560086285
0.52571445258771
0.431780601342054
0.253230665446664
0.296063742106099
0.377858456678248
0.264042232350002
0.158742478793708
0.482422171112698
0.113354353943824
0.225642692512113
0.175278274633212
0.569707855911624
0.823174297664715
0.301588128399847
0.545052173800452
0.062740335555658
0.358890914778996
0.430263822913498
0.628599645802698
0.842233691909269
0.425390234000944
0.477675687561729
0.393485539097333
0.662033332091588
0.419675617752195
0.290103066686489
0.124473335351907
0.611566581638416
0.328636344342963
0.266964374734811
0.367215132381064
0.385073304001517
0.508967993510403
0.961656320531942
0.716090971155164
0.281367962114392
0.205135962722124
0.310929977339262
0.245593721593282
0.152333548426392
0.761381709397646
0.481865420208549
0.214793360146959
0.544850613535516
0.75154576781465
0.252199244652661
0.62875942355533
0.787327766113949
0.165838455544701
0.337228838998299
1.41292028265419
0.324296258168973
0.0886323238281014
0.408708448909047
0.698464987104302
0.0366425354549979
0.161211127033075
0.61731179887019
0.804965327098497
0.0769470828820424
0.204116840021491
0.784558125315806
0.328615164958786
0.499831099229476
0.346965110167023
0.288075531929984
0.26151335922028
0.67489059509969
0.31818360760534
0.402238967765543
0.158618948652591
0.748942883793974
0.797293633485998
0.126295188964893
0.146430695759327
0.400971426891398
0.427960630402559
0.616052846485239
0.884954144021981
0.422046340264573
0.669199131440611
0.359951832789021
0.0889035738969432
0.530035602095736
0.102747709877043
0.262902488926761
0.664082891968597
0.977104800414064
0.164708767735097
0.34371666846724
0.383498968636109
1.81021040676886
0.2616526876797
0.721589088249614
0.39980687838969
0.387300672512789
0.427752033006017
0.196648827372846
1.07181980518287
0.651183489849799
0.361382281334195
0.5168718883085
0.289791547699548
0.924457556048945
0.168497098637485
0.204698981564843
0.595986607064688
0.560677575458791
0.348794590848492
0.17712842517225
0.213423151023698
0.709440749039961
0.400599137217558
0.692033137353697
0.34531773679034
0.313390521256381
0.171427298057104
0.183554685682026
1.38490244961541
0.639200557271532
0.55252498183582
0.553102616003737
0.252878061171282
0.560287424256262
0.524131675722948
0.224663236846131
0.341131786569387
0.156985066902496
0.250578405960225
0.233853690627343
1.09189551842664
0.604144421840253
1.04180963914591
0.644737750453298
0.403478863808942
0.33274776758939
0.510793393433535
0.240675871462364
0.196701422301928
0.433390486383166
0.931633080455376
0.319302568658744
0.169305670773859
0.426005468291505
0.185561903467516
0.300351933483387
0.277984543086455
0.383586750621802
0.256467283620042
0.693910323731686
1.312489914436
0.673470039875059
0.714563753349214
0.225382172883219
0.44835573078792
0.258531079880304
0.500461597706992
0.777403610545206
0.384983300073401
0.298840828819857
0.0580746457181115
0.182314701675
1.06445662971283
0.162346403971622
0.280840084285991
0.693980108608433
0.368493426984948
0.396694905704337
0.197446974842989
0.644269519718754
0.476908687595849
0.734970987203076
0.501152504373867
0.37311996189293
0.281066578594617
0.447575323810165
0.525849956433147
0.481761985544396
0.26915358356835
1.2159445665797
0.781826483685982
0.632316856053034
0.569096566261932
0.450303998217099
0.196263564196303
0.16582665534291
0.459602877820634
0.325358404146142
0.374189969597434
0.474192006837521
0.400585977756852
0.526307050053208
0.360935694338515
0.822164640216218
0.652031863736745
0.32040975364506
0.408234006155325
0.189137882679598
0.734660653484013
0.50559763789893
0.607184016471412
0.284620898118495
0.407473653862572
0.422393825172215
0.546076404643594
0.309591502714332
0.2695370866575
0.648037393821613
0.576785102250204
0.289998214731624
0.524299970126053
0.565929982696791
0.377913077670355
0.992254789652104
0.181860938710965
0.609096987745145
0.342177186234835
0.280353004836917
0.254819358295039
0.546362934445907
0.306308214686891
0.607484271330189
0.0952083877271701
0.212836481225747
0.549997450053939
0.320179107493929
0.104104511613894
0.293600710219537
0.593460291885316
0.314487447883723
1.74673343747521
0.846344921737633
0.43319191892527
0.220534014289662
0.455704580804236
0.350208996235786
0.607832168719759
0.896807994951908
0.535457660450629
0.314263261135627
0.0510390612629534
1.00311152084861
0.467290060960052
0.766971516374134
0.547568349983123
0.289920891411529
0.911963977564921
0.383114665995452
0.34799268647625
0.467600425833848
0.205432736029199
0.322920258282905
0.217206864020288
0.322706699281664
1.20092584864453
0.383118250508104
0.246074783963527
0.742649819006132
0.574909388653185
0.150301178913698
0.225898118524235
0.574154022817454
0.895892603187496
0.526861394390417
0.440415312032925
0.153698623335151
0.0895000486359094
0.783525121281965
0.944410932392074
0.184831726573446
0.376625664289556
0.82596847944369
0.237842917354146
0.227406570452932
0.697777892416546
0.381775162466242
0.508905454376434
0.186730209472829
0.645324347634474
0.271202709091789
1.21611602268975
1.06699366311745
0.256675993799029
0.926916327468787
0.225459319277316
0.263532341883606
0.721276982720405
0.558324070031406
0.383446372312289
0.352624264197119
0.760974052169856
0.781315027584041
0.640608631144232
0.232920196290331
0.220395784117593
0.491598935897275
0.311685927636986
0.467174977432401
0.581247000493927
1.75771349994475
0.48344347519633
0.314229909127585
0.135740191137559
0.352274008877317
0.732451350672986
0.27273812077201
0.263086845170467
0.270585286356294
0.231806041294618
0.478244516862064
1.0512159292307
0.446405030866039
0.323174284632029
0.399016876980325
0.584839330731879
0.210214981432979
0.19459633611594
0.38248001203486
0.434444546096838
0.0748589363766837
0.834332026413875
0.154953619083669
0.318436140725488
0.503223924338347
0.25606522826377
0.501984039003359
0.50518255500246
0.592927524634111
0.596998275854473
0.431522622347907
0.89165304000027
0.487787844283156
1.00514316128409
0.305388094986404
0.298479836122525
0.456334403123048
0.303395218371571
0.446352808347495
0.583928672770164
0.381469722647513
0.654461168626365
0.326840571190824
0.389958222940415
0.352184205898067
0.441908786688446
0.766597484380273
0.811768161137804
0.45955049600587
0.71626075691575
0.917003876843975
0.27493697348151
0.831739626395878
0.0489790239791429
1.03576973987759
0.500473452395911
0.953307665337644
0.718401507488895
0.358254883092228
0.67571798061607
0.366909386218572
0.123483162336441
0.332453504697319
0.291043836355885
0.473144980396558
0.618543859651999
0.322979805882592
0.476441519862097
0.190136395373991
0.674700691873122
0.589360714903838
0.14181926002925
0.280329096446041
0.408204544475496
0.270892462183556
0.865277792604226
0.704041955080491
0.25772337335916
0.524964654024121
0.38299700075525
0.61069992776075
0.75609687336918
0.302067325688411
0.510814732715206
0.385045597297285
0.58699246369296
0.41066005394799
0.0670607319493815
0.493743347943232
0.456112475403056
0.433916541912709
0.341945095684913
0.713067512362912
0.286047298671221
0.256320568787309
0.256947596908369
0.12313137959226
0.428284560980436
0.284067824211495
0.955496878606372
0.587943204914999
0.350338027996652
0.399807175783572
0.186085666262803
0.0843104256570365
0.397740244421734
0.764758782630793
0.341940392022246
0.743400282286076
0.91486235369244
0.314469051127195
0.0871417634060698
0.530136276754792
0.66692486670338
0.218112061587104
0.584448519853824
0.341452322355978
0.312673447614366
0.308699449232692
0.208036068644019
0.360451787842789
0.202106891094476
0.0881495457554884
0.909581415677965
0.248174874416351
0.727006411908927
1.10048927210469
1.13488653169551
0.138593783888339
0.319841778341739
0.350209792294131
1.16918285862697
0.235992752505172
0.597850704139293
0.444172756701968
0.706354316696228
0.313262590244379
0.431863871332473
0.190960638545436
0.727556882193252
0.206965953666861
0.357276370738671
0.393763857832176
1.02533295399815
0.553133056740349
0.619571842121746
0.652385683114891
0.643542785897291
0.391842073530825
0.116493614174091
0.945412613207846
0.17933880990981
0.682973318551203
0.508660938780833
0.203904266726642
0.362644454095323
0.242021649651095
0.230688631558009
0.29164573494391
0.138354537930454
0.246094617399521
0.627833010212755
1.05125963777135
0.435186114236026
0.539000713186578
0.216991202459798
0.0923690270249836
0.347037839894958
0.425341601498677
0.373218968980315
0.531570270016918
0.619779198123085
0.575709175534607
0.263872003047997
0.0560404601633037
0.461221768440891
0.116380852714542
0.345035812750148
0.70019316162308
0.202186308201478
0.179431409566164
0.158682950429888
0.910965505613367
0.321283308575946
0.217154636925796
0.812748411242198
0.338372075295634
0.446637989152454
0.261075365358375
0.226296258557928
0.895296326218455
0.280427355193482
0.20307451672771
0.716016515062027
0.853300145599421
0.407806634076388
0.149038880765311
0.324434912231596
0.819572578354094
0.333267398391284
0.554906114432827
0.413839765981222
0.306762711064301
0.514940642496547
0.343061588600163
0.114614140961411
0.208515237217788
0.385405920616596
0.80087835601344
0.686925144543746
0.613387976305306
1.37854151756276
0.586232857941438
0.947895051611995
0.832372692041134
0.19670617982418
0.349425151566845
0.339221162358993
0.667490405068521
0.957851965357285
0.527312961271821
0.269390494078258
0.150265254242327
0.244894143202586
0.617478455719109
0.407423599731788
0.575796154016126
0.534139505168993
0.258462278887935
0.371470446875646
0.306491283391535
0.45235256354706
0.312194823611646
0.604868903965642
0.416628214337015
0.563322339460733
0.469290027974626
0.304034140147901
0.299831651665628
0.187952793822926
0.241613063862884
0.29730592729774
0.570519961044264
0.822298593690602
0.25913447444602
0.363752037031098
0.932110773972998
0.512808908349701
0.700433207798206
0.464328829027496
1.05405404471543
0.218884596100364
0.590478181863957
0.858638262305517
1.01723356014248
0.4720126398941
0.241510114060888
0.187442577302789
1.00866196632805
0.971124441320083
0.440564549025983
0.181326455395664
0.906844526334845
0.542468699344049
0.377049211714938
0.457273864385823
0.301473946664409
1.11066984215973
0.395248340797709
1.03021637361467
0.674268937602641
0.25745741840271
0.167315681377701
0.658507709891025
0.544836220960149
0.160506027872275
0.518612913800997
0.585428636650502
0.368532479626022
0.514719975724796
0.696954578368487
0.163354165468482
0.873816612703985
0.286254259708826
0.46247298271401
0.122928694478224
0.870993099029188
0.151484176165906
0.256783508455302
0.324326479987112
0.547435746771649
0.343164090893285
0.256122220904611
0.204397136540871
0.562165997537747
0.239039569984143
0.509063486991105
0.19567587554226
0.767323705166691
0.471680638361214
0.300054184944227
0.692701597521321
0.696485254302152
0.392786177434827
0.698702951534664
0.757673300768558
0.668932891578913
0.30055952864026
0.336912598124347
0.450451016622447
0.466077685739036
0.159009908391754
0.102854839991223
0.442263630000979
0.28414108805881
0.34613845624476
0.450994288084064
0.367603816978627
0.674044046265535
0.295956141770044
0.50752000480993
0.465132030881466
0.405573020746602
0.323916829528705
0.71329676339703
0.325131883873877
0.425459682891125
0.4566391614874
0.82082524164404
1.16626501946179
0.264890895476264
0.687442860475969
0.135070261002498
0.140059282443497
0.0999187243266261
0.39356560234597
0.307975291305286
0.205040281527026
0.384038606762784
0.27917017467806
0.195207794472859
0.279674947514008
0.12817342833433
0.531055951421968
0.199921070491119
0.372921881808331
0.438108718976967
0.552213960791065
0.636905045416874
0.406293257363966
0.169412230666094
0.514617704333154
0.220648195758773
0.319409671815245
0.158726926544639
0.0583054632070246
0.477713227799358
0.0726075094741642
0.484295494994682
0.318639628306017
0.059811609489526
0.742142250599655
0.324864670601292
0.287451397778934
0.439349644293616
0.0535721212247935
0.499465463235595
0.238106264741065
0.16905255459343
0.338583407946122
0.158251583093061
0.350580198557384
0.289840287585816
0.115572905564133
1.04902764578292
0.676242723253052
0.132614210907119
0.858835742394955
0.611319037328823
0.498487046800077
0.241075609744638
0.263809132230867
0.513829548600163
0.111509897812597
0.534671696339671
0.391195785928064
0.591377906651607
0.119044108356642
0.371023255657514
0.844245904562345
0.538301577269831
0.192892716429709
0.269050654921403
0.467490776563659
0.42520540956515
0.302469168193574
0.181783517147012
0.380323595239717
0.153777745276111
0.297286071235165
0.880086768021614
0.499999939643324
0.0784968037637182
0.0794111471220304
1.06835545617428
0.223840376117071
0.573982466956998
0.472891825739318
0.75929751223198
0.0626984741083713
0.679498994963813
0.177062714912995
0.23776602693568
0.815459717617149
0.824031728976422
0.690682649393914
0.283338178749244
0.395674165884426
0.0585147190167571
0.189809826300857
0.235819764112146
0.593016742210769
0.420372769736587
0.12649907362586
0.344526548292684
0.509677060954263
0.193274894526902
0.230379800788084
0.367308659313723
0.201657248033333
0.401882585499433
0.623806426043584
0.343382999153219
0.462500171031514
0.773938536933937
0.482716435361641
0.599959759589866
0.373029794266878
0.370259733807059
0.266512790611407
0.901869977242274
0.366226892306516
0.676170720599125
0.160556384388192
0.263662558972521
0.051906892614777
0.219246232307454
0.12020557199396
0.560925952495064
0.17140657938193
0.712910295898868
0.291450936576031
1.008966656791
0.5366613360677
0.86778925904096
0.366863397778769
0.226204447317776
0.221872777425194
0.225541519234092
0.551470714807536
0.0557854064017712
0.379657359193343
0.184126462853319
0.246019494113757
0.772823297095451
0.378830598780055
0.214065469172158
0.10232485112391
0.371231817944254
0.395857863249197
0.531133821560765
0.2173531083555
0.36101572306424
0.615751993321461
0.426938604977374
0.432160032475969
0.374994750348381
0.339050841350333
0.392436927936679
0.975235850957359
0.682490690381274
0.733741634554511
0.0977033055494717
0.179819981847859
0.704602651871203
0.478708242856445
0.335174578007949
0.319377734325136
0.490289690793663
0.380639111927472
1.0553276966516
0.418746818075071
0.326690874182745
0.265474665603281
0.693767043564333
0.965280726241571
0.333323646630473
0.55333928322918
0.406177754927907
1.1025465031439
0.562733444694182
0.702731842878067
0.198341172367046
0.349524216655291
1.02612062950167
0.631587503497018
0.789250475125828
1.05234590937866
0.456020131168574
0.43457514354235
0.596961317541244
0.524172333275634
0.21290827957634
0.280501075713876
0.701975008502523
1.1948298033741
0.227116202606654
0.283815803852466
0.552490989332607
0.935371737441767
0.313414526356847
0.138308476352585
0.576616745072064
0.85373988473367
0.385213464240659
0.644661294712863
0.524797862672829
0.523364483297045
0.704067357815052
0.567168727571483
1.21606703315613
0.370795227338842
0.820132991255643
0.610987824087552
0.628339603961002
0.529196702814515
0.41619200162113
0.240001407151352
0.596518635658095
0.32556623346653
0.299178556352476
0.329401347705788
0.380139376295765
0.626142965844794
0.224027091621052
0.175190606203469
0.261691620972484
0.336870850335502
0.63578449972159
0.432183412938481
0.678727642060966
0.444895817846802
0.337558318704113
0.167831626726425
0.166288881469698
0.312042767152762
0.400852965512286
0.833292830726582
0.316868887393111
0.897483824187955
0.187373904576397
0.592959699989621
0.2597890076671
0.668713225689754
0.847395818874625
0.242571102369998
0.955683903453683
0.123380898561622
0.266485895296928
0.329821268529127
0.359568004966649
0.490462377018065
0.683977411369037
0.667947862125039
0.319306742953439
0.581058435669756
0.565208802676855
0.698974970900109
0.267837639968972
0.599425480735836
0.180696084929628
0.199113885214421
0.346621353612848
0.543720480473108
0.144831711090896
0.238992503127453
0.201840227208985
0.329936617352913
0.568687063351454
0.575643511075709
0.258006480074664
0.56394950544495
0.0490392474092375
0.397915062505121
0.369394981215186
0.462793261483182
0.268992511951597
0.377854715126597
0.394491178648751
0.171494539545139
0.0456315197594722
0.486200806946002
0.395067228620567
0.62600465010828
0.208894755201503
0.243524874239912
0.165055071570792
0.660139072890044
0.44804126931633
0.260164595650365
0.118003175639445
0.272898196268603
0.272469238230304
0.148115239018848
0.540343179323185
0.538566050771574
0.274367651575949
0.62839305508989
0.162662497697997
0.0673853718586588
0.528582893536368
0.0798353335328278
0.381248367666274
0.287154389534814
0.307764491873045
0.374547505333041
0.765089823441046
0.139765109696081
0.297337719782943
1.10932882054418
0.315289968511116
0.419402390307376
0.400541903406983
1.03487153800184
0.404057423649293
0.301387010537711
0.379689661342889
0.327795204755837
0.378487058732648
0.146566429140146
0.180801597764402
0.700222063714976
0.204741728520941
0.481129186617
0.267249104273292
0.314447723085487
0.575084416830338
0.370189075193106
1.16284068332224
0.411734386608169
0.403614418777111
0.155786326367913
0.371099098002763
0.908828023988748
0.443658792523228
0.208789266376453
0.384802380985871
0.805950193853403
0.172040509348445
0.137795799749135
0.651121458160148
0.886388162284986
0.981904275110121
0.180277274086564
0.0450024248819573
0.689414981319479
0.342355593338269
0.258438018829513
0.886212837044331
0.300747435622385
0.537496556571354
0.587321075199525
0.27317014481
1.13319472114774
0.175757819053572
1.2270633052021
0.265408831861595
0.249942771590736
0.904463883688612
0.996574860252877
0.341337629569436
0.607865998105828
0.484852510225342
0.641770143160044
0.229464987812677
0.672154522761348
0.527358652401023
0.596042888073343
0.318358765392614
0.266801177664842
0.220654227247751
0.299625143688503
0.186431189669192
0.439500963894519
0.297456411125404
0.563769789232252
0.195888708356002
1.0712025626363
0.441995189527294
0.565408972074727
0.705795995357386
0.102542535838108
1.05610874922271
0.370351898884978
0.440012587223328
0.875787537852531
0.344953882188889
0.318812976656641
0.199875674760532
0.364808830770302
0.1437147901202
0.25687885697522
0.83317420997172
0.366720706920414
0.40830770385735
0.221605875065715
0.645810015395621
0.716824595501845
0.41896830509778
0.523272203070401
0.190389486895557
0.313425728014428
0.0814506053663095
0.464877482203855
0.735151951027841
0.413856777824819
0.17868384287726
0.539034116496605
0.539373805988403
0.79498205436907
0.412882969389013
0.650868871550212
0.434080609543241
0.210288650968951
0.281490384330344
0.384547336005028
0.515470884838798
0.430703212172026
0.306941914434214
0.244529251665523
0.322101574659402
1.07975275577192
0.3426237102906
0.231042747769096
0.734801465043326
0.529344964050429
0.716193525280267
1.20484125462053
0.391454005439377
0.36364574298381
0.669210204221904
0.125477190890367
1.15638544187298
0.978919199683228
0.498005391244616
0.174530456722251
0.293391690152028
0.329257797653435
0.321527029205297
0.85864892662977
0.242736704740529
0.386823550539763
1.17809151264798
0.293908708259504
0.261402087122422
0.266611873534831
0.229745371467802
0.63706149304581
0.480955228369096
0.447472252517254
0.277861219538141
0.963057533515602
0.481633757605541
0.103631602636598
0.457039906572717
0.388674518400872
1.4350821164351
0.341365297439548
0.518151478857779
0.159432166769486
0.303614577120324
0.401095561302549
0.424062273522114
0.158669709364564
0.94040982418255
0.284881497956196
0.378766185600406
0.724747515626128
0.537333862878064
