x
5.2319222608296
1.97546008280531
44.6655656288287
9.2654338004878
6.34413982511015
2.19136475675179
0.941742881310772
2.74433811223391
2.45678889790131
2.40347247394146
5.44720812905664
2.4690675172592
1.28030157953303
2.49809301094764
7.4301977151003
3.93386370555648
1.58724301047152
2.33600826523989
2.4714838169383
5.81198737263327
1.22543205919546
4.17793646203339
2.61068125762176
0.767588787628692
1.51807541756978
2.56568624547977
4.63246698286227
5.90076637707272
1.41038924186217
3.33985340847122
2.69541183940161
1.57824657651487
1.56020974979541
0.627118585644643
12.9554328401442
1.89543200577974
2.86687217592268
2.09879923171919
1.52481091513502
6.31186614417728
1.46071730037904
2.12226022806355
2.00934375392557
3.761452973384
1.49748437519432
10.0243713502884
4.92803826891178
3.37925869145763
1.54624878030875
2.07767291058833
2.20812238544284
1.51536386464325
6.07238591441555
4.73654850322973
1.50823699899258
3.36583502467181
5.53384262438029
2.55711286588281
1.83961614355352
4.2563382817184
1.37082380454568
5.78360291554243
2.68769209989507
1.21282677955326
1.40923826433928
6.19809026184276
2.74531313616076
0.67738020980476
1.44313760609171
1.66300749827871
0.768780035192949
5.41588157315588
9.74546362569324
9.4699911885859
11.0009045289192
0.997529001864601
1.69422667499985
1.0888500242141
29.6705403679129
1.85481669300212
3.25822207268108
1.46178832483416
2.65329195541645
9.02792915416097
2.18817408163631
4.7734296530086
5.86124160954332
24.7809935211847
2.20984719969591
10.522624378389
1.0264411832053
0.884994425782749
0.774185103036606
1.25969555324309
3.00489048856853
0.958241530272743
3.92640080112165
7.41218241292777
6.99258882826945
2.08460868422712
1.81507768064542
2.01852335193445
5.11447147281384
1.20511233265167
5.50771227386948
1.06504979688548
3.17563141978117
4.45371278762822
1.58025987342317
6.99189349575154
1.61545931463744
1.99360697728576
1.51793737856929
0.946555924105027
3.95942137853159
0.857471880424604
1.1797972230333
1.93718605232468
1.36481354615914
1.03673930874045
1.78639858894099
2.65509727696503
2.11312974640816
0.449013484396712
2.64264570883002
3.21857589244623
2.81756141585319
0.526328839825541
4.8186160895993
1.3179935283888
2.37528076020624
2.56758540868234
4.86270937248095
1.34098425537441
2.11275009854598
1.12357268003727
1.99897274797945
1.81208849925888
1.8076855695774
1.89670851595971
4.95532645551183
2.00658470816104
1.4371266696683
4.05786439872102
5.57260272581597
2.21367544362044
10.8021529077622
10.3319554710345
1.103532875702
2.13561549811555
1.72604809419388
8.62884654515244
4.59420472294013
2.6048677638812
2.86777939556395
0.51751539473986
6.75199422502055
1.83532013996228
2.3358683935843
1.89354850066536
2.32726974469369
0.540626155683114
15.6436928064043
2.92332742759411
1.33659494179393
1.5753572110071
1.66980909391819
2.83900435474707
1.02654845535424
8.36419007668922
1.45448399961534
7.29533814414673
1.34767837698303
1.8059510965502
20.4595785571372
2.27788115632686
7.38263593396387
1.58635993431392
1.81614558270007
1.20842303739632
1.94946481915702
1.21901912421879
1.41766498541026
6.12613329776552
1.49026114380315
12.7317925282842
2.58784317533731
6.78212117687533
4.3201098482856
2.50365492769566
7.75757352868216
1.31864768400337
8.63504089891392
1.72877411020568
1.93382318383535
5.88978773202676
1.27980426271324
3.49326568955644
4.88882658722539
1.94086642673708
1.25325111218321
2.25484766935186
1.11318394052879
286.712058949509
1.08648220610626
3.19461670079128
1.30725611936488
22.3615653296078
1.34016815158476
6.6422522997291
1.21249382851579
0.520486689481784
3.44361718867616
2.57592821194517
2.00710063683954
8.93376313628021
1.37258906662335
6.98032549549523
1.81815351905129
1.84416964271016
1.55033431301981
3.19789127154399
3.09377124952518
4.79059005838642
2.54133517348202
1.53048353592577
2.34285512564625
2.70648130958253
1.87468057650212
4.65131337034997
1.30168019536195
0.914875047907306
1.16805479178098
0.999265735533843
2.9626059711851
2.55487386708839
8.11194138241775
4.3861080084347
11.6323559123098
0.888512889976789
5.70818734761196
1.29655077891031
1.57402978039647
4.31509394539509
9.14562105986152
0.70311971754323
3.84972943457546
2.94043238782084
4.02749824217817
1.27801552422288
1.50509441284742
2.73155802472399
4.97940641115503
2.92919338830968
1.36478382387691
2.45427454103227
1.72094899103538
2.82476318139763
2.29103956591931
6.16388104458728
2.69660330036753
0.934657957391914
1.63010367108165
7.59592186564099
1.61109707870134
1.26730473966643
2.21709623683523
1.25159391973373
1.6284271349088
3.16265526304187
1.01608022213869
3.52791630332602
138.754047439059
1.543787937219
2.17418283005099
4.86742048839877
2.63540535812203
2.2174868580119
1.05246647798518
1.88302142410164
5.17293408323134
3.96572268413028
3.11790319323614
1.67021476552763
1.68057833084823
1.83467645926801
3.95028433267085
3.49031003798564
2.5671887523132
0.760592975490935
5.83968253294905
2.99613434238542
2.98834933221706
1.56753203677871
1.03461378674786
1.7370595468987
3.10736012113121
1.12682415062194
2.01550151753928
1.72117656155902
7.40546369902082
1.2704735579232
7.9217181674521
5.75407788672229
1.58752236832065
5.35871827944583
3.23704369964923
1.697424626101
1.36720771172066
1.5739983267923
14.338901639035
9.0373340882215
1.083196318143
5.24994758732374
1.31587533974787
9.77648698464546
2.82572043821533
2.0890601330427
2.29007596393484
4.36367582683544
1.58513367056072
0.976130598262325
2.57228709002791
1.95974486539926
2.27044690888861
4.3721202270942
1.32711662946067
2.70851118194955
0.77145994786484
2.74741531943122
2.11276329956971
3.32419216011625
3.3629905088135
2.92543361577968
0.986173094392603
2.93585058860719
2.18819523953842
4.05269641686389
1.01902720195257
2.69231033919953
2.61773454708747
3.45654958776303
0.801783464013423
0.399588554441321
1.26952685662443
0.897338004203513
1.20094606282344
2.32918675642954
14.3822620899604
0.825785281716918
1.79921564520378
4.61406158589194
10.6953403843194
1.99778350513427
2.6799759090415
16.7316790258728
3.04467874435033
3.02283672114381
1.3563955238297
1.80171124456454
1.53849189981064
2.01142101160277
2.19841987469026
1.72272276591361
5.49811952398424
1.55968582049207
2.40859529731527
1.0698668341941
1.13096365987667
2.07810894788549
28.1993915305415
6.20307115304836
1.29884744230438
8.52313924502033
2.10054917200963
2.89414256620066
3.07956593169399
2.68123239960817
2.02805220394291
3.29294085090405
1.16267353200344
1.9336649035086
1.92846065453714
1.41771424045532
1.84954684817412
1.93374234232002
2.62086666790153
1.27410104289715
1.77208954023595
2.46014523108677
4.90324709877296
4.60421206303608
0.924174722900201
0.753057014379727
0.611435784542215
1.63393411917112
1.06390377049326
1.62485736446667
1.50939710248444
1.39659858580302
1.9252024308135
11.4861985124087
1.53637058725905
2.04723956852778
1.0135802965097
2.97317948168629
2.34745075213356
1.01534685504968
0.654010821558246
3.38657295194627
1.15894111477475
2.36005628822742
1.01360627124989
1.62601637981358
5.56200805169794
1.27195176059389
1.81010763559781
1.89726182537412
2.98715347448126
5.66139680406361
1.81470329182686
1.44219699787735
3.55418080844477
5.8430596620814
4.30420018359647
3.10799809522604
2.36622283904176
3.02419608713622
2.40485546841341
4.96773244630559
1.78967207820372
8.74613546899978
1.4214943625877
2.01361417382505
1.22215449820155
7.24467574502912
1.53470014332721
2.35615287580808
2.3881586650669
2.07741879255087
0.760035094154724
0.980857736902833
0.688910901425869
4.41178862734732
1.961513084056
5.15916753128318
3.59291280009288
1.51920823665664
2.1153447406159
1.34600141050228
1.65453783966908
1.81664063616854
1.85496873739955
2.34538092779012
3.42013777774931
1.58153605937573
1.5046200042306
1.82839902948914
1.59009981451532
4.58698247081036
1.56528822417819
1.9570151814051
2.18190055264262
0.951251302496066
1.77781541069359
2.19137662847873
13.3404557372865
0.40566354142882
1.86117388114535
0.495768361629126
2.46725143707212
6.67406990633742
1.4939097509872
2.22887201838397
1.10415011346316
2.28017932312396
1.17011269471362
1.13659221855512
4.509350164858
1.46372153716812
6.6354110918013
1.0111634300156
1.37466158872669
3.20200267883881
2.34015374061947
1.28867146980211
1.06768191130119
2.30888211606732
2.61375611128819
1.80058139921363
4.3230745540485
9.79714746472071
0.881169994618504
3.83979512711777
4.10644086007085
1.67819940528659
2.28832127407362
0.893021433314723
5.8669102292414
2.24275918986981
2.46312484298797
1.83271119804896
2.93860023436771
1.55991096331646
1.95336541965163
0.75071215639354
0.953866524235095
2.14321493030746
3.45287518493849
0.982725136792633
0.877058627649769
1.06625842443255
2.01918441699538
1.83931726427031
1.51870429540301
5.83330848712085
1.21307914804024
1.47611770630913
2.12351856087126
1.42045080304056
1.77662799307481
6.16554963338785
7.10597200210394
19.3077772118897
25.8019084708802
0.659747043674587
1.04168753541495
4.11017838136898
0.556857114980399
33.8170942546937
1.47909618731505
1.0264125309501
1.81183961248907
2.12098756105048
7.44510293963553
2.57477726174092
1.65203939224148
3.93211050934335
2.48478086642386
2.001306464611
3.17798488833521
1.51894775051605
0.864782971590079
1.28731786322808
2.02324281279267
1.00240169278027
2.18314787793783
2.05288796420097
1.37895000592031
2.12140812289772
2.80248297707067
31.4446955446352
15.0063428471263
3.09879430847796
0.71888355028108
10.4220722291288
1.86590147816978
3.53369963647791
2.8875354864334
2.23618192744305
2.30666809423874
3.13103341399956
1.02187859223268
1.10181500720025
2.96948052896028
1.03962922919575
2.13097861411468
4.10157472898458
1.12238159210478
5.09372147668976
1.74213401603948
2.11739101665816
1.51131243825222
0.983137822800824
6.47471859868904
4.60874826419952
3.85095850093628
1.61397355632394
2.11429148174237
1.25740511456238
1.86374288773845
1.28930250500106
6.9756520290395
0.820741563592643
10.9866551448996
2.10424118083174
1.16914551930733
3.25786842479687
1.58652875380335
1.78245889978365
1.23999736825343
2.20474845893576
2.25965751537808
6.95643435131636
2.04925304311514
9.83518193757405
3.4066737441661
1.27223962109616
26.080996906175
3.84214782345963
1.15530415082369
1.0300161747425
2.38089350961327
1.61363993264956
1.46439066044495
3.04270356027952
0.700606473208841
2.36898404442457
1.93960432216121
2.12380902633438
5.54468193863516
1.72911351816127
1.35880713472027
1.84622553454008
1.40348724760184
3.628253471474
1.82396740735308
4.03772689788943
2.81043124377523
1.56399352366684
3.92599140911508
9.40379082188128
1.88643971693609
5.78886423147298
1.2982537010034
2.02475267706917
2.87079924492252
1.26805074438543
1.17578245881906
13.5327168110275
6.08454169106557
1.46827406018394
2.54310932970828
3.59731480368528
1.64830162484467
5.65004794673209
1.11775309234139
4.02487762553849
1.25074639273734
1.36746374504942
1.61700030095787
4.07436441421203
2.34354128932099
1.31221439297281
2.90419880361911
2.2381108733184
2.07624850624094
0.840373469447071
5.01437257644996
1.19875333221933
2.85179221231134
1.15665751256848
1.7553087071135
2.13090216911295
1.41486016169977
4.85214022807028
2.83491420461881
1.48203853644286
2.82266123735271
3.50380042149275
4.09745777466382
4.71709868644412
1.39787347479099
2.31791178911577
2.22286747629008
4.19440167318155
2.74758317431248
1.91340440649129
3.42813488693244
1.47317754535817
1.44853090008515
3.57441380762568
0.82913101659629
2.29099705824083
1.61748264783192
1.12612620317625
1.10873678607735
2.33925401125558
2.02640410623285
12.2331731064825
2.42049000927848
1.88156831869747
1.9508275069295
6.76748852944964
2.17427417790282
1.3164337708624
11.1850340724421
2.76256405672108
3.65042584993563
3.01861556579801
4.56180578377198
1.49743797053489
1.4450860706345
1.71892179280763
1.14315888156974
2.12101480784007
4.91980179906892
1.42271648016141
1.50784390812398
3.60054133626269
1.06426275300288
47.46588999507
2.31158725686167
3.81293703615478
5.09658522228218
9.07618307814158
2.0252986590741
5.9041379695144
1.01985266187156
2.99199353436595
2.65177404350492
2.15294543803261
1.26852126428539
12.6894140170434
5.62415387720782
2.49855482588789
1.80722722556536
1.12963244922473
2.91516918000985
1.50184569506393
0.712780886952332
1.59577386258728
2.1877469555965
60.9142357944388
1.03654338134294
1.61408076594109
2.37853887164563
3.03051214585086
3.14758589594711
1.41260457914828
2.90687444343078
2.7282222000426
2.08007539153784
5.66393501848517
1.21724665942715
1.65381021544256
2.09375922849397
5.25859196881561
1.77259584003828
11.0633565157126
1.55439775104708
1.36337437589753
1.56215489064443
3.69609070400117
3.69088020471625
4.86944592949519
2.34500411033613
0.809888213372379
2.81364270579699
8.29214730887415
1.73339321207686
1.26653791765494
1.9487564323113
3.79155559932875
1.84080844837974
1.07971733616742
1.28246970765819
0.714180595029492
9.05911491718582
1.31224747435848
0.764126577033718
2.50167366209383
3.00812482034812
1.76173890477285
2.28950372589841
1.1863690497929
9.16403613817823
3.90217075518589
2.52913385270118
14.0761996934295
18.0012715465104
1.74771714773245
1.78792461580943
1.56426152453797
2.34493177155198
5.00225860566025
5.64293096533216
0.732387732931113
7.66594922654416
3.42377661744197
3.73732758653804
1.3720582592569
1.79088492344666
1.33175774220405
2.09004687162015
1.66055802561368
4.2292186537343
0.981688099436738
0.928414676874699
2.33504526703909
1.97600735674636
3.88688876260624
1.90399182443681
2.25082778142888
1.79686897023369
4.43449176413324
1.16101878943608
1.9943038170954
0.596577851036238
2.9962417134444
0.831494466764497
0.86619582787875
4.83393034356305
4.59518428688783
1.85274011841856
2.22672515615407
0.946969753319409
0.973793237699622
6.69988287111079
0.742148090710878
6.34344007893787
1.48225913998513
3.359368627707
2.40665722163573
1.40479059490799
2.92204458967075
4.86348176537211
2.31641454143002
1.81081287037201
10.6282240069793
2.50995750823093
2.48475003308151
2.9760864544345
1.23720949610154
1.2732993168486
1.01098145094523
2.22026014994117
11.3799469490282
6.23936237572015
10.2435110366245
0.949662233564813
7.8051565649292
1.27807061062596
1.46156864662998
6.01640216956756
1.28761166287688
1.6355296073906
1.28843377612102
16.7081172804847
1.62468108849196
1.2453695352234
4.4104864439977
5.34171523765812
2.90347682617797
1.28960212077872
1.06518530372447
4.45762167611164
1.77202755940164
1.16363758237582
7.34342733431479
8.10787708914272
6.84721625243381
4.30896947579315
1.2881332683604
3.85040948934494
3.10758089556292
5.35653121750282
1.48800991389087
2.22100505173611
8.99454921929737
1.35093366113489
1.5063563826184
3.32043804133578
3.58015717805216
1.59151354517732
1.87581328057282
2.74864171718699
8.13512521263515
1.45037180943932
0.646533898399117
3.20930394576106
1.38569364804101
1.37024273775457
3.37338151085734
1.40485870569788
4.57429912263445
3.01137411142737
4.46634849477408
1.55971413462016
0.750798732784871
4.08178750854642
4.15373814539884
3.05484896307068
1.54202349051636
8.08846470378928
2.56680748601692
1.96101333741412
2.04798729908636
2.19204988206143
1.43268835222369
0.960010461089173
2.31655183980936
5.63854157336825
2.11092031537037
6.96834827070986
5.87357796435291
1.3973539465377
1.33389678412022
1.43508517914246
2.67527283975687
1.10588563322863
1.55395379159679
1.30238359942806
3.18070897110802
1.48052603718864
1.17427512281302
2.41700988886103
1.59900820593171
1.50357102146613
2.01815910041229
2.29152916644897
2.32441095119529
1.79065745311017
6.34163624777017
6.61896888043717
3.41944350867485
0.906688616406407
2.17524069164446
4.74645392786378
0.708520464800592
2.28904830572937
3.10201948638416
5.90652027763637
4.12479084885026
3.66152003140445
1.78040086033891
2.47853622281883
9.5028189617295
1.72089085323998
5.77343398743314
1.63821548266389
1.38973623199073
2.99828930597634
0.966930471286414
41.9083761004888
4.21174850502217
2.37437783818997
1.81525784721005
2.16644001863264
1.98041705758921
2.84627746374501
5.65445096601675
2.40959266080583
2.53183807269898
1.69002898127604
0.667285202251532
1.52849796913046
5.61789124806794
3.2971537313533
6.58909954033556
1.80867483337222
7.05020618200881
0.689733096742569
1.61429975724099
2.04780958875992
0.678520773326449
1.56446599305846
3.23836477647258
1.5234121514758
1.44869342153146
1.62315962991361
8.97031259508941
0.772502826389952
6.6152428738462
10.0289719711872
1.05676175563967
2.08503217361722
6.23090757340098
3.62788793908167
0.889580997160375
0.823321773059948
3.95110864760542
3.62245766472507
2.51137646693568
3.1826404227876
0.685292396916006
0.956115965646068
6.81043823575822
2.22462206575331
1.2494827939539
1.70203888891374
5.80480118455287
1.92509661483686
1.19141015534442
1.04688250509845
3.10225801310251
4.24165394173679
12.0995866354811
3.3217915493732
1.32576789948961
3.18049414752711
2.30202157821862
0.737638520136663
3.53076507836259
5.81472294250884
5.15411751534012
4.30387645419615
2.76395961115441
2.15564927357986
0.731450478158939
4.45724220922648
3.27544390982328
5.24480422361754
0.855626328863514
1.08934140855731
10.190041898714
1.24304828821742
4.57298136150074
3.4125370708232
3.51177021619823
1.24297965178807
2.72186940450086
1.76496617561883
1.69828926709992
3.06910199213618
1.9661141838663
1.90377113312438
5.53133353808097
1.00205266960858
6.26467572202087
1.63620009827383
3.14479487951554
1.6262328976102
1.01640877042334
3.71065424954947
0.940986807730581
1.90939623709847
1.09312302966252
3.566293381022
2.08157964078354
1.48517962840292
0.91905792636061
1.71211234435753
3.41548210556081
6.89241134921892
1.28075675479622
1.27783189779396
2.44579535787891
3.68528759706475
1.7480528865437
2.441108255853
5.18133648383653
0.860540118212335
5.20001311505185
1.04929696959832
7.5744789746957
13.5374157891065
1.46750856088682
3.62703679370573
2.71447526468899
3.00280193169072
1.3183919103127
1.4845953106482
5.66095785233353
1.8055800669385
2.856682865741
2.28211792991358
4.41847221652654
1.5798323907537
2.72796260964833
4.3062409014686
2.05199746401154
3.75741921293528
2.09631289308764
21.6450572494091
3.33634365809681
2.72192286923471
2.31149413388525
2.2821509939447
1.17640494476848
1.70662312682289
3.99097825977082
2.46148954651403
2.23141276329217
1.44184563266464
5.17174780316304
1.75588036231928
1.08657528135986
5.0963688935637
1.68389086998034
3.76353114607061
1.56111860897483
3.76740722264654
0.727163129931633
1.86437102994838
4.39600138930625
1.67229120071638
1.13780357390151
2.23798245173743
2.07831229352589
2.25022999571265
0.976247944768395
3.21595669717431
2.064272365863
3.01352885474472
1.26179397421393
2.99073855376854
11.1452638247375
4.52921305488441
1.85129942877392
1.14920577826163
1.69139316067828
1.28501039911266
3.67034553333034
3.68430829364368
3.44294340590293
0.801875686166815
4.98686341271248
2.09122798746238
2.2522323862096
2.06400190105629
3.43714754864738
2.13216993845867
2.05709895277245
1.96861944747705
2.30852095573467
1.45084706347563
10.8837912535061
2.21974693538784
1.17698440197652
1.51144332524838
2.53521469406137
6.65148255031639
1.76295609976059
5.47274820294888
1.91160476328324
2.92003049692076
1.22113172655049
1.80102205310373
1.73484253526307
2.81923436161232
0.739783911775172
3.3844253646166
0.879648604506358
2.82923770129808
10.3675492534367
1.84435634505896
3.59407134857187
8.49558541220785
4.97977739995097
1.90786784723098
2.91148066582082
1.41003174244729
4.18625747572481
3.03915405014908
14.4728097904793
8.4377051622606
2.33494630421166
2.01354582650829
1.43915551007185
1.66283050132191
6.83410536027042
12.7437000565427
2.03533699460022
1.6896503737364
1.07939894934944
1.94414869081209
2.49883668982056
1.33808931874135
3.19499305784885
15.9381369240833
2.6459000334792
6.46610494657092
0.848625517419435
3.56534179756443
1.33122393631635
0.634463956366208
1.23231136261346
1.99174106144364
1.1256999219973
2.7766696199612
4.05484123260526
1.7488016516543
1.99086592267098
1.88913892152858
1.2408477795374
5.42816390132512
11.3601080530607
4.78444008027425
2.70504352292526
1.9142340287239
4.18507494193955
1.48100713405827
2.74147440718827
9.11929011688205
1.33812138631355
2.46539941319057
2.12812569518567
4.80261451758988
15.4360010434285
1.63719431392352
1.11442458669297
1.18486476382258
1.2426023749139
2.22497285160953
0.964065452432001
2.0260726342468
1.74002790326463
1.14233243233464
1.05611011317742
2.21189965250628
3.17270988350052
0.712079723997859
1.4388710047497
7.58603138327689
3.14887627176158
5.82643732729301
1.51621016779918
3.40610035678168
1.358344363788
7.49728794651926
1.64734584986254
1.58197902695527
4.67447104726117
25.5416989325532
2.14139130860921
1.00968927695773
1.48388123894722
19.3635765066029
2.73885618198843
2.78827770904202
1.34687098334211
3.80284011952243
1.75042787867203
2.87551629477904
3.11439189283933
3.58177160170307
2.82145134581362
1.42212091860321
3.52068051645772
1.66868432069222
3.1499758804738
1.67402757643617
4.16821376003009
2.08370645458766
3.37540120834633
1.83279444821814
1.40296453443381
3.42906568479646
1.02804329741979
1.03347922301787
3.23901050572847
0.698605682051384
1.97426905187596
0.485237603111089
2.46924916912654
4.85267115794041
8.27159100925688
4.69817756509028
3.59664323999347
1.06388544619647
8.91266369170346
0.904406027574573
1.10142908525416
2.1750214245394
1.89503454296929
0.859749207423889
1.21336418158046
0.794219804456762
1.53738873322711
1.17728704197062
8.6370565302872
2.83725851196008
1.78094712395694
6.71990933374001
2.2209926341124
8.12499011760569
3.11547124347151
2.30259936746153
1.69983319273262
1.1129860446497
4.33534219122877
7.67468445829759
1.22165819514259
1.47354260280988
1.19089579065383
1.16203414955163
14.8575348119583
2.55491775619054
2.56544572266529
2.56908497708875
3.53558816704996
3.08939724326471
28.6984844926598
3.33064360333231
2.48181979453261
0.743816753524252
3.31951528410557
4.59988921984889
3.98534201221189
2.53119190425143
1.26909524784191
2.3055378319455
2.21305838759003
2.61759519343437
2.01959493465436
2.22659634984227
20.2204991950986
5.33296092372987
2.29506618877014
1.30280414050255
0.846026865590885
1.57392927698907
1.09988422100633
1.27261658377275
4.64707955539611
49.0633116681093
2.61220894413051
3.19857799632232
1.73233417346294
2.00118998296285
2.40852179526132
21.5135723542382
1.0261214948112
3.16350652430637
3.69166360301087
6.5657455101852
2.00473450288213
1.10974078088373
28.2359465366393
4.08354309262933
7.64529893812486
14.7623812586413
1.72208521159959
2.21616990437302
3.66161264981063
1.55958743079106
5.67286935129784
4.44343036754233
6.08578913235898
1.89551249064998
5.92610588272154
1.88644988453423
3.13684313070506
0.594266257769597
1.9329618886138
1.06354406199564
1.22461739003225
1.48146007379764
3.10496833337751
2.94164425709582
9.33478667394369
1.02635461832717
2.01756047915043
1.77625211475684
4.31703948144524
1.740525172478
2.54638910684762
1.21412875604278
5.61956593166815
0.644805996125523
2.86280065831771
1.59242715373486
1.45051225073141
3.27610969020297
1.52462877139809
1.14749605767407
1.36291504260974
8.20492316348611
2.58893858937089
4.14710757830131
0.703085239457323
3.11856855476518
2.47630897285176
3.61212488477
22.9890647715649
1.96205752319497
3.39773189815381
3.129736587693
2.5785585440642
7.54627169832633
12.3668693297631
2.2439790184431
1.83210329751741
1.03881176689549
3.22145881904821
4.42255068607731
2.82662888050165
9.33220172994376
2.89832012808041
1.40339832515766
2.91547437285468
4.10881731785084
3.51276255190202
2.79154183661695
2.19337347971978
1.57893903184431
8.50971224782347
2.22396434094594
3.29116128743562
7.28000091112212
1.92885750292006
3.14751936265112
0.78101848756503
2.04748667368791
7.90764847225535
0.689399518450737
2.09293211880501
1.03930995367903
1.043687452297
1.63306719093328
3.21846956987926
1.19456497328527
2.17373693168506
2.6997872831784
1.47114412942506
0.965269330026244
2.4606129949355
2.82519096021142
1.56404242965541
1.19225565619219
1.55945047648406
1.47002377350038
5.79196287424161
1.89647608039744
1.45582588476289
3.51316449097439
52.5598288094225
4.29038506664859
1.74890533741293
1.52088865325608
1.19819270951348
0.682700828839155
1.57026599597979
1.34227686951009
1.27009138702557
5.07689220921127
4.45237829325123
1.49450591439361
0.784746874049904
2.33515612101747
11.9669072743859
3.26974579231189
6.10928442355634
1.96315393629665
3.58845101402478
3.77002642401141
1.01301945469739
1.58483392383705
1.20777132836623
2.14032021546514
2.6689618682677
1.00625627852671
2.74160925343566
2.11372962516602
2.05183681720835
4.73842253559981
1.41200736282497
0.755889495178801
1.83217222605157
5.51012048692413
3.88860951646812
2.20913993464824
1.44361747695042
0.834627857202618
3.64264457168538
7.72366100419946
0.849056187923334
1.15867124181458
2.56755721160168
1.22423014221732
0.90285830650281
1.76335084592042
2.19160875646547
1.36673366993096
2.04057938392861
3.41936623414241
1.90731059595717
3.75240989287828
2.22761222942889
1.7283529678665
1.1016247755244
3.72156063739644
1.22246571189159
0.877842617425757
3.63158450983756
1.30876665663984
1.67743646742711
0.730467206949617
14.2884750572659
1.01954232904477
2.2311007127093
1.9210947638361
2.42502433686443
1.94990392103034
1.73201372924098
15.3368770342623
3.0353783336766
1.46299989707115
0.843279118805349
4.78137443092539
0.949782954265143
3.14482003489814
1.48965004878609
2.46435578097983
6.92247863060169
6.05177201104333
7.02073258832758
1.51454076755509
1.61953769331437
5.55464256010715
1.56659386502475
20.4412806800399
1.26268413099112
3.18758758861191
1.26043787828811
1.58544497276243
0.683435392881396
6.31423729007826
1.24309954182902
4.76132186650127
3.68192954871397
1.2553088990852
1.47486116655966
1.61294967032838
1.46630956925633
2.61815724776719
0.954658691310883
7.89223377782121
1.3006851646343
2.00606562708875
2.33893143834429
3.50122434652368
25.4621154940977
1.50169462444193
2.72428272240829
1.99568008511884
1.31591735975642
1.42779302717774
2.60240878601303
11.3735318550536
10.5413253290349
4.99263579371737
9.54227291027208
3.62455825714451
1.52314590349663
3.98431196230772
6.8114856806097
1.18479770462743
2.16650024795335
1.19259803372918
3.30968060420488
1.29217729697236
2.10169504176152
4.07664293426207
12.6849742448198
1.5407120423886
3.31883415881809
3.25184799178525
8.41154812260681
28.9790610923122
3.46910443040274
3.08764546671711
2.79639824537528
4.6247319389605
6.08373056892465
1.85880336701922
0.931663095705622
3.14577435882944
1.43524362874122
5.42010507621485
1.42198209976693
3.33958518490665
1.55536786275159
3.42138510397427
3.05197912821094
3.86279847258385
4.91327676696923
5.36227903561286
1.80980460624514
2.1502946020666
5.50360188433493
1.30679405471109
2.35103321778986
2.40697463612846
1.77045088740281
4.63855092893357
4.33836390247723
3.25119908486936
1.36690874278767
1.32633980595087
1.55690792833373
7.5847199286128
1.51634175709884
2.69489193126923
1.28675263659884
3.93497452033019
1.57911929398882
2.21159010905972
1.91395274482713
1.79078048641657
1.43843920469797
1.65784521757601
4.03154130038505
4.47754135628466
2.44683909123896
2.15987817705955
1.42404057765713
5.118177925195
1.93451720629516
3.08174740508013
1.05458140758805
1.48971611261261
2.15745188821723
0.947414155947046
1.12427910966963
5.03728336806159
3.47443009713113
2.52192726791204
6.77141225519319
4.83640991594284
5.87836498743919
3.2827895026418
52.9547753373991
8.46038585243748
1.23432382271906
1.2387953470011
1.85493194590663
0.957844623035449
1.4665300048063
2.70728314922784
2.4853389663324
4.7153270495715
1.8043182011165
3.93886542903835
2.51884158192264
4.59142531878311
4.14522830374839
1.49907229649081
17.2293664516749
2.55541263841577
1.67509656715126
0.794465715973847
0.92377905672609
8.25100769979496
2.02307488762859
1.59431284848529
4.19924622528959
4.12289802607896
3.48767984567232
7.89617343138538
1.95935146827356
1.10606814767617
2.24118807330388
1.35285210251986
0.834581048249652
3.35481359393464
0.907483119599764
1.1426080382827
1.26924778939482
3.98746884379048
1.75979295141978
0.915997722754793
1.05787712666492
2.09223495661287
7.77014215600426
8.58750531711352
1.75063244824556
12.2399518390507
1.41663303858083
3.96571395134784
1.99321144656375
1.57418627236109
1.59940688903581
6.14832777225149
1.52133963772577
4.94108223687683
1.98824585895821
1.01650127323583
2.36719656702997
2.81917851819936
35.6205106935522
3.71954768642334
4.69099329816342
13.3831652886512
1.13219658812428
1.18296981137623
2.75883827644194
5.55555349117809
2.31008615999159
5.82001699366617
1.79926073275839
32.8446783260962
1.53847734248707
0.854248260552913
8.85213966548919
2.46122298548486
2.43788021613558
2.05476871441732
3.01507308819372
1.00651740404041
11.1220865874127
1.4591261410922
6.58727435950618
8.75176957401973
6.46197718358167
10.004929458499
2.82745461102323
2.36855074041083
1.67415930846596
2.32381409256824
0.771289307434665
1.00753635994385
1.29615923849504
1.60380074023929
1.56422722277763
2.28010148779128
4.64481057580728
1.36157170267597
1.87786865384052
1.02464204021222
1.09892437455302
1.22474251398632
3.20658566927258
1.6402902165778
0.637965757496696
1.84164211000984
2.20843556261214
4.7898488625567
1.06036482755032
1.29736202643138
14.2859110435938
5.09695405629222
6.37428856120199
2.83005491772181
3.44182894691994
1.20130173316426
3.24186055106313
1.61548298263246
1.21163788240416
2.58552416459491
4.9083958643238
5.75763764948077
2.00335362128977
0.893624249258603
1.60848328241166
3.79228371013749
2.56747254405586
2.37040643589273
2.41457236888101
0.631580589824616
2.97942647953679
0.934851867102029
1.41273629180966
6.4379164565907
0.728642427494665
0.813868465778559
3.14621379920843
1.61753025105977
1.77848305313414
3.59785609187319
10.9779210136307
0.90223933727116
1.63296047241699
0.828144371276124
2.21824306403101
2.89133689563221
1.26702581267755
0.94171104143043
1.36907682177078
1.92088356209625
4.89627942047182
0.79564153959739
4.16467690251809
3.07842470979821
12.2020475464501
2.66479494545268
2.0220475858616
0.59846827591027
1.32715954302505
3.44220528108255
2.22540868810354
2.51662163918798
12.5850927195908
2.66831718448233
0.642669239522078
3.49436676625025
0.754923371897765
3.08935250537011
1.93181567313866
1.66675245184434
8.74459132852703
1.89583927581852
1.0114553093346
1.18216299934744
1.86856222717466
2.00062322283356
54.8822094070377
1.21486813028766
3.39341818458054
1.35713201077387
2.70288748646271
4.03154322834313
1.45403060550869
2.60136152179757
2.26728465676251
4.24992590667118
5.71722490538945
1.87287797170068
1.68027920362882
2.62247408596196
1.76092362837575
2.13650483221261
7.5817814360769
1.73687575613244
2.13235426486417
1.85456995799742
2.79922745465565
2.56929606878568
1.44753205640579
5.14111354731634
4.27806528590749
3.21268873270389
1.03523274733736
4.72478643865516
14.3804006212938
13.4622512939884
4.88585901110379
3.75008341039767
1.37860438930258
1.26449238324658
4.6556690055128
3.76094940408333
1.23811643319631
2.25092317006092
2.01901586535121
0.929797938163154
3.99885766868956
0.656964811363106
3.55954764994286
3.80094508372637
6.58285160926745
2.78086599965955
1.53591989587737
1.55772672349298
1.72063619636706
2.461518569453
0.868429224974223
9.99283431217761
1.72229261332415
0.677757277990285
4.70668159662811
2.23328462595806
1.68116493288102
1.34180585888308
1.5607500742207
4.07895871267595
4.06822001494131
5.72491956977288
10.3032112734772
3.70938799977876
43.8413017244825
19.5372924819609
1.49204081424626
2.27474540085533
3.91868546597728
1.41069954068967
1.56721671181519
1.80716194692142
1.80384453208783
5.37594941096493
3.19493449582264
3.68712425986888
3.69184131576093
9.78572746692612
2.47571460600867
11.8219265089618
3.88234688836672
5.51603442294158
3.50378447974932
9.56632635196987
1.51455129445772
1.47638473136613
1.37892727120608
1.47658836772759
13.1728364380705
0.968320798698365
2.65196006409954
1.87529480751654
1.0623680809675
1.2353884990728
1.28618402060208
1.53127676733137
3.31390096088796
1.50261436864825
9.87963283279406
1.68625885926262
3.50052387528528
2.58593743386343
1.56385552107033
2.94124373603932
1.43910307653282
1.83835590861389
2.61610176078679
0.983646163643603
4.04340264049176
2.46242325309647
2.06425480446412
1.77473491388033
5.90419232346361
2.23231166964445
2.33850415030385
2.02386939881329
2.86255733406949
0.939786286585038
1.10008084773936
5.51124481683837
2.06418476067615
1.37465250357575
2.86960691955225
1.48728969531759
1.33758593921792
9.14142372936124
0.422241468227592
15.1500662473181
1.84650622779259
0.896257530099717
3.1546239030982
8.08189260092588
3.27330105061114
4.32741794014199
3.8353792252568
2.14174425919918
1.74176657539335
1.61231113157745
1.11543291106893
3.97721377730542
1.74057563954183
35.7691450773401
1.54493551534942
2.12426574786802
1.36513748882603
1.61157205232424
7.50780887081305
6.36163263511131
0.973809118115186
1.96149037162592
1.45889110231107
2.074249026777
7.85679874765566
1.1519772238905
2.57009395899919
0.995684856447693
0.713544186938937
3.73055119777382
6.01317557276195
4.128724062028
1.17289336826084
2.13491809782413
3.61165904756687
2.18298866957024
2.70794121239885
0.913784097519696
1.89437996873839
10.0432567920474
0.91679328815959
3.03172371622291
1.39422896892814
0.516956640134451
1.16850705002447
3.49875469068712
7.18986805206844
7.19528586616977
10.0721351516718
1.74423606376857
1.50471197713186
5.307170491358
1.83739218699392
2.57419618343257
1.61937928447059
0.847513028757201
2.49321815791186
0.968757068642612
0.690276610549352
11.1807446476268
2.33658033472943
4.66212345293481
2.98344869987086
2.1472788695167
13.6227507818834
2.81881246839456
1.74813497602148
1.5529850382422
8.62606502014114
1.55862939587975
1.09218038966237
2.13381106755195
1.35275167703449
4.87704863198083
1.18035113966407
3.11505454007706
15.9857002202914
11.9355693512113
2.11821229671362
2.03370335252059
18.1986889108697
2.30607299758922
2.68529596545297
1.80285578546139
5.89667321544812
