21 populations (../data/AH2_all.genepop.txt.MIG)

genetic estimates ('^a' statistic):
   2.07406
   1.80423   1.88105
   1.26813   1.33901   1.16155
   1.98636   2.06724   1.90486   1.40643
   1.16269   1.39929   1.12256  0.850948   1.38899
   1.97328    2.3113   2.17241   1.47147   2.30622   1.53678
   1.78968   1.75818    1.8068   1.09068   1.81994   1.19728   2.02595
    1.8509   1.47955   1.47608  0.999463   1.72571   1.05195   1.94586   1.73205
    1.6185    1.4793   1.30493   1.03686   1.61221  0.863578   1.88631   1.51414  -0.03441
    1.8597   1.94179   1.84112   1.31392   2.16043   1.30485   2.15293   1.82657   1.66352   1.53514
   1.61194   1.44056      1.29  0.912844   1.37865  0.815519    1.8284   1.42007   1.21765   1.22459   1.62789
   1.39784   1.49935   1.06713  0.752652   1.36029  0.800247   1.64269   1.33562  0.979127  0.881751     1.436  0.640429
   1.56741   1.49489   1.15474  0.686065   1.33923  0.836224    1.8699   1.35458   0.88484  0.773914    1.5768  0.825464  0.535739
   1.67593   1.46224   1.34676  0.883307   1.22293  0.887487    1.7591   1.36236   1.04926  0.855333   1.58284  0.815879  0.551649  0.666276
   2.10698   1.79703   1.67442   1.33037   1.80136   1.24602   2.24154   1.80051   1.61999   1.52649   2.01925   1.11331   1.18068   1.24123    1.2801
    2.0409   2.02441   2.07574   1.43187   2.10098   1.45024   2.21175   2.06224    1.4963   1.45913   2.14707   1.31153   1.26189   1.05563   1.32445   1.44711
   1.44426   1.31417   1.12067   0.71649   1.39336  0.884498   1.71549   1.39627   1.00436  0.924925    1.4128  0.666139   0.51316  0.683419  0.537202  0.994815  0.977115
   1.74883    2.1959   1.85886   1.28667   1.93291   1.27747   2.14631   1.76604   1.77213   1.61427   1.95674   1.45215   1.30094   1.25162   1.47659   2.21561   1.88747   1.35894
   1.82546   1.76849   1.68809   1.38132   1.73448   1.34657   2.29357   1.78055   1.70946   1.49472   2.29604   1.00417  0.937512   1.20346   1.12882   1.48033   1.62637  0.969834   2.02531
   1.85516   1.74065   1.57797   1.19749   1.51218   1.12795   1.99121   1.68393   1.45636   1.39197   1.88646  0.936354  0.829795   1.02375  0.947274   1.51662   1.41353  0.963475   1.69715   1.25888

distance:
   41.2148
   41.2471   2.60615
   36.3201   9.32712   11.4829
   34.4189   11.5856   13.5856   2.46101
   33.3669   13.4064   15.3627   4.26924   1.83553
   31.5798   17.8238   19.7523   8.62384   6.24513   4.41745
   31.6061   19.0657   21.0278   9.81389   7.48026   5.66979   1.31499
   31.5422   19.0812    21.038   9.83478   7.49561   5.68234   1.31141 0.0639414
   31.8367   18.7272   20.7028   9.46467   7.14332   5.34071   1.06572  0.366888    0.4081
   31.8524   21.7301   23.7502   12.4231   10.1689   8.39264   4.10891   2.79393   2.80001   3.07941
   31516.2   31511.3   31508.7   31519.4   31520.7     31522   31525.5   31526.8   31526.8   31526.6   31529.5
   31515.7   31510.8   31508.2   31518.8   31520.2   31521.5     31525   31526.3   31526.3   31526.1   31528.9   1.09333
   31516.4   31511.5   31508.9   31519.5   31520.9   31522.2   31525.7   31526.9   31526.9   31526.8   31529.6   27.7695   28.7399
   31516.4   31511.5   31508.9   31519.5   31520.9   31522.2   31525.7   31526.9   31526.9   31526.8   31529.6   27.5672   28.5377  0.202328
   31512.7   31507.8   31505.2   31515.8   31517.2   31518.5     31522   31523.3   31523.2   31523.1   31525.9   29.0474   29.9471   3.82817   3.89203
   31510.4   31505.5   31502.9   31513.5   31514.9   31516.2   31519.7     31521     31521   31520.8   31523.7     29.46   30.3101   6.06145   6.10472   2.28144
   31498.7   31493.8   31491.2   31501.8   31503.2   31504.5     31508   31509.3   31509.3   31509.1     31512   36.1128   36.7154   18.0713    18.118   14.2547   12.0134
   31501.3   31496.4   31493.8   31504.4   31505.7   31507.1   31510.6   31511.8   31511.8   31511.6   31514.5   34.1718   34.8224   15.3947   15.4377   11.5863    9.3336   2.69614
   31495.6   31490.7   31488.1   31498.7   31500.1   31501.4   31504.9   31506.2   31506.2     31506   31508.8   36.8747   37.3962   20.9574   20.9884   17.1799   14.9068   3.26474   5.66288
   31494.5   31489.6     31487   31497.6     31499   31500.3   31503.8     31505     31505   31504.9   31507.7   37.3729   37.8676   22.0543   22.0823   18.2868   16.0107    4.3963   6.79718    1.1422

________________________________________________________________

Minimum distance between pairs in regression: 100
Maximum distance between pairs in regression: 100000

Fitting '^a' statistic to a + b (distance)
a = 242.225, b = -0.00763901

 ABC bootstrap results for SLOPE:
 Point estimate and 95% confidence interval:
-0.00763901 [ -0.0117396 , -0.00371468 ]

Unidirectional P-value for [ slope=0 ] : 0.999947

Mantel test, 1000 permutations
NOTE: Mantel procedure not meaningful on minDist/maxDist selection.
      Using all distances, not directly comparable to regression estimates.

Test of isolation by distance (One tailed Pvalue):
 Pr(correlation > observed correlation) =0.001 under null hypothesis

Other one tailed Pvalue:
 Pr(correlation < observed correlation) =0.999 under null hypothesis

 ABC bootstrap results for INTERCEPT:
 Point estimate and 95% confidence interval:
242.225 [ 118.551 , 371.493 ]
