1.01527																																																																																																																									
1.1179	-0.522496																																																																																																																								
1.53976	0.785082	0.516458																																																																																																																							
1.3621	0.334705	-0.129733	-0.222573																																																																																																																						
0.0650447	0.765944	0.82138	1.32313	1.11358																																																																																																																					
1.78513	2.16417	2.18955	2.34094	2.27312	1.89721																																																																																																																				
1.28397	1.85176	1.89394	2.10224	2.00985	1.48826	0.883758																																																																																																																			
2.59113	2.77898	2.79616	2.88436	2.84426	2.64937	2.01834	2.27598																																																																																																																		
2.98378	3.11451	3.12564	3.18798	3.15958	3.02125	2.62838	2.78205	1.86871																																																																																																																	
2.97461	3.10646	3.11756	3.18023	3.15169	3.01221	2.6149	2.77086	1.84303	-1.52798																																																																																																																
2.85325	3.00087	3.0129	3.08196	3.05056	2.89508	2.43517	2.62005	1.42634	0.895722	0.812943																																																																																																															
2.84055	2.98998	3.00311	3.07413	3.04178	2.88466	2.41952	2.60375	1.33902	0.980491	0.919187	-0.277808																																																																																																														
2.80324	2.95771	2.96961	3.04076	3.00845	2.84595	2.35644	2.55702	1.25726	1.21937	1.15737	-0.0247215	0.296422																																																																																																													
10.6665	10.6666	10.6666	10.6666	10.6666	10.6666	10.6664	10.6665	10.6662	10.6661	10.6661	10.6661	10.6661	10.6662																																																																																																												
10.6666	10.6666	10.6666	10.6667	10.6666	10.6666	10.6664	10.6665	10.6662	10.6661	10.6661	10.6661	10.6662	10.6662	-1.02246																																																																																																											
10.6666	10.6666	10.6666	10.6667	10.6666	10.6666	10.6664	10.6665	10.6662	10.6661	10.6661	10.6661	10.6662	10.6662	-0.900549	-2.34554																																																																																																										
10.6666	10.6667	10.6667	10.6667	10.6667	10.6666	10.6664	10.6665	10.6663	10.6661	10.6661	10.6662	10.6662	10.6662	0.674883	0.488431	0.44562																																																																																																									
10.6666	10.6667	10.6667	10.6667	10.6667	10.6666	10.6665	10.6665	10.6663	10.6661	10.6661	10.6662	10.6662	10.6662	0.861155	0.705996	0.673664	-0.890866																																																																																																								
10.6666	10.6667	10.6667	10.6667	10.6667	10.6666	10.6665	10.6665	10.6663	10.6661	10.6661	10.6662	10.6662	10.6662	0.880209	0.721604	0.695977	-0.531735	-1.10643																																																																																																							
10.6666	10.6667	10.6667	10.6667	10.6667	10.6666	10.6665	10.6665	10.6663	10.6661	10.6661	10.6662	10.6662	10.6662	0.977848	0.83496	0.812292	-0.216167	-0.780199	-1.39644																																																																																																						
10.6666	10.6667	10.6667	10.6668	10.6667	10.6667	10.6665	10.6666	10.6663	10.6662	10.6662	10.6662	10.6663	10.6663	1.54196	1.46548	1.46378	1.19222	1.10271	1.0005	0.938588																																																																																																					
10.6666	10.6666	10.6667	10.6667	10.6667	10.6666	10.6664	10.6665	10.6663	10.6661	10.6661	10.6662	10.6662	10.6662	0.710687	0.549793	0.501965	-1.01703	-0.551472	-0.146739	0.0327474	1.27535																																																																																																				
10.6664	10.6665	10.6665	10.6665	10.6665	10.6665	10.6663	10.6663	10.6661	10.666	10.666	10.666	10.666	10.666	1.56194	1.6344	1.64313	1.9002	1.9597	1.97054	2.00445	2.22747	1.89786																																																																																																			
10.6664	10.6665	10.6665	10.6665	10.6665	10.6665	10.6663	10.6664	10.6661	10.666	10.666	10.666	10.666	10.6661	1.55475	1.626	1.63707	1.90077	1.95966	1.96579	1.99973	2.20588	1.90441	-0.300958																																																																																																		
10.6664	10.6665	10.6665	10.6665	10.6665	10.6665	10.6663	10.6664	10.6661	10.666	10.666	10.666	10.666	10.6661	1.49077	1.56604	1.57821	1.85646	1.91775	1.92324	1.95858	2.1702	1.86152	-0.0952359	-1.13399																																																																																																	
10.6665	10.6665	10.6665	10.6666	10.6665	10.6665	10.6663	10.6664	10.6661	10.666	10.666	10.666	10.6661	10.6661	1.36321	1.45084	1.46154	1.7638	1.83165	1.84322	1.88165	2.13099	1.76255	-0.149653	0.0293939	-0.114089																																																																																																
10.6665	10.6665	10.6665	10.6666	10.6665	10.6665	10.6663	10.6664	10.6661	10.666	10.666	10.6661	10.6661	10.6661	1.32534	1.41481	1.42787	1.74331	1.81207	1.82026	1.85949	2.10173	1.7468	0.123167	-0.0198392	-0.324889	-0.804505																																																																																															
10.6665	10.6665	10.6665	10.6666	10.6666	10.6665	10.6663	10.6664	10.6662	10.666	10.666	10.6661	10.6661	10.6661	1.2339	1.33289	1.34525	1.68026	1.75373	1.76546	1.80694	2.07282	1.68029	0.29168	0.333506	0.160829	-0.737973	-0.754054																																																																																														
10.6665	10.6665	10.6665	10.6666	10.6666	10.6665	10.6663	10.6664	10.6662	10.666	10.666	10.6661	10.6661	10.6661	1.08695	1.20135	1.21374	1.58425	1.66499	1.6801	1.72516	2.02046	1.58169	0.594219	0.654858	0.52911	-0.0354545	-0.0208091	-0.636739																																																																																													
10.6665	10.6666	10.6666	10.6666	10.6666	10.6665	10.6664	10.6664	10.6662	10.666	10.666	10.6661	10.6661	10.6661	0.603318	0.78267	0.798145	1.31212	1.41688	1.43789	1.49488	1.8671	1.30847	1.08999	1.11289	1.02317	0.754621	0.725172	0.512655	0.151204																																																																																												
10.6665	10.6666	10.6666	10.6666	10.6666	10.6665	10.6664	10.6664	10.6662	10.666	10.666	10.6661	10.6661	10.6661	0.741814	0.891233	0.917099	1.40195	1.49585	1.50133	1.55458	1.86621	1.41678	1.03452	0.980032	0.858664	0.676672	0.544421	0.404254	0.176278	-0.116731																																																																																											
10.6665	10.6666	10.6666	10.6666	10.6666	10.6665	10.6664	10.6664	10.6662	10.6661	10.6661	10.6661	10.6661	10.6661	0.252393	0.47429	0.517604	1.17453	1.28952	1.2926	1.35754	1.72824	1.20069	1.29442	1.25835	1.16754	1.02715	0.945967	0.840091	0.657367	0.0521174	-0.156434																																																																																										
10.6665	10.6666	10.6666	10.6666	10.6666	10.6665	10.6664	10.6664	10.6662	10.6661	10.6661	10.6661	10.6661	10.6661	-0.038476	0.266575	0.311851	1.07364	1.20217	1.21246	1.28323	1.70036	1.0948	1.34744	1.3294	1.24766	1.09414	1.03468	0.919883	0.727834	0.0253723	0.129086	-0.962664																																																																																									
10.6665	10.6666	10.6666	10.6666	10.6666	10.6665	10.6664	10.6664	10.6662	10.6661	10.6661	10.6661	10.6661	10.6661	0.106712	0.386818	0.412619	1.10875	1.23529	1.25591	1.32401	1.7499	1.11346	1.29846	1.30036	1.22073	1.03213	0.990218	0.84888	0.618256	-0.330419	0.140454	-0.393335	-0.890928																																																																																								
10.6665	10.6666	10.6666	10.6666	10.6666	10.6665	10.6664	10.6664	10.6662	10.6661	10.6661	10.6661	10.6661	10.6661	-0.067646	0.187878	0.253521	1.03813	1.16601	1.16336	1.23627	1.63972	1.07823	1.41742	1.38327	1.30283	1.18497	1.11509	1.02744	0.875045	0.36448	0.282798	-0.738983	-0.803954	-0.154997																																																																																							
10.6665	10.6666	10.6666	10.6666	10.6666	10.6665	10.6664	10.6664	10.6662	10.666	10.666	10.6661	10.6661	10.6661	0.956123	1.07094	1.06919	1.42253	1.51365	1.55026	1.59896	1.9777	1.3922	1.11389	1.2236	1.17225	0.862735	0.93425	0.729902	0.473013	0.237527	0.740096	0.821368	0.753571	0.542235	0.944655																																																																																						
10.6664	10.6665	10.6665	10.6665	10.6665	10.6665	10.6663	10.6664	10.6661	10.666	10.666	10.666	10.666	10.6661	1.45952	1.53645	1.53897	1.78935	1.85406	1.87814	1.91401	2.19467	1.77061	0.613755	0.917125	0.921019	0.539387	0.760366	0.612463	0.602942	0.943324	1.09211	1.27501	1.27924	1.1798	1.3869	0.617696																																																																																					
10.6664	10.6664	10.6664	10.6665	10.6664	10.6664	10.6662	10.6663	10.666	10.6659	10.6659	10.666	10.666	10.666	2.06863	2.11308	2.11745	2.2801	2.32112	2.33162	2.35525	2.52413	2.27421	1.16633	1.268	1.35314	1.40051	1.46568	1.51135	1.60068	1.80642	1.79545	1.92416	1.94948	1.91712	1.99151	1.7563	1.38442																																																																																				
10.6664	10.6664	10.6664	10.6665	10.6664	10.6664	10.6662	10.6663	10.6661	10.6659	10.6659	10.666	10.666	10.666	2.05445	2.09948	2.10364	2.26708	2.30856	2.3198	2.34366	2.51682	2.26035	1.14336	1.25994	1.34456	1.37953	1.45045	1.49188	1.57978	1.78757	1.78177	1.91096	1.93506	1.90066	1.97906	1.72927	1.34097	-1.44032																																																																																			
10.6664	10.6664	10.6665	10.6665	10.6665	10.6664	10.6662	10.6663	10.6661	10.6659	10.6659	10.666	10.666	10.666	1.9422	1.99233	1.99836	2.18449	2.22963	2.23847	2.26451	2.43873	2.18151	0.79133	0.886316	1.01056	1.12068	1.18728	1.26519	1.38958	1.64331	1.60903	1.76529	1.80047	1.76952	1.84374	1.62303	1.2279	0.171241	0.210721																																																																																		
10.6664	10.6665	10.6665	10.6665	10.6665	10.6664	10.6663	10.6663	10.6661	10.6659	10.6659	10.666	10.666	10.666	1.82348	1.87991	1.886	2.08988	2.13938	2.15038	2.17873	2.37356	2.0851	0.380163	0.625514	0.775253	0.838332	0.949834	1.02585	1.17207	1.4762	1.45282	1.63034	1.6659	1.62575	1.71974	1.43903	0.941186	0.558289	0.519883	-0.154377																																																																																	
10.6664	10.6665	10.6665	10.6665	10.6665	10.6664	10.6663	10.6663	10.6661	10.666	10.666	10.666	10.666	10.666	1.6502	1.71675	1.72474	1.96358	2.01954	2.02997	2.06195	2.27338	1.96095	-0.820406	-0.0824176	0.169573	0.263304	0.437357	0.575898	0.810672	1.22702	1.1782	1.40773	1.45575	1.41169	1.51824	1.23188	0.723586	1.02321	1.00001	0.568819	0.0364009																																																																																
10.6664	10.6665	10.6665	10.6665	10.6665	10.6664	10.6663	10.6663	10.6661	10.666	10.666	10.666	10.666	10.666	1.61527	1.68376	1.69274	1.94062	1.99774	2.00685	2.03957	2.24999	1.93995	-1.05163	-0.501717	-0.133124	0.123274	0.268142	0.46777	0.740104	1.18109	1.10776	1.35454	1.40974	1.36951	1.47047	1.21996	0.777694	1.11142	1.09484	0.678482	0.270082	-1.15386																																																																															
10.6664	10.6665	10.6665	10.6665	10.6665	10.6664	10.6663	10.6663	10.6661	10.6659	10.6659	10.666	10.666	10.666	1.77857	1.83754	1.84344	2.05358	2.10483	2.11708	2.14633	2.35072	2.04754	0.230859	0.576727	0.722341	0.731555	0.871362	0.935828	1.08621	1.41039	1.39758	1.58171	1.61587	1.57045	1.67517	1.35834	0.796851	0.689899	0.639959	0.180239	-1.06387	-0.130864	0.168942																																																																														
10.6664	10.6665	10.6665	10.6665	10.6665	10.6664	10.6663	10.6663	10.6661	10.6659	10.6659	10.666	10.666	10.666	1.8349	1.8902	1.89401	2.08589	2.13505	2.1507	2.17861	2.38985	2.07507	0.67725	0.958711	1.04853	0.975471	1.1114	1.12543	1.22268	1.49177	1.51729	1.6725	1.69364	1.64152	1.75643	1.37942	0.758344	0.635269	0.53094	0.508442	0.0825751	0.523926	0.694826	-0.0903272																																																																													
10.6664	10.6665	10.6665	10.6665	10.6665	10.6664	10.6663	10.6663	10.6661	10.6659	10.6659	10.666	10.666	10.666	1.87203	1.92515	1.92846	2.11218	2.1599	2.17598	2.20308	2.41217	2.10052	0.817947	1.06646	1.14784	1.07795	1.20303	1.21224	1.29754	1.54515	1.57519	1.72044	1.73884	1.68737	1.80014	1.42587	0.83714	0.595232	0.473296	0.579291	0.277142	0.685533	0.832839	0.173005	-1.21073																																																																												
10.6663	10.6664	10.6664	10.6664	10.6664	10.6663	10.6662	10.6662	10.666	10.6659	10.6659	10.6659	10.6659	10.6659	2.2475	2.28426	2.2865	2.41691	2.45209	2.46488	2.48513	2.64753	2.40711	1.61387	1.70428	1.75755	1.75886	1.81626	1.83386	1.88718	2.03474	2.04778	2.14364	2.1573	2.12434	2.19706	1.95712	1.65399	0.735999	0.706402	1.18107	1.28877	1.53379	1.59523	1.32574	1.16583	1.08607																																																																											
10.6663	10.6664	10.6664	10.6664	10.6664	10.6663	10.6662	10.6662	10.666	10.6659	10.6659	10.6659	10.6659	10.6659	2.28646	2.32163	2.32348	2.44729	2.4812	2.49435	2.51387	2.67448	2.43682	1.69906	1.78576	1.83439	1.83046	1.88566	1.89945	1.94706	2.08394	2.10037	2.19017	2.20185	2.16915	2.24087	2.00334	1.71784	0.949513	0.923368	1.32201	1.40991	1.62756	1.68445	1.43904	1.28425	1.20943	-0.697103																																																																										
10.6663	10.6664	10.6664	10.6664	10.6664	10.6663	10.6662	10.6662	10.666	10.6658	10.6659	10.6659	10.6659	10.6659	2.31682	2.35105	2.35297	2.47422	2.50732	2.51989	2.53898	2.69489	2.46433	1.74488	1.82422	1.87176	1.87282	1.92447	1.93979	1.9871	2.12039	2.13398	2.22181	2.23388	2.20281	2.27118	2.04537	1.77273	1.01216	0.996959	1.36942	1.46538	1.67496	1.72843	1.49695	1.36074	1.29363	-0.352306	-1.07946																																																																									
10.6663	10.6664	10.6664	10.6664	10.6664	10.6663	10.6662	10.6662	10.666	10.6658	10.6658	10.6659	10.6659	10.6659	2.36715	2.40004	2.40236	2.52119	2.5531	2.56406	2.58253	2.72811	2.51307	1.8102	1.87381	1.92069	1.93565	1.97997	2.00051	2.04974	2.1798	2.18503	2.27121	2.28524	2.25791	2.31883	2.11912	1.86711	1.08755	1.09518	1.42131	1.54077	1.74074	1.78797	1.58007	1.48234	1.42975	0.240924	0.121713	-0.207306																																																																								
10.6662	10.6663	10.6663	10.6663	10.6663	10.6662	10.6661	10.6661	10.6659	10.6657	10.6657	10.6658	10.6658	10.6658	2.69215	2.71616	2.71819	2.80802	2.8322	2.83988	2.85403	2.96315	2.80261	2.31157	2.33972	2.37021	2.39221	2.41639	2.4347	2.47011	2.55997	2.55745	2.61946	2.63148	2.61395	2.65361	2.52384	2.36292	1.92872	1.94169	2.07351	2.15501	2.26793	2.29291	2.1822	2.14305	2.11837	1.69239	1.64572	1.57819	1.42665																																																																							
10.6662	10.6663	10.6663	10.6663	10.6663	10.6662	10.6661	10.6661	10.6659	10.6657	10.6657	10.6658	10.6658	10.6658	2.67733	2.70172	2.70387	2.79552	2.82006	2.82757	2.84192	2.95123	2.79037	2.28809	2.3155	2.34675	2.37085	2.3949	2.41433	2.45101	2.54302	2.53922	2.6026	2.61524	2.59784	2.63734	2.50813	2.34454	1.89453	1.90901	2.04202	2.12761	2.24319	2.26832	2.15629	2.1189	2.09442	1.66097	1.61743	1.54766	1.38442	-1.14054																																																																						
10.6662	10.6663	10.6663	10.6663	10.6663	10.6662	10.6661	10.6661	10.6659	10.6658	10.6658	10.6658	10.6658	10.6658	2.64592	2.67106	2.67321	2.76719	2.79239	2.80028	2.81501	2.92796	2.76169	2.24288	2.27311	2.30565	2.32903	2.35475	2.37425	2.41191	2.50702	2.50415	2.56947	2.58217	2.56384	2.60534	2.46963	2.29898	1.82632	1.84081	1.98564	2.0742	2.19606	2.22289	2.10372	2.06214	2.03573	1.56644	1.51751	1.44014	1.25801	-0.400674	-0.73396																																																																					
10.6662	10.6663	10.6663	10.6663	10.6663	10.6662	10.6661	10.6661	10.6659	10.6658	10.6658	10.6658	10.6658	10.6658	2.62347	2.64917	2.65135	2.74729	2.77299	2.78103	2.79605	2.91115	2.74168	2.20939	2.24106	2.27463	2.29827	2.32494	2.34485	2.38351	2.48118	2.47842	2.54534	2.55827	2.53945	2.58206	2.44276	2.26703	1.77501	1.79003	1.94264	2.03441	2.16098	2.18888	2.06495	2.02143	1.99393	1.49954	1.4486	1.36543	1.16562	-0.0192913	-0.242077	-1.1596																																																																				
10.6662	10.6663	10.6663	10.6663	10.6663	10.6662	10.6661	10.6661	10.6659	10.6658	10.6658	10.6658	10.6658	10.6658	2.62524	2.65091	2.65316	2.74931	2.77499	2.78285	2.79786	2.91205	2.74391	2.21079	2.24129	2.27488	2.29978	2.32591	2.34636	2.38537	2.48321	2.47957	2.54662	2.55983	2.54132	2.58331	2.4461	2.27109	1.77744	1.7933	1.94307	2.03615	2.16229	2.18978	2.06722	2.02586	1.99903	1.512	1.46476	1.38298	1.18276	-0.0264329	-0.30188	-1.15817	-1.93964																																																																			
10.6662	10.6663	10.6663	10.6663	10.6663	10.6662	10.6661	10.6661	10.6659	10.6658	10.6658	10.6658	10.6658	10.6658	2.64008	2.6654	2.66773	2.76318	2.78856	2.79604	2.81088	2.92242	2.75819	2.23114	2.25895	2.292	2.31877	2.3435	2.36459	2.40362	2.50034	2.4952	2.56157	2.57511	2.5574	2.59776	2.46592	2.29485	1.80964	1.82647	1.96729	2.0606	2.18338	2.20963	2.09192	2.05506	2.02991	1.56826	1.52752	1.45101	1.26056	-0.135831	-0.554745	-0.950085	-0.785615	-1.12493																																																																		
10.6662	10.6663	10.6663	10.6663	10.6663	10.6662	10.6661	10.6661	10.6659	10.6658	10.6658	10.6658	10.6658	10.6658	2.59296	2.6195	2.62208	2.72258	2.74905	2.75644	2.77192	2.88611	2.71789	2.15727	2.18522	2.22076	2.25162	2.2771	2.30063	2.34296	2.44607	2.43885	2.50926	2.52409	2.50607	2.54736	2.41277	2.23201	1.6967	1.71741	1.86804	1.97286	2.10552	2.13316	2.00813	1.97307	1.94736	1.45189	1.41895	1.3346	1.10471	0.456929	0.249928	-0.0140038	-0.230619	-0.364474	-0.342751																																																																	
10.6662	10.6663	10.6663	10.6663	10.6663	10.6663	10.6661	10.6662	10.6659	10.6658	10.6658	10.6658	10.6658	10.6659	2.57856	2.60544	2.60781	2.70835	2.7351	2.74321	2.75883	2.87718	2.70283	2.13921	2.17233	2.20826	2.23448	2.26243	2.28412	2.3256	2.42922	2.42533	2.49596	2.50986	2.49044	2.53453	2.39062	2.20473	1.66474	1.68249	1.84891	1.9503	2.08705	2.11676	1.98408	1.93973	1.91084	1.37003	1.32207	1.22746	0.980254	0.469947	0.313377	-0.0716558	-0.464339	-0.461318	-0.147312	-0.632682																																																																
10.6663	10.6663	10.6663	10.6664	10.6663	10.6663	10.6661	10.6662	10.6659	10.6658	10.6658	10.6658	10.6659	10.6659	2.52873	2.55694	2.55931	2.66394	2.69185	2.70058	2.71683	2.84127	2.65787	2.06376	2.10249	2.14086	2.16554	2.19669	2.21845	2.26176	2.37114	2.36892	2.44304	2.45706	2.43599	2.48361	2.32815	2.12886	1.5402	1.55782	1.75117	1.85834	2.00785	2.04094	1.89382	1.84082	1.80796	1.18092	1.12315	1.00667	0.686323	0.800229	0.704742	0.445411	0.221175	0.25148	0.432456	0.0894742	-0.387159																																																															
10.6663	10.6663	10.6663	10.6664	10.6663	10.6663	10.6661	10.6662	10.6659	10.6658	10.6658	10.6658	10.6659	10.6659	2.52757	2.55584	2.5583	2.66355	2.6915	2.70002	2.71631	2.83989	2.65775	2.05995	2.09721	2.13584	2.16246	2.19299	2.21564	2.25967	2.36977	2.3663	2.44089	2.45535	2.43465	2.48158	2.32849	2.12944	1.5338	1.55311	1.74349	1.85366	2.00355	2.03625	1.89024	1.8404	1.80846	1.19158	1.14168	1.02826	0.706758	0.808763	0.705244	0.454699	0.234724	0.250881	0.415854	0.00611958	-0.418721	-1.82718																																																														
10.6662	10.6663	10.6663	10.6663	10.6663	10.6663	10.6661	10.6662	10.6659	10.6658	10.6658	10.6658	10.6658	10.6659	2.54612	2.57392	2.57665	2.68181	2.70939	2.71695	2.73306	2.8512	2.67709	2.08352	2.11354	2.15168	2.18477	2.21189	2.2371	2.28229	2.39165	2.38368	2.45798	2.47368	2.45486	2.49805	2.35755	2.1658	1.57765	1.60155	1.76817	1.88359	2.02767	2.05746	1.92232	1.88593	1.85864	1.31578	1.2889	1.19452	0.91679	0.769095	0.630069	0.418745	0.230413	0.188015	0.267653	-0.485342	-0.366694	-0.235928	-0.444708																																																													
10.6663	10.6663	10.6663	10.6664	10.6663	10.6663	10.6661	10.6662	10.6659	10.6658	10.6658	10.6659	10.6659	10.6659	2.50209	2.53113	2.53404	2.64393	2.67259	2.68023	2.69695	2.81849	2.63931	2.0118	2.04332	2.08417	2.12031	2.1488	2.17605	2.22437	2.34019	2.33096	2.40925	2.42597	2.40654	2.45128	2.30607	2.10365	1.45735	1.48561	1.66775	1.79561	1.95158	1.9834	1.83843	1.80229	1.77392	1.19026	1.17659	1.07533	0.750612	0.997585	0.890823	0.724135	0.579405	0.559009	0.624939	0.162581	0.160408	-0.0808576	-0.260971	-0.575362																																																												
10.6663	10.6663	10.6663	10.6664	10.6664	10.6663	10.6661	10.6662	10.666	10.6658	10.6658	10.6659	10.6659	10.6659	2.48892	2.51828	2.52083	2.62989	2.6588	2.66757	2.6844	2.81185	2.62393	1.99799	2.03847	2.07935	2.10657	2.13912	2.16269	2.20891	2.32435	2.321	2.39883	2.4138	2.39216	2.44121	2.2813	2.0716	1.42648	1.44745	1.65884	1.77693	1.93798	1.97312	1.81605	1.76212	1.72777	1.04452	0.997531	0.867565	0.463977	1.00001	0.916022	0.717559	0.552397	0.565411	0.686038	0.35755	0.124209	-0.672931	-0.744412	-0.0750278	-0.328538																																																											
10.6663	10.6663	10.6663	10.6664	10.6664	10.6663	10.6661	10.6662	10.666	10.6658	10.6658	10.6659	10.6659	10.6659	2.46778	2.49781	2.50068	2.61342	2.64291	2.6511	2.66829	2.79473	2.60826	1.95757	1.99437	2.0372	2.07138	2.10273	2.12974	2.17934	2.29953	2.29209	2.37293	2.38958	2.36872	2.41648	2.26141	2.04814	1.35688	1.38531	1.5941	1.72691	1.89423	1.9291	1.77113	1.72705	1.69517	1.03526	1.02166	0.904158	0.505264	1.11023	1.02332	0.862624	0.727556	0.72326	0.801612	0.453659	0.365667	-0.0388599	-0.152374	-0.0320835	-0.750517	-0.64405																																																										
10.6663	10.6663	10.6663	10.6664	10.6664	10.6663	10.6661	10.6662	10.666	10.6658	10.6658	10.6659	10.6659	10.6659	2.42738	2.45861	2.46149	2.5779	2.60841	2.61715	2.63489	2.76666	2.57226	1.89197	1.93467	1.97999	2.01255	2.04712	2.07421	2.12566	2.25145	2.24558	2.3297	2.34644	2.32405	2.37509	2.20935	1.98293	1.23123	1.26037	1.5031	1.64303	1.82461	1.86308	1.68939	1.6366	1.60065	0.842784	0.837893	0.701396	0.193474	1.24131	1.17065	1.02618	0.909177	0.912532	0.98777	0.72031	0.621042	0.244719	0.200595	0.378584	-0.0304299	-0.264639	-0.691247																																																									
10.6663	10.6663	10.6664	10.6664	10.6664	10.6663	10.6661	10.6662	10.666	10.6658	10.6658	10.6659	10.6659	10.6659	2.41479	2.44642	2.4494	2.5675	2.59835	2.60701	2.62495	2.7573	2.56202	1.8691	1.91164	1.95802	1.99252	2.02726	2.05545	2.10827	2.23647	2.2296	2.31519	2.33246	2.31006	2.36125	2.19525	1.96561	1.18741	1.21953	1.46746	1.61377	1.79995	1.83896	1.66223	1.61137	1.57564	0.815586	0.826349	0.695282	0.198517	1.28506	1.2161	1.08032	0.970436	0.972061	1.04017	0.782298	0.700615	0.367286	0.324468	0.459189	0.0642223	-0.0671855	-0.487161	-1.76669																																																								
10.6663	10.6663	10.6663	10.6664	10.6664	10.6663	10.6661	10.6662	10.666	10.6658	10.6658	10.6659	10.6659	10.6659	2.46188	2.49209	2.49507	2.6089	2.63855	2.64654	2.66382	2.78979	2.60402	1.94613	1.98146	2.02486	2.06144	2.09227	2.12043	2.17109	2.29266	2.28381	2.36555	2.38274	2.36219	2.40942	2.25632	2.04237	1.33837	1.36938	1.57543	1.71301	1.88183	1.91646	1.75886	1.71854	1.68769	1.04222	1.03899	0.927249	0.54189	1.14479	1.05802	0.908364	0.782242	0.774339	0.841511	0.498287	0.444035	0.110132	0.00438393	0.0309873	-0.719167	-0.368256	-1.79029	-0.660969	-0.533658																																																							
10.6663	10.6663	10.6663	10.6664	10.6664	10.6663	10.6661	10.6662	10.666	10.6658	10.6658	10.6659	10.6659	10.6659	2.44879	2.47939	2.48238	2.59743	2.62741	2.63556	2.65303	2.78064	2.59242	1.92469	1.9617	2.00593	2.04225	2.07403	2.10233	2.15366	2.27709	2.26862	2.35145	2.36872	2.34772	2.39593	2.23967	2.0216	1.29759	1.32923	1.54522	1.68562	1.85903	1.89475	1.73233	1.6898	1.65784	0.986244	0.986637	0.870506	0.459942	1.18638	1.10502	0.959614	0.838395	0.833547	0.901086	0.585443	0.521247	0.180525	0.0958106	0.168253	-0.436984	-0.310543	-1.40993	-0.990053	-0.850717	-1.83163																																																						
10.6663	10.6663	10.6664	10.6664	10.6664	10.6663	10.6661	10.6662	10.666	10.6658	10.6658	10.6659	10.6659	10.6659	2.41586	2.44718	2.44935	2.56267	2.59326	2.60395	2.62167	2.76243	2.55467	1.89398	1.95182	1.99538	2.01005	2.05111	2.07041	2.11635	2.23833	2.24349	2.32496	2.33818	2.31215	2.37013	2.17999	1.94488	1.25029	1.25861	1.53926	1.64874	1.83012	1.87318	1.68454	1.59635	1.54891	0.573715	0.435145	0.187386	-0.624988	1.29762	1.25349	1.10684	0.999892	1.02366	1.11892	0.957155	0.791488	0.426387	0.469072	0.761155	0.614213	0.193376	0.359019	0.10154	0.171574	0.430891	0.36328																																																					
10.6662	10.6663	10.6663	10.6664	10.6663	10.6663	10.6661	10.6662	10.6659	10.6658	10.6658	10.6658	10.6658	10.6659	2.54567	2.57306	2.57468	2.67315	2.70034	2.71075	2.72655	2.85685	2.66492	2.11087	2.15925	2.19468	2.2043	2.23927	2.25381	2.29068	2.39226	2.39978	2.46899	2.47939	2.45577	2.50802	2.33638	2.14008	1.63254	1.63722	1.83851	1.9195	2.0604	2.09522	1.94546	1.87104	1.83267	1.19029	1.07511	0.960631	0.766198	0.907392	0.892033	0.689612	0.569997	0.639211	0.797293	0.767786	0.484854	0.281206	0.395805	0.733409	0.799445	0.464343	0.748243	0.781896	0.853206	0.824193	0.831733	0.486233																																																				
10.6661	10.6662	10.6662	10.6662	10.6662	10.6661	10.666	10.666	10.6658	10.6657	10.6657	10.6657	10.6657	10.6657	2.91726	2.93653	2.93841	3.01253	3.03239	3.03806	3.04975	3.13691	3.00881	2.6218	2.63737	2.6601	2.68227	2.69819	2.71443	2.74291	2.81327	2.80757	2.85701	2.8678	2.8552	2.88407	2.78921	2.66838	2.35866	2.36943	2.44884	2.51026	2.58948	2.60604	2.53132	2.50965	2.4938	2.22592	2.19993	2.16167	2.07825	1.34543	1.38588	1.49794	1.56499	1.55441	1.50272	1.63346	1.67706	1.79476	1.79292	1.74628	1.83817	1.86859	1.90141	1.96981	1.98873	1.91165	1.93389	2.0143	1.83257																																																			
10.6661	10.6662	10.6662	10.6662	10.6662	10.6661	10.666	10.666	10.6658	10.6657	10.6657	10.6657	10.6657	10.6657	2.87992	2.89991	2.90199	2.9795	3.00007	3.00554	3.01765	3.10583	2.97614	2.57004	2.58463	2.60852	2.63377	2.64959	2.66752	2.69798	2.77195	2.76436	2.81617	2.82795	2.81544	2.84433	2.74938	2.6237	2.29278	2.30529	2.38609	2.45286	2.53586	2.55269	2.47589	2.45622	2.44042	2.1615	2.13746	2.09656	2.00317	1.20431	1.23579	1.36637	1.44014	1.4238	1.35748	1.49699	1.55802	1.69136	1.68627	1.62327	1.72446	1.76888	1.79803	1.87537	1.8949	1.80735	1.83255	1.93673	1.75843	-0.174539																																																		
10.6661	10.6662	10.6662	10.6662	10.6662	10.6662	10.666	10.6661	10.6658	10.6657	10.6657	10.6657	10.6657	10.6658	2.86204	2.88238	2.88429	2.96196	2.98281	2.98896	3.00122	3.09355	2.95784	2.54785	2.566	2.59042	2.61266	2.63034	2.64707	2.67708	2.75173	2.74673	2.79899	2.81005	2.79635	2.82764	2.72496	2.59548	2.26031	2.2716	2.36115	2.42687	2.5131	2.53141	2.44924	2.42406	2.40643	2.1086	2.07876	2.03549	1.94105	1.03312	1.09077	1.23772	1.3242	1.31199	1.24869	1.41881	1.46685	1.6093	1.60812	1.55749	1.66846	1.69875	1.74083	1.81952	1.84209	1.75407	1.77962	1.86687	1.65271	0.0312231	-0.199887																																																	
10.6662	10.6663	10.6663	10.6663	10.6663	10.6662	10.6661	10.6661	10.6659	10.6657	10.6657	10.6658	10.6658	10.6658	2.71045	2.73406	2.73618	2.82523	2.84907	2.85629	2.87025	2.97621	2.82031	2.33586	2.36109	2.39097	2.41504	2.43769	2.45672	2.49217	2.58082	2.57658	2.63785	2.65024	2.63363	2.67141	2.54777	2.39109	1.9649	1.97887	2.10179	2.18357	2.29299	2.31663	2.21106	2.17668	2.15376	1.75152	1.71139	1.6481	1.50218	-0.841497	-0.695235	-0.0243322	0.249775	0.211394	0.0290917	0.543209	0.620814	0.924624	0.923484	0.846329	1.06246	1.09617	1.18116	1.31083	1.34969	1.20871	1.25041	1.38643	1.06113	1.25259	1.08168	0.907608																																																
9.33868	9.33893	9.33895	9.33908	9.33902	9.33875	9.33816	9.33837	9.33751	9.33695	9.33696	9.33716	9.33718	9.33723	10.3586	10.3586	10.3586	10.3587	10.3587	10.3587	10.3587	10.3587	10.3587	10.3584	10.3585	10.3585	10.3585	10.3585	10.3585	10.3585	10.3585	10.3585	10.3586	10.3586	10.3586	10.3586	10.3585	10.3585	10.3583	10.3584	10.3584	10.3584	10.3584	10.3584	10.3584	10.3584	10.3584	10.3583	10.3583	10.3583	10.3583	10.3581	10.3581	10.3582	10.3582	10.3582	10.3582	10.3582	10.3582	10.3582	10.3582	10.3582	10.3582	10.3582	10.3582	10.3582	10.3582	10.3582	10.3582	10.3582	10.3582	10.358	10.358	10.358	10.3581																																															
9.33945	9.33969	9.33971	9.33984	9.33978	9.33952	9.33893	9.33913	9.33828	9.33771	9.33773	9.33793	9.33794	9.338	10.3583	10.3583	10.3583	10.3584	10.3584	10.3584	10.3584	10.3585	10.3584	10.3582	10.3582	10.3582	10.3582	10.3582	10.3582	10.3582	10.3583	10.3583	10.3583	10.3583	10.3583	10.3583	10.3582	10.3582	10.3581	10.3581	10.3581	10.3581	10.3582	10.3582	10.3581	10.3581	10.3581	10.358	10.358	10.358	10.358	10.3579	10.3579	10.3579	10.3579	10.3579	10.3579	10.3579	10.3579	10.3579	10.3579	10.3579	10.3579	10.3579	10.3579	10.358	10.358	10.358	10.358	10.358	10.3579	10.3577	10.3578	10.3578	10.3578	2.18745																																														
9.33942	9.33967	9.33969	9.33981	9.33976	9.33949	9.3389	9.33911	9.33825	9.33768	9.3377	9.3379	9.33792	9.33797	10.3583	10.3583	10.3583	10.3584	10.3584	10.3584	10.3584	10.3585	10.3584	10.3582	10.3582	10.3582	10.3582	10.3582	10.3582	10.3582	10.3583	10.3583	10.3583	10.3583	10.3583	10.3583	10.3583	10.3582	10.3581	10.3581	10.3581	10.3581	10.3582	10.3582	10.3581	10.3581	10.3581	10.358	10.358	10.358	10.358	10.3579	10.3579	10.3579	10.3579	10.3579	10.3579	10.3579	10.3579	10.3579	10.3579	10.3579	10.3579	10.358	10.358	10.358	10.358	10.358	10.358	10.358	10.3579	10.3577	10.3578	10.3578	10.3579	2.15474	-1.13838																																													
9.33944	9.33968	9.33971	9.33983	9.33977	9.33951	9.33892	9.33912	9.33827	9.3377	9.33772	9.33792	9.33794	9.33799	10.3583	10.3583	10.3583	10.3584	10.3584	10.3584	10.3584	10.3585	10.3584	10.3582	10.3582	10.3582	10.3582	10.3582	10.3582	10.3582	10.3583	10.3583	10.3583	10.3583	10.3583	10.3583	10.3583	10.3582	10.3581	10.3581	10.3581	10.3581	10.3582	10.3582	10.3581	10.3581	10.3581	10.358	10.358	10.358	10.358	10.3579	10.3579	10.3579	10.3579	10.3579	10.3579	10.3579	10.3579	10.3579	10.3579	10.3579	10.3579	10.3579	10.358	10.358	10.358	10.358	10.358	10.358	10.3579	10.3577	10.3578	10.3578	10.3578	2.18542	-1.00233	-1.06078																																												
9.33931	9.33955	9.33957	9.3397	9.33964	9.33937	9.33879	9.33899	9.33814	9.33757	9.33758	9.33778	9.3378	9.33786	10.3584	10.3584	10.3584	10.3584	10.3584	10.3584	10.3585	10.3585	10.3584	10.3582	10.3582	10.3582	10.3583	10.3583	10.3583	10.3583	10.3583	10.3583	10.3583	10.3583	10.3583	10.3584	10.3583	10.3582	10.3581	10.3581	10.3582	10.3582	10.3582	10.3582	10.3582	10.3582	10.3582	10.3581	10.3581	10.3581	10.358	10.3579	10.3579	10.3579	10.3579	10.3579	10.3579	10.3579	10.358	10.358	10.358	10.358	10.358	10.358	10.358	10.358	10.358	10.358	10.358	10.358	10.358	10.3578	10.3578	10.3578	10.3579	1.95858	1.02353	0.985403	1.10606																																											
9.33937	9.33962	9.33964	9.33976	9.3397	9.33944	9.33885	9.33906	9.3382	9.33763	9.33765	9.33785	9.33787	9.33792	10.3584	10.3584	10.3584	10.3584	10.3584	10.3584	10.3584	10.3585	10.3584	10.3582	10.3582	10.3582	10.3582	10.3582	10.3582	10.3583	10.3583	10.3583	10.3583	10.3583	10.3583	10.3583	10.3583	10.3582	10.3581	10.3581	10.3581	10.3582	10.3582	10.3582	10.3582	10.3582	10.3581	10.3581	10.358	10.358	10.358	10.3579	10.3579	10.3579	10.3579	10.3579	10.3579	10.3579	10.3579	10.358	10.358	10.3579	10.358	10.358	10.358	10.358	10.358	10.358	10.358	10.358	10.3579	10.3578	10.3578	10.3578	10.3579	2.0752	-0.0311129	-0.297484	0.0790595	0.695147																																										
9.33915	9.33939	9.33941	9.33954	9.33948	9.33921	9.33863	9.33883	9.33797	9.33741	9.33742	9.33762	9.33764	9.3377	10.3584	10.3584	10.3584	10.3585	10.3585	10.3585	10.3585	10.3586	10.3585	10.3583	10.3583	10.3583	10.3583	10.3583	10.3583	10.3583	10.3584	10.3584	10.3584	10.3584	10.3584	10.3584	10.3584	10.3583	10.3582	10.3582	10.3582	10.3582	10.3583	10.3583	10.3582	10.3582	10.3582	10.3581	10.3581	10.3581	10.3581	10.358	10.358	10.358	10.358	10.358	10.358	10.358	10.358	10.358	10.358	10.358	10.358	10.358	10.3581	10.3581	10.3581	10.3581	10.3581	10.3581	10.358	10.3578	10.3579	10.3579	10.358	1.67447	1.49153	1.44874	1.52575	0.642405	1.25742																																									
9.33936	9.3396	9.33962	9.33975	9.33969	9.33942	9.33884	9.33904	9.33819	9.33762	9.33764	9.33783	9.33785	9.33791	10.3584	10.3584	10.3584	10.3584	10.3584	10.3584	10.3584	10.3585	10.3584	10.3582	10.3582	10.3582	10.3582	10.3582	10.3582	10.3583	10.3583	10.3583	10.3583	10.3583	10.3583	10.3583	10.3583	10.3582	10.3581	10.3581	10.3581	10.3582	10.3582	10.3582	10.3582	10.3582	10.3582	10.3581	10.358	10.358	10.358	10.3579	10.3579	10.3579	10.3579	10.3579	10.3579	10.3579	10.3579	10.358	10.358	10.358	10.358	10.358	10.358	10.358	10.358	10.358	10.358	10.358	10.358	10.3578	10.3578	10.3578	10.3579	2.05564	0.104812	-0.150485	0.172847	0.680399	-1.80522	1.22916																																								
9.3391	9.33934	9.33937	9.33949	9.33943	9.33917	9.33858	9.33878	9.33793	9.33736	9.33738	9.33758	9.33759	9.33765	10.3584	10.3585	10.3585	10.3585	10.3585	10.3585	10.3585	10.3586	10.3585	10.3583	10.3583	10.3583	10.3583	10.3583	10.3583	10.3584	10.3584	10.3584	10.3584	10.3584	10.3584	10.3584	10.3584	10.3583	10.3582	10.3582	10.3582	10.3583	10.3583	10.3583	10.3583	10.3583	10.3582	10.3582	10.3581	10.3581	10.3581	10.358	10.358	10.358	10.358	10.358	10.358	10.358	10.358	10.3581	10.3581	10.358	10.3581	10.3581	10.3581	10.3581	10.3581	10.3581	10.3581	10.3581	10.358	10.3579	10.3579	10.3579	10.358	1.56047	1.53081	1.4814	1.55334	0.852172	1.2977	-0.387337	1.26408																																							
9.33923	9.33947	9.3395	9.33962	9.33956	9.3393	9.33871	9.33891	9.33806	9.33749	9.33751	9.33771	9.33773	9.33778	10.3584	10.3584	10.3584	10.3585	10.3585	10.3585	10.3585	10.3585	10.3585	10.3583	10.3583	10.3583	10.3583	10.3583	10.3583	10.3583	10.3583	10.3583	10.3584	10.3584	10.3584	10.3584	10.3583	10.3583	10.3582	10.3582	10.3582	10.3582	10.3582	10.3582	10.3582	10.3582	10.3582	10.3581	10.3581	10.3581	10.3581	10.3579	10.3579	10.358	10.358	10.358	10.358	10.358	10.358	10.358	10.358	10.358	10.358	10.358	10.358	10.358	10.358	10.358	10.358	10.358	10.358	10.3578	10.3578	10.3578	10.3579	1.84496	0.955401	0.846538	0.968179	0.532789	0.495076	0.80694	0.399007	0.777392																																						
9.33921	9.33945	9.33948	9.3396	9.33954	9.33928	9.33869	9.33889	9.33804	9.33747	9.33749	9.33769	9.3377	9.33776	10.3584	10.3584	10.3584	10.3585	10.3585	10.3585	10.3585	10.3586	10.3585	10.3583	10.3583	10.3583	10.3583	10.3583	10.3583	10.3583	10.3584	10.3583	10.3584	10.3584	10.3584	10.3584	10.3583	10.3583	10.3582	10.3582	10.3582	10.3582	10.3582	10.3583	10.3582	10.3582	10.3582	10.3581	10.3581	10.3581	10.3581	10.3579	10.3579	10.358	10.358	10.358	10.358	10.358	10.358	10.358	10.358	10.358	10.358	10.358	10.358	10.358	10.3581	10.358	10.358	10.3581	10.358	10.3578	10.3578	10.3579	10.3579	1.79941	1.07114	0.979198	1.08952	0.484594	0.668436	0.637257	0.592802	0.593442	-1.00555																																					
9.33922	9.33947	9.33949	9.33961	9.33956	9.33929	9.3387	9.33891	9.33805	9.33748	9.3375	9.3377	9.33772	9.33777	10.3584	10.3584	10.3584	10.3585	10.3585	10.3585	10.3585	10.3585	10.3585	10.3583	10.3583	10.3583	10.3583	10.3583	10.3583	10.3583	10.3583	10.3583	10.3584	10.3584	10.3584	10.3584	10.3583	10.3583	10.3582	10.3582	10.3582	10.3582	10.3582	10.3582	10.3582	10.3582	10.3582	10.3581	10.3581	10.3581	10.3581	10.3579	10.3579	10.358	10.358	10.358	10.358	10.358	10.358	10.358	10.358	10.358	10.358	10.358	10.358	10.358	10.358	10.358	10.358	10.3581	10.358	10.3578	10.3578	10.3578	10.3579	1.84156	0.961307	0.842067	0.951547	0.747047	0.532452	0.945119	0.432223	0.884746	-0.870972	-0.367935																																				
9.33977	9.34001	9.34004	9.34016	9.3401	9.33984	9.33925	9.33945	9.3386	9.33803	9.33805	9.33825	9.33827	9.33832	10.3582	10.3582	10.3582	10.3583	10.3583	10.3583	10.3583	10.3584	10.3583	10.3581	10.3581	10.3581	10.3581	10.3581	10.3581	10.3581	10.3581	10.3581	10.3582	10.3582	10.3582	10.3582	10.3581	10.3581	10.358	10.358	10.358	10.358	10.358	10.358	10.358	10.358	10.358	10.3579	10.3579	10.3579	10.3579	10.3577	10.3577	10.3578	10.3578	10.3578	10.3578	10.3578	10.3578	10.3578	10.3578	10.3578	10.3578	10.3578	10.3578	10.3578	10.3579	10.3578	10.3578	10.3579	10.3578	10.3576	10.3576	10.3577	10.3577	2.52686	1.29828	1.38006	1.33061	1.74889	1.51821	2.03346	1.55261	2.078	1.82304	1.86701	1.83442																																			
9.33913	9.33937	9.33939	9.33952	9.33946	9.33919	9.33861	9.33881	9.33795	9.33739	9.3374	9.3376	9.33762	9.33768	10.3584	10.3585	10.3585	10.3585	10.3585	10.3585	10.3585	10.3586	10.3585	10.3583	10.3583	10.3583	10.3583	10.3583	10.3583	10.3583	10.3584	10.3584	10.3584	10.3584	10.3584	10.3584	10.3584	10.3583	10.3582	10.3582	10.3582	10.3582	10.3583	10.3583	10.3583	10.3582	10.3582	10.3581	10.3581	10.3581	10.3581	10.358	10.358	10.358	10.358	10.358	10.358	10.358	10.358	10.358	10.358	10.358	10.3581	10.3581	10.3581	10.3581	10.3581	10.3581	10.3581	10.3581	10.358	10.3579	10.3579	10.3579	10.358	1.65106	1.31268	1.22993	1.30359	0.986018	1.02839	0.825525	0.969222	0.620177	0.202701	0.0884165	0.0962477	1.99599																																		
9.3397	9.33994	9.33996	9.34009	9.34003	9.33976	9.33918	9.33938	9.33853	9.33796	9.33798	9.33817	9.33819	9.33825	10.3582	10.3582	10.3582	10.3583	10.3583	10.3583	10.3583	10.3584	10.3583	10.3581	10.3581	10.3581	10.3581	10.3581	10.3581	10.3581	10.3582	10.3582	10.3582	10.3582	10.3582	10.3582	10.3582	10.3581	10.358	10.358	10.358	10.358	10.3581	10.3581	10.358	10.358	10.358	10.3579	10.3579	10.3579	10.3579	10.3578	10.3578	10.3578	10.3578	10.3578	10.3578	10.3578	10.3578	10.3578	10.3578	10.3578	10.3578	10.3579	10.3579	10.3579	10.3579	10.3579	10.3579	10.3579	10.3578	10.3576	10.3577	10.3577	10.3578	2.46612	1.05366	1.15258	1.07778	1.65151	1.33813	1.95603	1.3775	1.99618	1.69606	1.74977	1.70168	-0.0569177	1.88467																																	
9.33906	9.3393	9.33932	9.33945	9.33939	9.33912	9.33854	9.33874	9.33788	9.33732	9.33733	9.33753	9.33755	9.33761	10.3585	10.3585	10.3585	10.3585	10.3585	10.3585	10.3585	10.3586	10.3585	10.3583	10.3583	10.3583	10.3583	10.3583	10.3584	10.3584	10.3584	10.3584	10.3584	10.3584	10.3584	10.3584	10.3584	10.3583	10.3582	10.3582	10.3582	10.3583	10.3583	10.3583	10.3583	10.3583	10.3583	10.3582	10.3582	10.3581	10.3581	10.358	10.358	10.358	10.358	10.358	10.358	10.358	10.358	10.3581	10.3581	10.3581	10.3581	10.3581	10.3581	10.3581	10.3581	10.3581	10.3581	10.3581	10.3581	10.3579	10.3579	10.3579	10.358	1.44302	1.56378	1.50732	1.57197	1.07055	1.3377	0.434696	1.29924	-0.130331	0.781028	0.620173	0.825753	2.1173	0.322645	2.02942																																
9.3401	9.34034	9.34036	9.34049	9.34043	9.34016	9.33958	9.33978	9.33893	9.33836	9.33838	9.33857	9.33859	9.33865	10.3581	10.3581	10.3581	10.3581	10.3582	10.3582	10.3582	10.3582	10.3581	10.3579	10.3579	10.358	10.358	10.358	10.358	10.358	10.358	10.358	10.3581	10.3581	10.3581	10.3581	10.358	10.358	10.3578	10.3578	10.3579	10.3579	10.3579	10.3579	10.3579	10.3579	10.3579	10.3578	10.3578	10.3578	10.3578	10.3576	10.3576	10.3576	10.3577	10.3577	10.3576	10.3577	10.3577	10.3577	10.3577	10.3577	10.3577	10.3577	10.3577	10.3577	10.3577	10.3577	10.3577	10.3577	10.3577	10.3575	10.3575	10.3575	10.3576	2.83019	2.09704	2.12755	2.09114	2.36647	2.20952	2.52574	2.22439	2.54548	2.37253	2.40296	2.36767	1.62436	2.46367	1.69508	2.55787																															
9.33954	9.33979	9.33981	9.33993	9.33988	9.33961	9.33902	9.33923	9.33837	9.33781	9.33782	9.33802	9.33804	9.3381	10.3583	10.3583	10.3583	10.3583	10.3584	10.3584	10.3584	10.3584	10.3583	10.3581	10.3581	10.3582	10.3582	10.3582	10.3582	10.3582	10.3582	10.3582	10.3583	10.3583	10.3583	10.3583	10.3582	10.3582	10.358	10.358	10.3581	10.3581	10.3581	10.3581	10.3581	10.3581	10.3581	10.358	10.358	10.358	10.358	10.3578	10.3578	10.3578	10.3579	10.3579	10.3578	10.3579	10.3579	10.3579	10.3579	10.3579	10.3579	10.3579	10.3579	10.3579	10.3579	10.3579	10.3579	10.3579	10.3579	10.3577	10.3577	10.3577	10.3578	2.33336	0.557339	0.641557	0.444185	1.51036	0.971109	1.81759	1.01029	1.83733	1.42444	1.50541	1.40061	1.07927	1.6327	0.692095	1.84466	1.89255																														
9.33954	9.33979	9.33981	9.33993	9.33988	9.33961	9.33902	9.33923	9.33837	9.33781	9.33782	9.33802	9.33804	9.3381	10.3583	10.3583	10.3583	10.3583	10.3584	10.3584	10.3584	10.3584	10.3583	10.3581	10.3581	10.3582	10.3582	10.3582	10.3582	10.3582	10.3582	10.3582	10.3583	10.3583	10.3583	10.3583	10.3582	10.3582	10.358	10.358	10.3581	10.3581	10.3581	10.3581	10.3581	10.3581	10.3581	10.358	10.358	10.358	10.358	10.3578	10.3578	10.3578	10.3579	10.3579	10.3578	10.3579	10.3579	10.3579	10.3579	10.3579	10.3579	10.3579	10.3579	10.3579	10.3579	10.3579	10.3579	10.3579	10.3579	10.3577	10.3577	10.3577	10.3578	2.31211	0.211642	0.394345	0.183754	1.37214	0.789387	1.73481	0.84844	1.76773	1.33893	1.42162	1.33235	0.982189	1.58598	0.573495	1.79141	1.93327	-0.275627																													
9.34004	9.34028	9.3403	9.34043	9.34037	9.3401	9.33952	9.33972	9.33887	9.3383	9.33832	9.33851	9.33853	9.33859	10.3581	10.3581	10.3581	10.3582	10.3582	10.3582	10.3582	10.3583	10.3582	10.358	10.358	10.358	10.358	10.358	10.358	10.358	10.3581	10.358	10.3581	10.3581	10.3581	10.3581	10.358	10.358	10.3579	10.3579	10.3579	10.3579	10.3579	10.358	10.3579	10.3579	10.3579	10.3578	10.3578	10.3578	10.3578	10.3576	10.3576	10.3577	10.3577	10.3577	10.3577	10.3577	10.3577	10.3577	10.3577	10.3577	10.3577	10.3577	10.3577	10.3578	10.3578	10.3577	10.3577	10.3578	10.3577	10.3575	10.3575	10.3576	10.3576	2.76941	1.95493	1.99269	1.95386	2.2485	2.0831	2.42829	2.10095	2.45323	2.26826	2.30064	2.26649	1.33425	2.37367	1.45146	2.47145	0.29904	1.73777	1.7675																												
9.33954	9.33978	9.3398	9.33993	9.33987	9.3396	9.33902	9.33922	9.33837	9.3378	9.33782	9.33801	9.33803	9.33809	10.3583	10.3583	10.3583	10.3583	10.3584	10.3584	10.3584	10.3584	10.3583	10.3581	10.3581	10.3582	10.3582	10.3582	10.3582	10.3582	10.3582	10.3582	10.3583	10.3583	10.3583	10.3583	10.3582	10.3582	10.358	10.358	10.3581	10.3581	10.3581	10.3581	10.3581	10.3581	10.3581	10.358	10.358	10.358	10.358	10.3578	10.3578	10.3578	10.3579	10.3579	10.3578	10.3579	10.3579	10.3579	10.3579	10.3579	10.3579	10.3579	10.3579	10.3579	10.3579	10.3579	10.3579	10.3579	10.3579	10.3577	10.3577	10.3577	10.3578	2.29	-0.00738815	0.268855	0.152318	1.2321	0.646504	1.65381	0.724822	1.7007	1.26646	1.34745	1.27946	0.98268	1.54646	0.644834	1.74126	1.98483	0.355921	-0.399472	1.81665																											
9.33997	9.34021	9.34023	9.34036	9.3403	9.34003	9.33945	9.33965	9.3388	9.33823	9.33825	9.33844	9.33846	9.33852	10.3581	10.3581	10.3581	10.3582	10.3582	10.3582	10.3582	10.3583	10.3582	10.358	10.358	10.358	10.358	10.358	10.358	10.358	10.3581	10.3581	10.3581	10.3581	10.3581	10.3581	10.3581	10.358	10.3579	10.3579	10.3579	10.3579	10.358	10.358	10.3579	10.3579	10.3579	10.3578	10.3578	10.3578	10.3578	10.3577	10.3577	10.3577	10.3577	10.3577	10.3577	10.3577	10.3577	10.3577	10.3577	10.3577	10.3577	10.3578	10.3578	10.3578	10.3578	10.3578	10.3578	10.3578	10.3577	10.3575	10.3576	10.3576	10.3577	2.72419	1.85557	1.89542	1.85059	2.18511	1.99668	2.37349	2.01546	2.39715	2.19576	2.23143	2.19169	1.2084	2.30601	1.30265	2.41317	0.56993	1.59888	1.64325	-0.207958	1.70768																										
9.34018	9.34043	9.34045	9.34057	9.34052	9.34025	9.33966	9.33987	9.33901	9.33845	9.33846	9.33866	9.33868	9.33874	10.3581	10.3581	10.3581	10.3581	10.3581	10.3581	10.3581	10.3582	10.3581	10.3579	10.3579	10.3579	10.3579	10.3579	10.358	10.358	10.358	10.358	10.358	10.358	10.358	10.358	10.358	10.3579	10.3578	10.3578	10.3578	10.3579	10.3579	10.3579	10.3579	10.3579	10.3579	10.3578	10.3577	10.3577	10.3577	10.3576	10.3576	10.3576	10.3576	10.3576	10.3576	10.3576	10.3576	10.3577	10.3577	10.3577	10.3577	10.3577	10.3577	10.3577	10.3577	10.3577	10.3577	10.3577	10.3577	10.3575	10.3575	10.3575	10.3576	2.86364	2.15357	2.18601	2.15594	2.38857	2.25886	2.5484	2.2744	2.57361	2.417	2.44394	2.41766	1.63912	2.51098	1.7521	2.59345	0.496057	1.99022	2.00613	0.516664	2.03749	0.909553																									
9.34015	9.34039	9.34041	9.34054	9.34048	9.34021	9.33963	9.33983	9.33898	9.33841	9.33843	9.33862	9.33864	9.3387	10.3581	10.3581	10.3581	10.3581	10.3581	10.3581	10.3582	10.3582	10.3581	10.3579	10.3579	10.3579	10.3579	10.358	10.358	10.358	10.358	10.358	10.358	10.358	10.358	10.3581	10.358	10.3579	10.3578	10.3578	10.3579	10.3579	10.3579	10.3579	10.3579	10.3579	10.3579	10.3578	10.3578	10.3578	10.3577	10.3576	10.3576	10.3576	10.3576	10.3576	10.3576	10.3576	10.3577	10.3577	10.3577	10.3577	10.3577	10.3577	10.3577	10.3577	10.3577	10.3577	10.3577	10.3577	10.3577	10.3575	10.3575	10.3575	10.3576	2.83666	2.09764	2.13221	2.10095	2.34303	2.20839	2.50981	2.22483	2.53629	2.37412	2.40202	2.37531	1.54007	2.47256	1.66627	2.55739	0.50819	1.92791	1.94207	0.271881	1.97379	0.752886	-0.716698																								
9.3399	9.34014	9.34016	9.34029	9.34023	9.33997	9.33938	9.33958	9.33873	9.33816	9.33818	9.33838	9.33839	9.33845	10.3582	10.3582	10.3582	10.3582	10.3582	10.3582	10.3582	10.3583	10.3582	10.358	10.358	10.358	10.358	10.358	10.3581	10.3581	10.3581	10.3581	10.3581	10.3581	10.3581	10.3581	10.3581	10.358	10.3579	10.3579	10.3579	10.358	10.358	10.358	10.358	10.358	10.358	10.3579	10.3579	10.3578	10.3578	10.3577	10.3577	10.3577	10.3577	10.3577	10.3577	10.3577	10.3577	10.3578	10.3578	10.3578	10.3578	10.3578	10.3578	10.3578	10.3578	10.3578	10.3578	10.3578	10.3578	10.3576	10.3576	10.3576	10.3577	2.68323	1.77086	1.81059	1.75857	2.13794	1.92306	2.3305	1.94199	2.35109	2.13266	2.17192	2.12461	1.17441	2.24473	1.2067	2.36271	0.843024	1.46353	1.5348	0.50848	1.62155	-0.149175	1.19733	1.09012																							
9.34008	9.34032	9.34034	9.34047	9.34041	9.34014	9.33956	9.33976	9.33891	9.33834	9.33836	9.33855	9.33857	9.33863	10.3581	10.3581	10.3581	10.3582	10.3582	10.3582	10.3582	10.3582	10.3582	10.3579	10.358	10.358	10.358	10.358	10.358	10.358	10.358	10.358	10.3581	10.3581	10.3581	10.3581	10.358	10.358	10.3578	10.3578	10.3579	10.3579	10.3579	10.3579	10.3579	10.3579	10.3579	10.3578	10.3578	10.3578	10.3578	10.3576	10.3576	10.3576	10.3577	10.3577	10.3577	10.3577	10.3577	10.3577	10.3577	10.3577	10.3577	10.3577	10.3577	10.3577	10.3577	10.3577	10.3577	10.3577	10.3577	10.3575	10.3575	10.3575	10.3576	2.79219	2.00294	2.04017	2.00479	2.27631	2.12472	2.45284	2.1423	2.47923	2.30352	2.33401	2.30362	1.38865	2.40754	1.52046	2.49962	0.39388	1.80829	1.82823	-0.5927	1.86796	0.296375	0.196599	-0.230944	0.790458																						
9.34005	9.3403	9.34032	9.34044	9.34039	9.34012	9.33953	9.33974	9.33888	9.33832	9.33833	9.33853	9.33855	9.33861	10.3581	10.3581	10.3581	10.3582	10.3582	10.3582	10.3582	10.3582	10.3582	10.358	10.358	10.358	10.358	10.358	10.358	10.358	10.358	10.358	10.3581	10.3581	10.3581	10.3581	10.358	10.358	10.3579	10.3579	10.3579	10.3579	10.3579	10.3579	10.3579	10.3579	10.3579	10.3578	10.3578	10.3578	10.3578	10.3576	10.3576	10.3577	10.3577	10.3577	10.3577	10.3577	10.3577	10.3577	10.3577	10.3577	10.3577	10.3577	10.3577	10.3577	10.3577	10.3577	10.3577	10.3578	10.3577	10.3575	10.3575	10.3575	10.3576	2.76564	1.94316	1.98456	1.9505	2.21659	2.06981	2.40426	2.08908	2.43494	2.25791	2.28829	2.26127	1.23262	2.36987	1.41419	2.46042	0.843993	1.76034	1.76454	0.126014	1.79422	0.495609	0.558804	0.231887	0.893946	-0.163662																					
9.3407	9.34094	9.34096	9.34109	9.34103	9.34077	9.34018	9.34038	9.33953	9.33896	9.33898	9.33918	9.3392	9.33925	10.3579	10.3579	10.3579	10.3579	10.3579	10.3579	10.358	10.358	10.3579	10.3577	10.3577	10.3577	10.3577	10.3578	10.3578	10.3578	10.3578	10.3578	10.3578	10.3578	10.3578	10.3579	10.3578	10.3577	10.3576	10.3576	10.3577	10.3577	10.3577	10.3577	10.3577	10.3577	10.3577	10.3576	10.3576	10.3576	10.3575	10.3574	10.3574	10.3574	10.3574	10.3574	10.3574	10.3574	10.3575	10.3575	10.3575	10.3575	10.3575	10.3575	10.3575	10.3575	10.3575	10.3575	10.3575	10.3575	10.3575	10.3573	10.3573	10.3573	10.3574	3.16238	2.68913	2.70816	2.69017	2.83069	2.75212	2.93673	2.76164	2.95497	2.85162	2.86912	2.85189	2.41737	2.91324	2.47391	2.96931	1.92752	2.5936	2.60509	2.04046	2.62279	2.13302	1.8089	1.88349	2.21456	1.98926	2.05242																				
9.34069	9.34093	9.34095	9.34108	9.34102	9.34076	9.34017	9.34037	9.33952	9.33895	9.33897	9.33917	9.33919	9.33924	10.3579	10.3579	10.3579	10.3579	10.3579	10.3579	10.358	10.358	10.3579	10.3577	10.3577	10.3577	10.3578	10.3578	10.3578	10.3578	10.3578	10.3578	10.3578	10.3578	10.3578	10.3579	10.3578	10.3577	10.3576	10.3576	10.3577	10.3577	10.3577	10.3577	10.3577	10.3577	10.3577	10.3576	10.3576	10.3576	10.3575	10.3574	10.3574	10.3574	10.3574	10.3574	10.3574	10.3575	10.3575	10.3575	10.3575	10.3575	10.3575	10.3575	10.3575	10.3575	10.3575	10.3575	10.3575	10.3575	10.3575	10.3573	10.3573	10.3573	10.3574	3.165	2.69453	2.71296	2.69435	2.83961	2.75759	2.94441	2.76685	2.96139	2.85637	2.87424	2.85564	2.43017	2.91649	2.4824	2.97405	1.91926	2.5954	2.60978	2.0464	2.62974	2.13469	1.82673	1.90165	2.21154	2.0009	2.07143	-0.322884																			
9.34061	9.34085	9.34087	9.341	9.34094	9.34068	9.34009	9.34029	9.33944	9.33887	9.33889	9.33909	9.33911	9.33916	10.3579	10.3579	10.3579	10.358	10.358	10.358	10.358	10.358	10.358	10.3578	10.3578	10.3578	10.3578	10.3578	10.3578	10.3578	10.3578	10.3578	10.3579	10.3579	10.3579	10.3579	10.3578	10.3578	10.3577	10.3577	10.3577	10.3577	10.3577	10.3577	10.3577	10.3577	10.3577	10.3576	10.3576	10.3576	10.3576	10.3574	10.3574	10.3575	10.3575	10.3575	10.3575	10.3575	10.3575	10.3575	10.3575	10.3575	10.3575	10.3575	10.3575	10.3575	10.3575	10.3575	10.3575	10.3575	10.3575	10.3573	10.3573	10.3573	10.3574	3.12556	2.63088	2.65042	2.6305	2.78577	2.698	2.89594	2.70779	2.91343	2.80249	2.82141	2.80156	2.34801	2.86565	2.40355	2.92637	1.77446	2.52439	2.54013	1.92061	2.56193	2.01969	1.67043	1.75784	2.10537	1.87	1.95245	0.150489	-0.0837289																		
9.34058	9.34082	9.34084	9.34097	9.34091	9.34064	9.34006	9.34026	9.33941	9.33884	9.33886	9.33905	9.33907	9.33913	10.3579	10.3579	10.3579	10.358	10.358	10.358	10.358	10.3581	10.358	10.3578	10.3578	10.3578	10.3578	10.3578	10.3578	10.3578	10.3579	10.3579	10.3579	10.3579	10.3579	10.3579	10.3578	10.3578	10.3577	10.3577	10.3577	10.3577	10.3578	10.3578	10.3577	10.3577	10.3577	10.3576	10.3576	10.3576	10.3576	10.3574	10.3575	10.3575	10.3575	10.3575	10.3575	10.3575	10.3575	10.3575	10.3575	10.3575	10.3575	10.3575	10.3575	10.3576	10.3576	10.3575	10.3575	10.3576	10.3575	10.3573	10.3574	10.3574	10.3574	3.09219	2.5736	2.59544	2.57611	2.72704	2.64347	2.84417	2.65427	2.86508	2.75382	2.77261	2.75517	2.25782	2.82274	2.32728	2.88217	1.70557	2.47105	2.48035	1.8186	2.49772	1.93752	1.50824	1.60395	2.04227	1.74675	1.81537	0.550062	0.764959	0.468593																	
9.34059	9.34083	9.34085	9.34098	9.34092	9.34065	9.34007	9.34027	9.33942	9.33885	9.33887	9.33906	9.33908	9.33914	10.3579	10.3579	10.3579	10.358	10.358	10.358	10.358	10.3581	10.358	10.3578	10.3578	10.3578	10.3578	10.3578	10.3578	10.3578	10.3579	10.3579	10.3579	10.3579	10.3579	10.3579	10.3578	10.3578	10.3577	10.3577	10.3577	10.3577	10.3577	10.3578	10.3577	10.3577	10.3577	10.3576	10.3576	10.3576	10.3576	10.3574	10.3574	10.3575	10.3575	10.3575	10.3575	10.3575	10.3575	10.3575	10.3575	10.3575	10.3575	10.3575	10.3575	10.3576	10.3576	10.3575	10.3575	10.3576	10.3575	10.3573	10.3573	10.3574	10.3574	3.10793	2.6007	2.62122	2.60122	2.7571	2.66955	2.87056	2.67978	2.88928	2.77709	2.79618	2.77687	2.30324	2.84273	2.36397	2.90363	1.71992	2.49396	2.50788	1.86095	2.52864	1.96935	1.58266	1.67667	2.06353	1.80219	1.88377	0.253991	0.316479	-0.489082	0.00395285																
9.34052	9.34076	9.34078	9.34091	9.34085	9.34058	9.34	9.3402	9.33935	9.33878	9.3388	9.33899	9.33901	9.33907	10.3579	10.3579	10.3579	10.358	10.358	10.358	10.358	10.3581	10.358	10.3578	10.3578	10.3578	10.3578	10.3578	10.3578	10.3578	10.3579	10.3579	10.3579	10.3579	10.3579	10.3579	10.3579	10.3578	10.3577	10.3577	10.3577	10.3577	10.3578	10.3578	10.3577	10.3577	10.3577	10.3576	10.3576	10.3576	10.3576	10.3575	10.3575	10.3575	10.3575	10.3575	10.3575	10.3575	10.3575	10.3575	10.3575	10.3575	10.3576	10.3576	10.3576	10.3576	10.3576	10.3576	10.3576	10.3576	10.3575	10.3574	10.3574	10.3574	10.3575	3.07636	2.54915	2.57023	2.54853	2.71735	2.62184	2.83469	2.63236	2.85291	2.73409	2.75442	2.73293	2.2402	2.80137	2.30043	2.86626	1.56979	2.43257	2.45009	1.74636	2.47441	1.86267	1.44599	1.55467	1.96236	1.68759	1.78961	0.751279	0.700535	0.0911104	0.394764	-0.140677															
10.1294	10.1296	10.1296	10.1296	10.1296	10.1295	10.1292	10.1293	10.1289	10.1287	10.1287	10.1287	10.1288	10.1288	9.78842	9.78844	9.78844	9.78852	9.78854	9.78855	9.78856	9.78867	9.78851	9.78815	9.78816	9.78818	9.7882	9.78821	9.78823	9.78825	9.78832	9.78831	9.78836	9.78837	9.78836	9.78839	9.78829	9.78818	9.78797	9.78798	9.78803	9.78807	9.78813	9.78814	9.78809	9.78807	9.78806	9.78789	9.78787	9.78785	9.78782	9.78759	9.7876	9.78763	9.78765	9.78764	9.78763	9.78767	9.78768	9.78772	9.78772	9.7877	9.78773	9.78774	9.78776	9.78778	9.78779	9.78776	9.78777	9.78779	9.78771	9.78738	9.78742	9.78744	9.78757	9.52522	9.52458	9.5246	9.52459	9.5247	9.52464	9.52483	9.52466	9.52487	9.52476	9.52478	9.52477	9.52431	9.52485	9.52437	9.52491	9.52404	9.5245	9.5245	9.52409	9.52451	9.52415	9.52397	9.524	9.52421	9.52406	9.52408	9.52354	9.52355	9.52361	9.52364	9.52363	9.52369														
10.1295	10.1296	10.1296	10.1297	10.1296	10.1295	10.1293	10.1293	10.129	10.1287	10.1287	10.1288	10.1288	10.1288	9.78834	9.78836	9.78837	9.78845	9.78847	9.78848	9.78849	9.7886	9.78844	9.78808	9.78809	9.78811	9.78813	9.78814	9.78815	9.78818	9.78824	9.78824	9.78828	9.7883	9.78828	9.78831	9.78821	9.78811	9.7879	9.78791	9.78796	9.788	9.78806	9.78807	9.78801	9.78799	9.78798	9.78782	9.7878	9.78778	9.78775	9.78752	9.78753	9.78755	9.78757	9.78757	9.78756	9.78759	9.78761	9.78764	9.78764	9.78763	9.78766	9.78767	9.78768	9.78771	9.78772	9.78769	9.7877	9.78772	9.78763	9.78731	9.78735	9.78736	9.7875	9.52531	9.52468	9.5247	9.52468	9.52479	9.52474	9.52493	9.52475	9.52497	9.52486	9.52487	9.52486	9.52441	9.52494	9.52447	9.525	9.52414	9.5246	9.5246	9.52419	9.5246	9.52425	9.52407	9.5241	9.5243	9.52415	9.52417	9.52364	9.52364	9.52371	9.52374	9.52373	9.52379	0.316692													
10.1294	10.1295	10.1295	10.1296	10.1296	10.1295	10.1292	10.1293	10.1289	10.1286	10.1286	10.1287	10.1287	10.1288	9.78844	9.78846	9.78847	9.78854	9.78857	9.78858	9.78859	9.7887	9.78854	9.78818	9.78819	9.78821	9.78823	9.78824	9.78825	9.78828	9.78834	9.78834	9.78838	9.78839	9.78838	9.78841	9.78831	9.78821	9.788	9.78801	9.78806	9.7881	9.78815	9.78817	9.78811	9.78809	9.78808	9.78792	9.7879	9.78788	9.78785	9.78762	9.78763	9.78765	9.78767	9.78767	9.78766	9.78769	9.7877	9.78774	9.78774	9.78773	9.78776	9.78777	9.78778	9.78781	9.78782	9.78779	9.78779	9.78782	9.78773	9.78741	9.78745	9.78746	9.7876	9.52518	9.52455	9.52457	9.52455	9.52467	9.52461	9.5248	9.52462	9.52484	9.52473	9.52475	9.52474	9.52428	9.52482	9.52434	9.52487	9.52401	9.52447	9.52447	9.52406	9.52447	9.52412	9.52394	9.52397	9.52417	9.52403	9.52404	9.52351	9.52352	9.52358	9.52361	9.5236	9.52366	0.376935	0.700955												
10.1295	10.1296	10.1296	10.1296	10.1296	10.1295	10.1292	10.1293	10.1289	10.1287	10.1287	10.1288	10.1288	10.1288	9.78839	9.78841	9.78842	9.7885	9.78852	9.78853	9.78854	9.78865	9.78849	9.78813	9.78814	9.78816	9.78818	9.78819	9.7882	9.78823	9.78829	9.78829	9.78833	9.78834	9.78833	9.78836	9.78826	9.78816	9.78795	9.78796	9.78801	9.78805	9.7881	9.78812	9.78806	9.78804	9.78803	9.78787	9.78785	9.78783	9.7878	9.78757	9.78758	9.7876	9.78762	9.78762	9.78761	9.78764	9.78765	9.78769	9.78769	9.78768	9.78771	9.78772	9.78773	9.78776	9.78777	9.78774	9.78774	9.78777	9.78768	9.78736	9.7874	9.78741	9.78755	9.52525	9.52461	9.52463	9.52462	9.52473	9.52468	9.52486	9.52469	9.5249	9.52479	9.52481	9.5248	9.52434	9.52488	9.5244	9.52494	9.52407	9.52453	9.52453	9.52412	9.52454	9.52418	9.524	9.52403	9.52424	9.52409	9.52411	9.52357	9.52358	9.52365	9.52367	9.52367	9.52372	0.0409882	0.0309786	-0.0137846											
10.1295	10.1296	10.1296	10.1297	10.1297	10.1295	10.1293	10.1294	10.129	10.1287	10.1287	10.1288	10.1288	10.1289	9.78832	9.78834	9.78834	9.78842	9.78845	9.78845	9.78847	9.78858	9.78842	9.78806	9.78807	9.78809	9.78811	9.78812	9.78813	9.78816	9.78822	9.78822	9.78826	9.78827	9.78826	9.78829	9.78819	9.78809	9.78788	9.78788	9.78793	9.78798	9.78803	9.78805	9.78799	9.78797	9.78796	9.7878	9.78778	9.78776	9.78773	9.78749	9.78751	9.78753	9.78755	9.78755	9.78754	9.78757	9.78758	9.78762	9.78762	9.78761	9.78764	9.78765	9.78766	9.78769	9.78769	9.78766	9.78767	9.7877	9.78761	9.78729	9.78732	9.78734	9.78748	9.52534	9.5247	9.52473	9.52471	9.52482	9.52477	9.52496	9.52478	9.52499	9.52489	9.5249	9.52489	9.52444	9.52497	9.5245	9.52503	9.52417	9.52463	9.52463	9.52422	9.52463	9.52427	9.52409	9.52413	9.52433	9.52418	9.5242	9.52366	9.52367	9.52374	9.52377	9.52376	9.52382	0.549966	-0.895906	0.88084	0.355314										
10.1295	10.1296	10.1296	10.1297	10.1296	10.1295	10.1292	10.1293	10.129	10.1287	10.1287	10.1288	10.1288	10.1288	9.78836	9.78838	9.78838	9.78846	9.78848	9.78849	9.7885	9.78861	9.78845	9.78809	9.7881	9.78812	9.78814	9.78815	9.78817	9.78819	9.78825	9.78825	9.7883	9.78831	9.78829	9.78832	9.78823	9.78812	9.78791	9.78792	9.78797	9.78801	9.78807	9.78808	9.78802	9.78801	9.78799	9.78783	9.78781	9.78779	9.78776	9.78753	9.78754	9.78756	9.78758	9.78758	9.78757	9.78761	9.78762	9.78765	9.78765	9.78764	9.78767	9.78768	9.78769	9.78772	9.78773	9.7877	9.78771	9.78773	9.78765	9.78732	9.78736	9.78737	9.78751	9.5253	9.52466	9.52468	9.52467	9.52478	9.52473	9.52491	9.52474	9.52495	9.52484	9.52486	9.52485	9.52439	9.52493	9.52445	9.52499	9.52412	9.52458	9.52458	9.52417	9.52459	9.52423	9.52405	9.52408	9.52429	9.52414	9.52416	9.52362	9.52363	9.5237	9.52372	9.52372	9.52377	0.316581	-0.812274	0.511737	-0.364105	-0.254082									
10.1294	10.1295	10.1295	10.1295	10.1295	10.1294	10.1291	10.1292	10.1288	10.1286	10.1286	10.1287	10.1287	10.1287	9.78853	9.78855	9.78856	9.78863	9.78866	9.78867	9.78868	9.78879	9.78863	9.78827	9.78828	9.7883	9.78832	9.78833	9.78834	9.78837	9.78843	9.78843	9.78847	9.78848	9.78847	9.7885	9.7884	9.7883	9.78809	9.7881	9.78815	9.78819	9.78824	9.78826	9.7882	9.78818	9.78817	9.78801	9.78799	9.78797	9.78794	9.78771	9.78772	9.78774	9.78776	9.78776	9.78775	9.78778	9.78779	9.78783	9.78783	9.78782	9.78785	9.78786	9.78787	9.7879	9.78791	9.78788	9.78788	9.78791	9.78782	9.7875	9.78754	9.78755	9.78769	9.52507	9.52443	9.52445	9.52444	9.52455	9.52449	9.52468	9.52451	9.52472	9.52461	9.52463	9.52462	9.52416	9.5247	9.52422	9.52476	9.52389	9.52435	9.52435	9.52394	9.52436	9.524	9.52382	9.52385	9.52406	9.52391	9.52393	9.52339	9.5234	9.52346	9.52349	9.52348	9.52354	0.741287	1.21229	0.61717	0.929112	1.32415	1.15759								
10.1292	10.1293	10.1293	10.1294	10.1293	10.1292	10.1289	10.129	10.1286	10.1284	10.1284	10.1285	10.1285	10.1285	9.78879	9.78881	9.78882	9.7889	9.78892	9.78893	9.78894	9.78905	9.78889	9.78853	9.78854	9.78856	9.78858	9.78859	9.7886	9.78863	9.78869	9.78869	9.78873	9.78874	9.78873	9.78876	9.78866	9.78856	9.78835	9.78836	9.78841	9.78845	9.7885	9.78852	9.78846	9.78844	9.78843	9.78827	9.78825	9.78823	9.7882	9.78797	9.78798	9.788	9.78802	9.78802	9.78801	9.78804	9.78805	9.78809	9.78809	9.78808	9.78811	9.78812	9.78813	9.78816	9.78817	9.78814	9.78814	9.78817	9.78808	9.78776	9.7878	9.78781	9.78795	9.52473	9.52409	9.52411	9.5241	9.52421	9.52416	9.52434	9.52417	9.52438	9.52427	9.52429	9.52428	9.52382	9.52436	9.52388	9.52442	9.52355	9.52401	9.52401	9.5236	9.52402	9.52366	9.52348	9.52351	9.52372	9.52357	9.52359	9.52305	9.52306	9.52313	9.52315	9.52314	9.5232	1.90755	2.08113	1.83708	1.9645	2.1298	2.05519	1.5379							
10.1293	10.1294	10.1294	10.1295	10.1295	10.1293	10.1291	10.1292	10.1288	10.1285	10.1285	10.1286	10.1286	10.1287	9.7886	9.78862	9.78862	9.7887	9.78873	9.78873	9.78875	9.78886	9.7887	9.78834	9.78835	9.78837	9.78839	9.7884	9.78841	9.78844	9.7885	9.7885	9.78854	9.78855	9.78854	9.78857	9.78847	9.78837	9.78816	9.78816	9.78821	9.78826	9.78831	9.78833	9.78827	9.78825	9.78824	9.78808	9.78806	9.78804	9.78801	9.78777	9.78779	9.78781	9.78783	9.78783	9.78782	9.78785	9.78786	9.7879	9.7879	9.78789	9.78792	9.78793	9.78794	9.78797	9.78797	9.78794	9.78795	9.78798	9.78789	9.78757	9.7876	9.78762	9.78776	9.52498	9.52434	9.52436	9.52435	9.52446	9.5244	9.52459	9.52442	9.52463	9.52452	9.52454	9.52453	9.52407	9.52461	9.52413	9.52467	9.5238	9.52426	9.52426	9.52385	9.52427	9.52391	9.52373	9.52376	9.52397	9.52382	9.52384	9.5233	9.52331	9.52337	9.5234	9.52339	9.52345	1.19364	1.53773	1.20155	1.37021	1.61537	1.51374	0.387142	1.27823						
10.1294	10.1295	10.1295	10.1296	10.1295	10.1294	10.1292	10.1293	10.1289	10.1286	10.1286	10.1287	10.1287	10.1287	9.78848	9.7885	9.78851	9.78858	9.78861	9.78862	9.78863	9.78874	9.78858	9.78822	9.78823	9.78825	9.78827	9.78828	9.78829	9.78832	9.78838	9.78838	9.78842	9.78843	9.78842	9.78845	9.78835	9.78825	9.78804	9.78805	9.7881	9.78814	9.78819	9.78821	9.78815	9.78813	9.78812	9.78796	9.78794	9.78792	9.78789	9.78765	9.78767	9.78769	9.78771	9.78771	9.7877	9.78773	9.78774	9.78778	9.78778	9.78777	9.7878	9.78781	9.78782	9.78785	9.78786	9.78783	9.78783	9.78786	9.78777	9.78745	9.78749	9.7875	9.78764	9.52513	9.5245	9.52452	9.5245	9.52461	9.52456	9.52475	9.52457	9.52479	9.52468	9.52469	9.52468	9.52423	9.52476	9.52429	9.52482	9.52396	9.52442	9.52442	9.52401	9.52442	9.52407	9.52389	9.52392	9.52412	9.52397	9.52399	9.52346	9.52346	9.52353	9.52356	9.52355	9.52361	0.152806	0.907994	0.351983	0.574619	1.05275	0.858517	-0.0586388	1.71771	0.781661					
10.129	10.1291	10.1291	10.1292	10.1291	10.129	10.1287	10.1288	10.1284	10.1282	10.1282	10.1283	10.1283	10.1283	9.78906	9.78908	9.78908	9.78916	9.78919	9.78919	9.78921	9.78932	9.78916	9.7888	9.78881	9.78883	9.78885	9.78886	9.78887	9.7889	9.78896	9.78896	9.789	9.78901	9.789	9.78903	9.78893	9.78883	9.78862	9.78862	9.78867	9.78872	9.78877	9.78879	9.78873	9.78871	9.7887	9.78854	9.78852	9.7885	9.78847	9.78823	9.78825	9.78827	9.78829	9.78829	9.78828	9.78831	9.78832	9.78836	9.78836	9.78835	9.78838	9.78839	9.7884	9.78843	9.78844	9.78841	9.78841	9.78844	9.78835	9.78803	9.78807	9.78808	9.78822	9.52438	9.52374	9.52376	9.52375	9.52386	9.52381	9.52399	9.52382	9.52403	9.52392	9.52394	9.52393	9.52347	9.52401	9.52353	9.52407	9.5232	9.52366	9.52366	9.52325	9.52367	9.52331	9.52313	9.52316	9.52337	9.52322	9.52324	9.5227	9.52271	9.52277	9.5228	9.52279	9.52285	2.44205	2.54922	2.40432	2.47881	2.57972	2.53385	2.24453	1.56786	2.11041	2.33567				
10.1292	10.1293	10.1293	10.1293	10.1293	10.1292	10.1289	10.129	10.1286	10.1284	10.1284	10.1285	10.1285	10.1285	9.7888	9.78882	9.78882	9.7889	9.78892	9.78893	9.78894	9.78905	9.7889	9.78853	9.78855	9.78856	9.78858	9.7886	9.78861	9.78863	9.7887	9.78869	9.78874	9.78875	9.78874	9.78877	9.78867	9.78857	9.78836	9.78836	9.78841	9.78845	9.78851	9.78852	9.78847	9.78845	9.78844	9.78827	9.78825	9.78824	9.7882	9.78797	9.78798	9.78801	9.78803	9.78802	9.78801	9.78805	9.78806	9.7881	9.7881	9.78808	9.78812	9.78812	9.78814	9.78816	9.78817	9.78814	9.78815	9.78817	9.78809	9.78776	9.7878	9.78782	9.78796	9.52472	9.52408	9.52411	9.52409	9.5242	9.52415	9.52434	9.52416	9.52437	9.52426	9.52428	9.52427	9.52382	9.52435	9.52388	9.52441	9.52354	9.52401	9.52401	9.5236	9.52401	9.52365	9.52347	9.5235	9.52371	9.52356	9.52358	9.52304	9.52305	9.52312	9.52315	9.52314	9.5232	1.91636	2.09277	1.86479	1.98318	2.14012	2.07062	1.55827	-0.580534	1.26907	1.72961	1.54806			
10.1289	10.129	10.129	10.1291	10.1291	10.129	10.1287	10.1288	10.1284	10.1281	10.1281	10.1282	10.1282	10.1283	9.78915	9.78917	9.78917	9.78925	9.78927	9.78928	9.78929	9.7894	9.78924	9.78888	9.7889	9.78891	9.78893	9.78895	9.78896	9.78898	9.78905	9.78904	9.78909	9.7891	9.78909	9.78912	9.78902	9.78892	9.78871	9.78871	9.78876	9.7888	9.78886	9.78887	9.78882	9.7888	9.78879	9.78862	9.7886	9.78859	9.78855	9.78832	9.78833	9.78836	9.78838	9.78837	9.78836	9.7884	9.78841	9.78845	9.78845	9.78843	9.78846	9.78847	9.78849	9.78851	9.78852	9.78849	9.7885	9.78852	9.78844	9.78811	9.78815	9.78817	9.78831	9.52426	9.52363	9.52365	9.52364	9.52375	9.52369	9.52388	9.5237	9.52392	9.52381	9.52383	9.52382	9.52336	9.5239	9.52342	9.52396	9.52309	9.52355	9.52355	9.52314	9.52356	9.5232	9.52302	9.52305	9.52325	9.52311	9.52312	9.52259	9.5226	9.52266	9.52269	9.52268	9.52274	2.56794	2.6653	2.5443	2.60631	2.6919	2.65387	2.40034	1.86808	2.27708	2.47606	0.647031	1.83807		
10.1289	10.129	10.129	10.1291	10.1291	10.129	10.1287	10.1288	10.1284	10.1281	10.1281	10.1282	10.1282	10.1283	9.78914	9.78916	9.78916	9.78924	9.78927	9.78927	9.78929	9.7894	9.78924	9.78888	9.78889	9.78891	9.78892	9.78894	9.78895	9.78898	9.78904	9.78903	9.78908	9.78909	9.78908	9.78911	9.78901	9.78891	9.7887	9.7887	9.78875	9.78879	9.78885	9.78886	9.78881	9.78879	9.78878	9.78861	9.7886	9.78858	9.78854	9.78831	9.78833	9.78835	9.78837	9.78837	9.78835	9.78839	9.7884	9.78844	9.78844	9.78843	9.78846	9.78847	9.78848	9.78851	9.78851	9.78848	9.78849	9.78852	9.78843	9.7881	9.78814	9.78816	9.7883	9.52427	9.52364	9.52366	9.52365	9.52376	9.5237	9.52389	9.52371	9.52393	9.52382	9.52384	9.52383	9.52337	9.52391	9.52343	9.52397	9.5231	9.52356	9.52356	9.52315	9.52357	9.52321	9.52303	9.52306	9.52326	9.52312	9.52314	9.5226	9.52261	9.52267	9.5227	9.52269	9.52275	2.56071	2.65978	2.54301	2.60283	2.68608	2.64973	2.39526	1.87426	2.26656	2.46931	0.827451	1.83552	-0.35982	
10.129	10.1291	10.1291	10.1292	10.1291	10.129	10.1288	10.1289	10.1285	10.1282	10.1282	10.1283	10.1283	10.1283	9.78904	9.78906	9.78907	9.78915	9.78917	9.78918	9.78919	9.7893	9.78914	9.78878	9.78879	9.78881	9.78883	9.78884	9.78885	9.78888	9.78894	9.78894	9.78898	9.78899	9.78898	9.78901	9.78891	9.78881	9.7886	9.78861	9.78866	9.7887	9.78875	9.78877	9.78871	9.78869	9.78868	9.78852	9.7885	9.78848	9.78845	9.78822	9.78823	9.78825	9.78827	9.78827	9.78826	9.78829	9.7883	9.78834	9.78834	9.78833	9.78836	9.78837	9.78838	9.78841	9.78842	9.78839	9.78839	9.78842	9.78833	9.78801	9.78805	9.78806	9.7882	9.5244	9.52377	9.52379	9.52377	9.52388	9.52383	9.52402	9.52384	9.52406	9.52395	9.52396	9.52395	9.5235	9.52403	9.52356	9.52409	9.52323	9.52369	9.52369	9.52328	9.52369	9.52333	9.52316	9.52319	9.52339	9.52324	9.52326	9.52272	9.52273	9.5228	9.52283	9.52282	9.52288	2.41355	2.52682	2.38998	2.46023	2.55709	2.51453	2.21694	1.54853	2.06409	2.30602	0.28227	1.49519	0.633109	0.594509