-0.00540622																																																																													
0.158898	-0.531632																																																																												
0.985239	0.546243	0.692563																																																																											
0.745618	0.114166	0.289285	-0.408135																																																																										
0.672983	0.0223125	0.322596	-0.330515	-1.07966																																																																									
0.0733167	-0.196478	0.333427	0.626737	0.392822	0.185656																																																																								
-0.0226882	-0.0897576	0.380756	0.720337	0.505626	0.326497	-1.69429																																																																							
1.0671	1.35444	1.39924	1.68798	1.59638	1.55064	1.26456	1.21171																																																																						
0.758527	1.14061	1.15715	1.56748	1.44508	1.4055	1.10185	1.04492	0.111547																																																																					
0.293641	0.838048	0.914841	1.36029	1.22069	1.15978	0.724487	0.6364	0.448623	-0.0149425																																																																				
0.096108	0.734276	0.808719	1.30903	1.15559	1.09506	0.641146	0.549266	0.592919	0.105522	-1.34875																																																																			
0.228928	0.720723	0.874684	1.2391	1.10733	1.02116	0.458155	0.334652	0.680846	0.51714	-0.331536	-0.283946																																																																		
1.30293	1.53361	1.57559	1.81187	1.73611	1.69383	1.44701	1.40285	-0.235968	0.623756	0.850001	0.95111	0.981879																																																																	
2.24003	2.33568	2.35596	2.46228	2.42853	2.40542	2.29044	2.27181	1.87136	2.01088	2.08621	2.11666	2.11822	1.74308																																																																
2.00173	2.12642	2.14105	2.2951	2.24672	2.22308	2.08626	2.06323	1.50901	1.67484	1.80399	1.84093	1.8681	1.33767	0.908541																																																															
2.01236	2.12899	2.15699	2.27922	2.23999	2.21134	2.06989	2.04671	1.52888	1.73008	1.81631	1.85675	1.85176	1.34116	0.679879	0.560217																																																														
2.0366	2.15329	2.17661	2.3062	2.26495	2.23837	2.10117	2.07853	1.56117	1.74689	1.84437	1.88282	1.88781	1.38242	0.550873	0.215195	-0.521873																																																													
2.27537	2.36659	2.38813	2.48629	2.45508	2.43187	2.32007	2.3021	1.92432	2.06056	2.12785	2.15744	2.15478	1.80221	-0.653591	1.09114	0.81321	0.754499																																																												
2.23359	2.32619	2.35161	2.44544	2.41542	2.39029	2.27379	2.25519	1.87066	2.01949	2.08086	2.11234	2.10282	1.74101	0.00657747	1.11508	0.640619	0.678009	-0.29524																																																											
9.33766	9.33774	9.33776	9.33785	9.33782	9.3378	9.33769	9.33768	9.33741	9.33749	9.33754	9.33756	9.33756	9.33734	9.33683	9.33703	9.337	9.33699	9.3368	9.33684																																																										
9.3381	9.33818	9.33821	9.33829	9.33827	9.33824	9.33814	9.33812	9.33785	9.33794	9.33799	9.33801	9.338	9.33778	9.33728	9.33747	9.33745	9.33743	9.33725	9.33728	1.62661																																																									
9.33785	9.33793	9.33795	9.33804	9.33801	9.33799	9.33788	9.33786	9.33759	9.33768	9.33773	9.33775	9.33775	9.33753	9.33702	9.33722	9.33719	9.33718	9.33699	9.33703	0.771807	1.07291																																																								
9.33783	9.33791	9.33793	9.33801	9.33799	9.33796	9.33786	9.33784	9.33757	9.33766	9.33771	9.33773	9.33773	9.3375	9.337	9.3372	9.33717	9.33715	9.33697	9.33701	0.894562	1.18979	0.229909																																																							
9.33783	9.33791	9.33794	9.33802	9.338	9.33797	9.33787	9.33785	9.33758	9.33767	9.33772	9.33774	9.33773	9.33751	9.33701	9.3372	9.33718	9.33716	9.33698	9.33701	0.963272	1.18364	0.351082	-1.64386																																																						
9.33789	9.33797	9.33799	9.33808	9.33805	9.33802	9.33792	9.3379	9.33763	9.33772	9.33777	9.33779	9.33779	9.33756	9.33706	9.33726	9.33723	9.33721	9.33703	9.33707	1.03539	0.923458	-0.0783984	-0.216421	-0.159597																																																					
9.33844	9.33852	9.33854	9.33862	9.3386	9.33857	9.33847	9.33845	9.33818	9.33827	9.33832	9.33834	9.33834	9.33811	9.33761	9.33781	9.33778	9.33777	9.33758	9.33762	2.17942	1.33186	1.90078	1.94976	1.94308	1.83887																																																				
9.33844	9.33852	9.33854	9.33863	9.3386	9.33858	9.33847	9.33846	9.33819	9.33827	9.33832	9.33835	9.33834	9.33812	9.33762	9.33781	9.33778	9.33777	9.33758	9.33762	2.18694	1.34242	1.90937	1.94872	1.94063	1.84071	-1.00287																																																			
9.33866	9.33874	9.33876	9.33885	9.33882	9.3388	9.33869	9.33868	9.33841	9.33849	9.33854	9.33856	9.33856	9.33834	9.33783	9.33803	9.338	9.33799	9.3378	9.33784	2.43718	1.89022	2.23763	2.2932	2.29109	2.21138	1.13389	1.19443																																																		
9.33904	9.33912	9.33914	9.33923	9.3392	9.33917	9.33907	9.33905	9.33879	9.33887	9.33892	9.33894	9.33894	9.33872	9.33821	9.33841	9.33838	9.33837	9.33818	9.33822	2.75205	2.3678	2.6063	2.63314	2.62945	2.57881	1.93042	1.93247	1.48479																																																	
10.3583	10.3583	10.3582	10.3582	10.3582	10.3582	10.3583	10.3583	10.3584	10.3583	10.3583	10.3583	10.3583	10.3584	10.3586	10.3585	10.3585	10.3585	10.3586	10.3586	10.666	10.6662	10.6661	10.6661	10.6661	10.6661	10.6662	10.6662	10.6663	10.6664																																																
10.3583	10.3583	10.3583	10.3582	10.3582	10.3582	10.3583	10.3583	10.3584	10.3584	10.3583	10.3583	10.3583	10.3584	10.3586	10.3585	10.3585	10.3585	10.3586	10.3586	10.666	10.6662	10.6661	10.6661	10.6661	10.6661	10.6663	10.6663	10.6663	10.6664	-0.511479																																															
10.3583	10.3583	10.3583	10.3583	10.3583	10.3583	10.3583	10.3583	10.3584	10.3584	10.3584	10.3584	10.3584	10.3584	10.3586	10.3586	10.3586	10.3586	10.3586	10.3586	10.6661	10.6662	10.6661	10.6661	10.6661	10.6661	10.6663	10.6663	10.6663	10.6664	0.333476	0.334198																																														
10.3583	10.3583	10.3583	10.3582	10.3582	10.3583	10.3583	10.3583	10.3584	10.3584	10.3583	10.3583	10.3583	10.3584	10.3586	10.3585	10.3585	10.3585	10.3586	10.3586	10.6661	10.6662	10.6661	10.6661	10.6661	10.6661	10.6663	10.6663	10.6663	10.6664	0.246982	0.594898	0.42216																																													
10.3584	10.3583	10.3583	10.3583	10.3583	10.3583	10.3584	10.3584	10.3585	10.3584	10.3584	10.3584	10.3584	10.3585	10.3587	10.3586	10.3586	10.3586	10.3587	10.3587	10.6661	10.6662	10.6662	10.6661	10.6661	10.6662	10.6663	10.6663	10.6664	10.6665	1.09734	1.18883	0.712425	0.718585																																												
10.3584	10.3584	10.3584	10.3583	10.3583	10.3583	10.3584	10.3584	10.3585	10.3585	10.3584	10.3584	10.3584	10.3585	10.3587	10.3586	10.3586	10.3586	10.3587	10.3587	10.6661	10.6662	10.6662	10.6662	10.6662	10.6662	10.6663	10.6663	10.6664	10.6665	1.23536	1.17872	0.735196	1.24163	0.952965																																											
10.3584	10.3584	10.3584	10.3583	10.3583	10.3584	10.3584	10.3584	10.3585	10.3585	10.3584	10.3584	10.3584	10.3585	10.3587	10.3586	10.3586	10.3586	10.3587	10.3587	10.6661	10.6662	10.6662	10.6662	10.6662	10.6662	10.6663	10.6663	10.6664	10.6665	1.30471	1.25518	0.84215	1.2977	0.978414	-1.33743																																										
10.3584	10.3584	10.3584	10.3584	10.3584	10.3584	10.3584	10.3584	10.3585	10.3585	10.3585	10.3585	10.3585	10.3585	10.3587	10.3586	10.3587	10.3587	10.3587	10.3587	10.6661	10.6663	10.6662	10.6662	10.6662	10.6662	10.6663	10.6663	10.6664	10.6665	1.43769	1.41551	1.03506	1.37606	0.932079	0.030262	-0.21786																																									
10.3584	10.3584	10.3584	10.3584	10.3584	10.3584	10.3584	10.3584	10.3585	10.3585	10.3585	10.3585	10.3585	10.3585	10.3587	10.3587	10.3587	10.3587	10.3587	10.3587	10.6661	10.6663	10.6662	10.6662	10.6662	10.6662	10.6664	10.6664	10.6664	10.6665	1.52909	1.50884	1.16882	1.46725	1.03779	0.327759	0.131084	-0.906602																																								
10.3584	10.3584	10.3584	10.3584	10.3584	10.3584	10.3584	10.3584	10.3585	10.3585	10.3585	10.3585	10.3585	10.3586	10.3587	10.3587	10.3587	10.3587	10.3588	10.3587	10.6662	10.6663	10.6662	10.6662	10.6662	10.6662	10.6664	10.6664	10.6664	10.6665	1.62475	1.61313	1.30414	1.54858	1.10653	0.661357	0.526152	-0.0808969	-0.592132																																							
10.3584	10.3584	10.3583	10.3583	10.3583	10.3583	10.3584	10.3584	10.3585	10.3584	10.3584	10.3584	10.3584	10.3585	10.3587	10.3586	10.3586	10.3586	10.3587	10.3587	10.6661	10.6662	10.6662	10.6662	10.6662	10.6662	10.6663	10.6663	10.6664	10.6665	1.1555	1.19331	0.646275	0.939975	-0.0646299	0.540693	0.559765	0.47719	0.651674	0.783366																																						
10.3584	10.3584	10.3584	10.3583	10.3583	10.3583	10.3584	10.3584	10.3585	10.3585	10.3584	10.3584	10.3584	10.3585	10.3587	10.3586	10.3586	10.3586	10.3587	10.3587	10.6661	10.6662	10.6662	10.6662	10.6662	10.6662	10.6663	10.6663	10.6664	10.6665	1.26033	1.29823	0.822178	1.04629	0.0126344	0.64271	0.634856	0.459295	0.603562	0.698911	-0.999248																																					
10.3581	10.3581	10.3581	10.358	10.358	10.358	10.3581	10.3581	10.3582	10.3582	10.3581	10.3581	10.3581	10.3582	10.3584	10.3583	10.3583	10.3583	10.3584	10.3584	10.6659	10.666	10.666	10.6659	10.6659	10.666	10.6661	10.6661	10.6662	10.6663	1.80941	1.82099	2.01368	1.9197	2.18263	2.24319	2.27039	2.33096	2.36946	2.41355	2.22431	2.25975																																				
10.3581	10.3581	10.3581	10.3581	10.3581	10.3581	10.3581	10.3581	10.3582	10.3582	10.3582	10.3582	10.3582	10.3582	10.3584	10.3584	10.3584	10.3584	10.3584	10.3584	10.6659	10.666	10.666	10.666	10.666	10.666	10.6661	10.6661	10.6662	10.6663	1.65455	1.64888	1.88249	1.81137	2.09649	2.12823	2.15897	2.23144	2.27363	2.3242	2.12898	2.16969	0.284092																																			
10.3581	10.3581	10.3581	10.358	10.3581	10.3581	10.3581	10.3581	10.3582	10.3582	10.3582	10.3581	10.3581	10.3582	10.3584	10.3583	10.3583	10.3584	10.3584	10.3584	10.6659	10.666	10.666	10.666	10.666	10.666	10.6661	10.6661	10.6662	10.6663	1.72146	1.74238	1.94389	1.83017	2.11458	2.19287	2.22121	2.28198	2.32238	2.3674	2.16331	2.20016	-0.387067	0.344395																																		
10.3581	10.3581	10.3581	10.3581	10.3581	10.3581	10.3581	10.3581	10.3582	10.3582	10.3582	10.3582	10.3582	10.3582	10.3584	10.3584	10.3584	10.3584	10.3584	10.3584	10.6659	10.666	10.666	10.666	10.666	10.666	10.6661	10.6661	10.6662	10.6663	1.63882	1.64197	1.87361	1.78708	2.08037	2.12742	2.15808	2.22828	2.27076	2.32053	2.11841	2.1589	0.107597	-0.914874	0.0473352																																	
10.3581	10.3581	10.3581	10.3581	10.3581	10.3581	10.3581	10.3581	10.3582	10.3582	10.3582	10.3582	10.3582	10.3582	10.3584	10.3583	10.3584	10.3584	10.3584	10.3584	10.6659	10.666	10.666	10.666	10.666	10.666	10.6661	10.6661	10.6662	10.6663	1.67044	1.69305	1.90329	1.78487	2.08071	2.16168	2.19087	2.25325	2.29479	2.34099	2.13079	2.16886	-0.0933857	0.298381	-1.27783	-0.0450594																																
10.3581	10.3581	10.3581	10.3581	10.3581	10.3581	10.3581	10.3581	10.3582	10.3582	10.3582	10.3582	10.3582	10.3582	10.3584	10.3583	10.3584	10.3584	10.3584	10.3584	10.6659	10.666	10.666	10.666	10.666	10.666	10.6661	10.6661	10.6662	10.6663	1.6484	1.66874	1.88552	1.77027	2.06988	2.14659	2.17631	2.24042	2.2825	2.32964	2.11856	2.15743	-0.0461063	0.176874	-0.881832	-0.228141	-1.70776																															
10.3581	10.3581	10.3581	10.3581	10.3581	10.3581	10.3581	10.3581	10.3582	10.3582	10.3582	10.3582	10.3582	10.3583	10.3584	10.3584	10.3584	10.3584	10.3584	10.3584	10.6659	10.666	10.666	10.666	10.666	10.666	10.6661	10.6661	10.6662	10.6663	1.57082	1.58154	1.82243	1.72061	2.03216	2.09252	2.12412	2.19459	2.23857	2.28911	2.07541	2.11712	0.277366	-0.247315	0.00425282	-0.826433	-0.215654	-0.470254																														
10.3581	10.3581	10.3581	10.3581	10.3581	10.3581	10.3581	10.3581	10.3582	10.3582	10.3582	10.3582	10.3582	10.3583	10.3584	10.3584	10.3584	10.3584	10.3585	10.3584	10.6659	10.6661	10.666	10.666	10.666	10.666	10.6661	10.6661	10.6662	10.6663	1.52621	1.52638	1.78424	1.69779	2.0131	2.05728	2.09016	2.16559	2.21073	2.26374	2.05078	2.09438	0.51007	-0.409473	0.374646	-0.56008	0.239715	0.0858311	-0.762753																													
10.3582	10.3581	10.3581	10.3581	10.3581	10.3581	10.3581	10.3581	10.3582	10.3582	10.3582	10.3582	10.3582	10.3583	10.3584	10.3584	10.3584	10.3584	10.3585	10.3584	10.6659	10.6661	10.666	10.666	10.666	10.666	10.6661	10.6661	10.6662	10.6663	1.46168	1.48608	1.74105	1.61327	1.95563	2.03729	2.07035	2.14125	2.18762	2.23941	2.00725	2.05098	0.590843	0.321393	0.255734	0.06692	0.0180736	-0.119607	-0.457825	-0.189293																												
10.3582	10.3581	10.3581	10.3581	10.3581	10.3581	10.3581	10.3581	10.3582	10.3582	10.3582	10.3582	10.3582	10.3583	10.3585	10.3584	10.3584	10.3584	10.3585	10.3585	10.6659	10.6661	10.666	10.666	10.666	10.666	10.6662	10.6662	10.6662	10.6663	1.43884	1.45481	1.72208	1.60724	1.95027	2.01908	2.05293	2.12724	2.17424	2.22764	1.9973	2.04223	0.639818	0.210215	0.382009	-0.00510244	0.189096	0.0499348	-0.510087	-0.498025	-1.19027																											
10.3581	10.3581	10.3581	10.3581	10.3581	10.3581	10.3581	10.3581	10.3582	10.3582	10.3582	10.3582	10.3582	10.3583	10.3584	10.3584	10.3584	10.3584	10.3585	10.3584	10.6659	10.6661	10.666	10.666	10.666	10.666	10.6661	10.6661	10.6662	10.6663	1.48396	1.52775	1.75863	1.59857	1.9448	2.05832	2.09004	2.15397	2.19958	2.24833	2.00808	2.04969	0.689445	0.685781	0.290505	0.480793	0.0788534	0.0619918	0.186342	0.417384	-0.342154	0.00458533																										
10.358	10.3579	10.3579	10.3579	10.3579	10.3579	10.3579	10.358	10.358	10.358	10.358	10.358	10.358	10.3581	10.3583	10.3582	10.3582	10.3582	10.3583	10.3583	10.6658	10.6659	10.6659	10.6658	10.6658	10.6659	10.666	10.666	10.6661	10.6662	2.34022	2.34889	2.46591	2.39821	2.56874	2.61888	2.63764	2.67956	2.70689	2.73817	2.60203	2.62571	1.45795	1.69052	1.56739	1.67783	1.62388	1.64575	1.72562	1.77914	1.8035	1.82299	1.80132																									
10.358	10.3579	10.3579	10.3579	10.3579	10.3579	10.358	10.358	10.3581	10.358	10.358	10.358	10.358	10.3581	10.3583	10.3582	10.3582	10.3582	10.3583	10.3583	10.6658	10.6659	10.6659	10.6659	10.6659	10.6659	10.666	10.666	10.6661	10.6662	2.29397	2.30723	2.42567	2.3475	2.52521	2.58749	2.60667	2.64785	2.67602	2.70733	2.56317	2.58708	1.36745	1.63971	1.46687	1.61464	1.52839	1.5566	1.65522	1.72068	1.72757	1.75447	1.70992	-0.159246																								
10.358	10.358	10.358	10.3579	10.3579	10.3579	10.358	10.358	10.3581	10.358	10.358	10.358	10.358	10.3581	10.3583	10.3582	10.3582	10.3582	10.3583	10.3583	10.6658	10.6659	10.6659	10.6659	10.6659	10.6659	10.666	10.666	10.6661	10.6662	2.24153	2.2572	2.37987	2.29518	2.4812	2.54975	2.56957	2.61144	2.64061	2.67265	2.52186	2.54652	1.2497	1.55988	1.34861	1.52619	1.41669	1.45006	1.56445	1.63978	1.63738	1.6695	1.61117	0.311963	-0.565914																							
10.358	10.358	10.358	10.358	10.358	10.358	10.358	10.358	10.3581	10.3581	10.3581	10.3581	10.3581	10.3581	10.3583	10.3583	10.3583	10.3583	10.3583	10.3583	10.6659	10.666	10.6659	10.6659	10.6659	10.6659	10.6661	10.6661	10.6661	10.6662	2.08905	2.10018	2.24782	2.16583	2.37691	2.43495	2.45743	2.50726	2.53964	2.57654	2.41532	2.44407	0.690648	1.15954	0.913674	1.12341	1.01952	1.05746	1.19833	1.29274	1.32551	1.35689	1.33098	0.836164	0.67601	0.478718																						
10.358	10.358	10.358	10.358	10.358	10.358	10.358	10.358	10.3581	10.3581	10.3581	10.3581	10.3581	10.3582	10.3583	10.3583	10.3583	10.3583	10.3583	10.3583	10.6659	10.666	10.6659	10.6659	10.6659	10.6659	10.6661	10.6661	10.6661	10.6662	2.05006	2.0647	2.21507	2.12505	2.34372	2.40992	2.43285	2.48261	2.51578	2.553	2.38537	2.41458	0.565124	1.10928	0.777665	1.0541	0.897765	0.946897	1.11913	1.23112	1.24257	1.28353	1.2319	0.967142	0.775881	0.549017	-0.820254																					
10.3578	10.3578	10.3578	10.3577	10.3577	10.3577	10.3578	10.3578	10.3579	10.3579	10.3578	10.3578	10.3578	10.3579	10.3581	10.358	10.358	10.358	10.3581	10.3581	10.6657	10.6658	10.6657	10.6657	10.6657	10.6657	10.6659	10.6659	10.6659	10.666	2.74524	2.75019	2.83069	2.78396	2.9028	2.93841	2.95212	2.98352	3.00376	3.0273	2.92734	2.94444	2.24808	2.35333	2.30072	2.35096	2.32825	2.33895	2.37799	2.40387	2.42083	2.43059	2.41931	1.64623	1.7487	1.84077	2.01375	2.05606																				
10.3578	10.3578	10.3578	10.3577	10.3578	10.3578	10.3578	10.3578	10.3579	10.3579	10.3579	10.3578	10.3578	10.3579	10.3581	10.358	10.358	10.3581	10.3581	10.3581	10.6657	10.6658	10.6657	10.6657	10.6657	10.6658	10.6659	10.6659	10.666	10.6661	2.70755	2.71268	2.79613	2.7479	2.87088	2.90744	2.92158	2.95393	2.97477	2.99899	2.89608	2.91375	2.18531	2.2972	2.24134	2.29456	2.27054	2.28183	2.32309	2.35046	2.36831	2.37857	2.36692	1.5287	1.64488	1.74692	1.93378	1.97971	-0.551456																			
10.3578	10.3578	10.3578	10.3578	10.3578	10.3578	10.3578	10.3578	10.3579	10.3579	10.3579	10.3579	10.3579	10.3579	10.3581	10.358	10.3581	10.3581	10.3581	10.3581	10.6657	10.6658	10.6657	10.6657	10.6657	10.6658	10.6659	10.6659	10.666	10.6661	2.69469	2.69942	2.78427	2.73645	2.86088	2.89638	2.91069	2.94365	2.96469	2.98928	2.88584	2.90378	2.16307	2.27583	2.22128	2.27381	2.25105	2.26228	2.30349	2.3308	2.35026	2.36027	2.35005	1.4882	1.6141	1.71989	1.90607	1.95437	-0.231911	-1.33556																		
10.3578	10.3578	10.3578	10.3578	10.3578	10.3578	10.3578	10.3578	10.3579	10.3579	10.3579	10.3579	10.3579	10.3579	10.3581	10.3581	10.3581	10.3581	10.3581	10.3581	10.6657	10.6658	10.6658	10.6658	10.6658	10.6658	10.6659	10.6659	10.666	10.6661	2.66691	2.67151	2.75883	2.71037	2.83796	2.87344	2.88809	2.9219	2.9434	2.96858	2.86316	2.88157	2.11513	2.23241	2.17667	2.23057	2.20777	2.21931	2.2618	2.28997	2.31089	2.32104	2.31145	1.39413	1.53599	1.65045	1.84429	1.89634	0.190503	-0.419435	-0.874733																	
10.3579	10.3578	10.3578	10.3578	10.3578	10.3578	10.3579	10.3579	10.358	10.3579	10.3579	10.3579	10.3579	10.358	10.3582	10.3581	10.3581	10.3581	10.3582	10.3582	10.6657	10.6659	10.6658	10.6658	10.6658	10.6658	10.6659	10.6659	10.666	10.6661	2.556	2.56301	2.65853	2.6017	2.74265	2.78626	2.80216	2.83793	2.8613	2.88814	2.77165	2.79152	1.9165	2.06592	1.98692	2.0597	2.0244	2.03936	2.09372	2.12999	2.14851	2.16233	2.14503	0.916918	1.11769	1.28586	1.5705	1.6336	0.992131	0.75416	0.676072	0.469193																
9.52468	9.52462	9.5246	9.52453	9.52455	9.52457	9.52466	9.52467	9.52489	9.52482	9.52478	9.52476	9.52477	9.52495	9.52537	9.52521	9.52523	9.52524	9.52539	9.52536	10.1287	10.1289	10.1288	10.1288	10.1288	10.1288	10.129	10.129	10.1291	10.1293	9.78827	9.78828	9.78835	9.7883	9.78841	9.78846	9.78848	9.78851	9.78853	9.78856	9.78844	9.78846	9.78793	9.78799	9.78796	9.78799	9.78798	9.78798	9.78801	9.78802	9.78803	9.78804	9.78803	9.78769	9.78772	9.78775	9.78782	9.78784	9.7874	9.78744	9.78745	9.78747	9.78755															
9.52473	9.52466	9.52464	9.52457	9.52459	9.52461	9.5247	9.52471	9.52494	9.52487	9.52483	9.52481	9.52481	9.525	9.52541	9.52525	9.52527	9.52529	9.52544	9.52541	10.1287	10.1289	10.1288	10.1288	10.1288	10.1288	10.1291	10.1291	10.1292	10.1293	9.78824	9.78825	9.78832	9.78827	9.78838	9.78843	9.78844	9.78848	9.7885	9.78853	9.78841	9.78843	9.7879	9.78796	9.78793	9.78796	9.78794	9.78795	9.78797	9.78799	9.788	9.78801	9.78799	9.78766	9.78768	9.78771	9.78779	9.78781	9.78737	9.7874	9.78741	9.78744	9.78752	0.0972948														
9.52429	9.52422	9.5242	9.52413	9.52415	9.52417	9.52426	9.52427	9.5245	9.52443	9.52438	9.52437	9.52437	9.52455	9.52497	9.52481	9.52483	9.52484	9.525	9.52497	10.1285	10.1287	10.1286	10.1285	10.1285	10.1286	10.1288	10.1288	10.1289	10.1291	9.78858	9.78859	9.78866	9.78861	9.78872	9.78877	9.78878	9.78882	9.78884	9.78886	9.78875	9.78877	9.78824	9.7883	9.78827	9.7883	9.78828	9.78829	9.78831	9.78833	9.78834	9.78835	9.78833	9.788	9.78802	9.78805	9.78813	9.78814	9.78771	9.78774	9.78775	9.78778	9.78786	1.76763	1.81961													
9.52448	9.52441	9.52439	9.52432	9.52434	9.52437	9.52445	9.52447	9.52469	9.52462	9.52458	9.52456	9.52456	9.52475	9.52516	9.525	9.52503	9.52504	9.52519	9.52516	10.1286	10.1288	10.1287	10.1286	10.1287	10.1287	10.1289	10.1289	10.129	10.1292	9.78843	9.78844	9.78851	9.78846	9.78857	9.78862	9.78863	9.78867	9.78869	9.78872	9.7886	9.78862	9.78809	9.78815	9.78812	9.78815	9.78813	9.78814	9.78817	9.78818	9.78819	9.7882	9.78819	9.78785	9.78788	9.7879	9.78798	9.788	9.78756	9.78759	9.7876	9.78763	9.78771	1.14532	1.23598	1.00824												
9.52406	9.52399	9.52397	9.5239	9.52392	9.52394	9.52403	9.52404	9.52427	9.52419	9.52415	9.52413	9.52414	9.52432	9.52474	9.52458	9.5246	9.52461	9.52477	9.52474	10.1283	10.1285	10.1284	10.1284	10.1284	10.1284	10.1287	10.1287	10.1288	10.129	9.78876	9.78876	9.78884	9.78878	9.7889	9.78895	9.78896	9.78899	9.78902	9.78904	9.78893	9.78894	9.78842	9.78848	9.78844	9.78848	9.78846	9.78847	9.78849	9.78851	9.78852	9.78852	9.78851	9.78818	9.7882	9.78823	9.78831	9.78832	9.78789	9.78792	9.78793	9.78795	9.78804	2.15402	2.22059	1.26958	1.76925											
9.5245	9.52444	9.52442	9.52435	9.52437	9.52439	9.52448	9.52449	9.52471	9.52464	9.5246	9.52458	9.52458	9.52477	9.52519	9.52503	9.52505	9.52506	9.52521	9.52518	10.1286	10.1288	10.1287	10.1287	10.1287	10.1287	10.1289	10.1289	10.129	10.1292	9.78841	9.78842	9.78849	9.78844	9.78855	9.7886	9.78862	9.78865	9.78867	9.7887	9.78858	9.7886	9.78807	9.78813	9.7881	9.78813	9.78812	9.78812	9.78815	9.78816	9.78817	9.78818	9.78817	9.78783	9.78786	9.78789	9.78796	9.78798	9.78754	9.78758	9.78759	9.78761	9.78769	0.994452	1.1317	1.14874	-0.70726	1.81257										
9.52398	9.52391	9.52389	9.52382	9.52384	9.52387	9.52395	9.52397	9.52419	9.52412	9.52408	9.52406	9.52406	9.52425	9.52466	9.5245	9.52453	9.52454	9.52469	9.52466	10.1283	10.1285	10.1284	10.1284	10.1284	10.1284	10.1287	10.1287	10.1288	10.1289	9.78882	9.78882	9.78889	9.78884	9.78895	9.789	9.78902	9.78905	9.78907	9.7891	9.78899	9.789	9.78848	9.78853	9.7885	9.78853	9.78852	9.78852	9.78855	9.78857	9.78857	9.78858	9.78857	9.78823	9.78826	9.78829	9.78836	9.78838	9.78794	9.78798	9.78799	9.78801	9.78809	2.30446	2.3421	1.44488	1.94062	0.876171	1.99365									
9.5242	9.52413	9.52411	9.52404	9.52406	9.52408	9.52417	9.52418	9.52441	9.52434	9.52429	9.52428	9.52428	9.52446	9.52488	9.52472	9.52474	9.52475	9.52491	9.52488	10.1284	10.1286	10.1285	10.1285	10.1285	10.1285	10.1288	10.1288	10.1289	10.129	9.78865	9.78866	9.78873	9.78868	9.78879	9.78884	9.78885	9.78889	9.78891	9.78893	9.78882	9.78884	9.78831	9.78837	9.78834	9.78837	9.78835	9.78836	9.78838	9.7884	9.78841	9.78842	9.7884	9.78807	9.78809	9.78812	9.7882	9.78821	9.78778	9.78781	9.78782	9.78785	9.78793	1.91739	1.98658	0.417335	1.3553	0.726035	1.43275	1.18942								
9.52409	9.52402	9.52401	9.52394	9.52396	9.52398	9.52406	9.52408	9.5243	9.52423	9.52419	9.52417	9.52417	9.52436	9.52478	9.52462	9.52464	9.52465	9.5248	9.52477	10.1284	10.1286	10.1284	10.1284	10.1284	10.1285	10.1287	10.1287	10.1288	10.129	9.78873	9.78874	9.78881	9.78876	9.78887	9.78892	9.78893	9.78897	9.78899	9.78901	9.7889	9.78892	9.78839	9.78845	9.78842	9.78845	9.78843	9.78844	9.78846	9.78848	9.78849	9.7885	9.78848	9.78815	9.78817	9.7882	9.78828	9.78829	9.78786	9.78789	9.7879	9.78793	9.78801	2.09421	2.16708	1.17402	1.6894	-0.640711	1.7329	1.03337	0.540838							
9.52343	9.52336	9.52334	9.52327	9.52329	9.52332	9.5234	9.52342	9.52364	9.52357	9.52353	9.52351	9.52351	9.5237	9.52411	9.52395	9.52398	9.52399	9.52414	9.52411	10.128	10.1282	10.1281	10.1281	10.1281	10.1281	10.1284	10.1284	10.1285	10.1286	9.78924	9.78924	9.78932	9.78926	9.78938	9.78943	9.78944	9.78947	9.7895	9.78952	9.78941	9.78942	9.7889	9.78896	9.78892	9.78896	9.78894	9.78895	9.78897	9.78899	9.789	9.789	9.78899	9.78866	9.78868	9.78871	9.78879	9.7888	9.78837	9.7884	9.78841	9.78843	9.78852	2.84689	2.87816	2.46397	2.66498	2.15402	2.68653	2.03098	2.35074	2.2115						
9.52364	9.52357	9.52355	9.52348	9.5235	9.52352	9.52361	9.52362	9.52385	9.52378	9.52373	9.52371	9.52372	9.5239	9.52432	9.52416	9.52418	9.52419	9.52435	9.52432	10.1281	10.1283	10.1282	10.1282	10.1282	10.1282	10.1285	10.1285	10.1286	10.1287	9.78908	9.78909	9.78916	9.78911	9.78922	9.78927	9.78928	9.78931	9.78934	9.78936	9.78925	9.78927	9.78874	9.7888	9.78877	9.7888	9.78878	9.78879	9.78881	9.78883	9.78884	9.78885	9.78883	9.7885	9.78852	9.78855	9.78863	9.78864	9.78821	9.78824	9.78825	9.78828	9.78836	2.67576	2.70857	2.18675	2.44868	1.79129	2.47758	1.5513	2.04483	1.87527	1.07609					
9.52346	9.52339	9.52337	9.5233	9.52332	9.52334	9.52343	9.52344	9.52367	9.5236	9.52355	9.52354	9.52354	9.52372	9.52414	9.52398	9.524	9.52401	9.52417	9.52414	10.128	10.1282	10.1281	10.1281	10.1281	10.1281	10.1284	10.1284	10.1285	10.1286	9.78922	9.78922	9.78929	9.78924	9.78936	9.78941	9.78942	9.78945	9.78948	9.7895	9.78939	9.7894	9.78888	9.78894	9.7889	9.78894	9.78892	9.78893	9.78895	9.78897	9.78898	9.78898	9.78897	9.78864	9.78866	9.78869	9.78877	9.78878	9.78835	9.78838	9.78839	9.78841	9.7885	2.82661	2.85772	2.43117	2.63919	2.11404	2.66172	1.97739	2.31564	2.17423	-0.842383	0.924661				
9.52365	9.52358	9.52357	9.5235	9.52352	9.52354	9.52362	9.52364	9.52386	9.52379	9.52375	9.52373	9.52373	9.52392	9.52434	9.52418	9.5242	9.52421	9.52436	9.52433	10.1281	10.1283	10.1282	10.1282	10.1282	10.1282	10.1285	10.1285	10.1286	10.1287	9.78907	9.78907	9.78915	9.78909	9.78921	9.78926	9.78927	9.7893	9.78933	9.78935	9.78924	9.78925	9.78873	9.78879	9.78875	9.78879	9.78877	9.78878	9.7888	9.78882	9.78883	9.78883	9.78882	9.78849	9.78851	9.78854	9.78862	9.78863	9.7882	9.78823	9.78824	9.78826	9.78835	2.65226	2.69053	2.16884	2.42777	1.71781	2.45438	1.55366	2.00905	1.80569	1.11451	0.0768305	0.997995			
9.52328	9.52321	9.5232	9.52312	9.52315	9.52317	9.52325	9.52327	9.52349	9.52342	9.52338	9.52336	9.52336	9.52355	9.52397	9.52381	9.52383	9.52384	9.52399	9.52396	10.1279	10.1281	10.128	10.128	10.128	10.128	10.1283	10.1283	10.1284	10.1285	9.78935	9.78936	9.78943	9.78938	9.78949	9.78954	9.78955	9.78959	9.78961	9.78964	9.78952	9.78954	9.78901	9.78907	9.78904	9.78907	9.78905	9.78906	9.78909	9.7891	9.78911	9.78912	9.78911	9.78877	9.7888	9.78882	9.7889	9.78892	9.78848	9.78851	9.78853	9.78855	9.78863	2.95817	2.98651	2.62357	2.7975	2.36507	2.81634	2.2657	2.52804	2.41158	0.711004	1.59459	0.881987	1.62507		
9.52339	9.52332	9.52331	9.52323	9.52326	9.52328	9.52336	9.52338	9.5236	9.52353	9.52349	9.52347	9.52347	9.52366	9.52408	9.52392	9.52394	9.52395	9.5241	9.52407	10.128	10.1282	10.1281	10.1281	10.1281	10.1281	10.1283	10.1283	10.1284	10.1286	9.78927	9.78927	9.78935	9.78929	9.78941	9.78946	9.78947	9.7895	9.78953	9.78955	9.78944	9.78945	9.78893	9.78899	9.78895	9.78899	9.78897	9.78898	9.789	9.78902	9.78903	9.78903	9.78902	9.78869	9.78871	9.78874	9.78882	9.78883	9.7884	9.78843	9.78844	9.78846	9.78855	2.87763	2.90757	2.50697	2.70099	2.21487	2.72205	2.09401	2.39994	2.26919	-0.596794	1.22617	-0.110147	1.27756	0.419165	
9.52333	9.52326	9.52324	9.52317	9.52319	9.52321	9.5233	9.52331	9.52354	9.52347	9.52342	9.52341	9.52341	9.52359	9.52401	9.52385	9.52387	9.52388	9.52404	9.52401	10.1279	10.1281	10.128	10.128	10.128	10.128	10.1283	10.1283	10.1284	10.1286	9.78932	9.78932	9.78939	9.78934	9.78946	9.7895	9.78952	9.78955	9.78957	9.7896	9.78949	9.7895	9.78898	9.78904	9.789	9.78903	9.78902	9.78903	9.78905	9.78907	9.78908	9.78908	9.78907	9.78874	9.78876	9.78879	9.78886	9.78888	9.78845	9.78848	9.78849	9.78851	9.7886	2.9368	2.96112	2.57901	2.76504	2.33472	2.78691	2.19166	2.48946	2.38419	0.795135	1.46726	0.840669	1.58286	0.600571	0.575378