KP0613_LM_SB20,-1.719255566597,-6.124556064606,-10.113492965698
KP0613_LM_SB20_left,-0.591117441654,-5.785963058472,-10.619864463806
KP0613_LM_SB20_right,-2.608252525330,-6.630927562714,-10.778532981873
KP0614_LM_SB20,-2.805638790131,2.969633817673,-14.492430686951
KP0614_LM_SB20_left,-3.513951778412,2.763137578964,-14.443083763123
KP0614_LM_SB20_right,-1.917400956154,2.870940685272,-14.321615219116
KP0615_AC_SB20,-7.020593643188,-2.133558750153,-13.289134025574
KP0615_AC_SB20_left,-6.928732872009,-2.091804027557,-13.413639068604
KP0615_AC_SB20_right,-7.108658313751,-2.252749681473,-13.225362777710
KP0616_LM_SB20,0.143766611814,5.478716373444,-15.010190010071
KP0616_LM_SB20_left,-0.238099783659,5.074833869934,-14.791546821594
KP0616_LM_SB20_right,0.536261498928,5.832492828369,-14.868223190308
KP0617_LM_SB20,-8.485047340393,0.172063887119,-14.534944534302
KP0617_LM_SB20_left,-9.339881896973,0.601758480072,-15.474806785583
KP0617_LM_SB20_right,-7.262771129608,-0.108831875026,-14.193314552307
KP0618_LM_SB20,1.169415712357,9.925979614258,-11.280349731445
KP0618_LM_SB20_left,1.459421634674,10.616830825806,-11.186211585999
KP0618_LM_SB20_right,1.002396583557,9.263976097107,-11.811014175415
KP0619_AC_SB20,-7.476100444794,1.847569108009,-14.349704742432
KP0619_AC_SB20_left,-7.914145946503,1.694974422455,-14.404365539551
KP0619_AC_SB20_right,-7.056274890900,1.760263681412,-14.420308113098
KP0620_LM_SB20,2.374230861664,10.496121406555,-12.343956947327
KP0620_LM_SB20_left,1.674268960953,11.546823501587,-12.305998802185
KP0620_LM_SB20_right,2.743950366974,10.028468132019,-11.812533378601
KP0621_LM_SB20,-5.616114616394,2.747953891754,-14.761938095093
KP0621_LM_SB20_left,-5.091523170471,2.884605884552,-14.147004127502
KP0621_LM_SB20_right,-6.297856330872,2.315981864929,-14.916051864624
KP0622_AC_SB20_left_X,0.112640328705,12.542105674744,-11.315271377563
KP0622_AC_SB20_right_X,0.238663822412,12.702292442322,-11.298569679260
KP0622_AC_SB20_X,0.157431811094,12.625615119934,-11.320586204529
KP0623_LM_SB20,-8.639160156250,5.555393218994,-17.310497283936
KP0623_LM_SB20_left,-8.024985313416,6.985683917999,-16.924076080322
KP0623_LM_SB20_right,-8.316510200500,4.009707450867,-17.455501556396
KP0624_AC_SB20,3.765044450760,12.129113197327,-10.156006813049
KP0624_AC_SB20_left,3.211603879929,13.223847389221,-10.356430053711
KP0624_AC_SB20_right,4.771714210510,11.610594749451,-9.974563598633
KP0625_AC_SB20_left_X,-5.814260005951,8.111544609070,-12.526919364929
KP0625_AC_SB20_right_X,-5.523495197296,7.915676593781,-12.594486236572
KP0625_AC_SB20_X,-5.635853290558,8.042459487915,-12.562600135803
KP0626_AC_SB20,4.686686038971,12.630170822144,-9.823487281799
KP0626_AC_SB20_left,3.799966573715,12.805540084839,-9.886499404907
KP0626_AC_SB20_right,5.501283645630,12.598284721375,-9.905478477478
KP0627_AC_SB20_left_X,-1.723810553551,12.509461402893,-12.024343490601
KP0627_AC_SB20_left_X,-2.013057231903,12.495796203613,-12.022825241089
KP0627_AC_SB20_X,-1.883237957954,12.514775276184,-11.957535743713
KP0628_AC_SB20,5.908962249756,13.928363800049,-10.339728355408
KP0628_AC_SB20_left,5.741943359375,14.207741737366,-10.178782463074
KP0628_AC_SB20_right,6.031189918518,13.631525993347,-10.419442176819
KP0629_LM_SB20,-0.005032220390,15.986495018005,-12.186807632446
KP0629_LM_SB20_left,0.108844436705,16.631036758423,-11.927927970886
KP0629_LM_SB20_right,-0.326923578978,15.317659378052,-11.815569877625
KP0630_AC_SB20,3.081784486771,14.431698799133,-10.726908683777
KP0630_AC_SB20_left,3.096967935562,14.588089942932,-10.738296508789
KP0630_AC_SB20_right,3.049898862839,14.222925186157,-10.689708709717
KP0631_LM_SB20,-2.161097049713,16.911931991577,-15.847562789917
KP0631_LM_SB20_left,-2.164892911911,17.983892440796,-16.234743118286
KP0631_LM_SB20_right,-2.195260047913,16.382026672363,-14.945659637451
KP0632_AC_SB20,4.978969573975,13.687705039978,-9.494763374329
KP0632_AC_SB20_left,4.887868404388,13.738570213318,-9.639007568359
KP0632_AC_SB20_right,5.070829868317,13.610268592834,-9.607121467590
KP0633_AC_SB20,12.423466682434,-45.714157104492,8.383872032166
KP0633_AC_SB20_left,11.685545921326,-45.725543975830,8.087033271790
KP0633_AC_SB20_right,13.266153335571,-45.679233551025,8.556964874268
KP0634_LM_SB20_left_X,3.866014957428,19.512876510620,-13.806133270264
KP0634_LM_SB20_right_X,4.143115043640,18.646654129028,-13.658853530884
KP0634_LM_SB20_X,3.984446763992,19.103679656982,-13.683906555176
KP0635_AC_SB20,8.260135650635,-45.635200500488,5.765468120575
KP0635_AC_SB20_left,8.652630805969,-45.654182434082,5.422319889069
KP0635_AC_SB20_right,7.542712688446,-45.809051513672,5.690309524536
KP0636_AC_SB20,15.164097785950,-46.415637969971,10.687976837158
KP0636_AC_SB20_left,15.082865715027,-46.058063507080,10.398729324341
KP0636_AC_SB20_right,15.532299041748,-46.759544372559,10.490590095520
KP0637_LM_SB20,5.226461410522,-40.686882019043,2.478228569031
KP0637_LM_SB20_left,4.409586429596,-39.984642028809,1.856461882591
KP0637_LM_SB20_right,5.903647899628,-41.398231506348,2.323356151581
KP0638_AC_SB20,16.386373519897,-44.835029602051,8.411961555481
KP0638_AC_SB20_left,17.321680068970,-44.572353363037,8.502304077148
KP0638_AC_SB20_right,15.650731086731,-45.232837677002,8.472695350647
KP0639_LM_SB20,5.440549373627,-38.320526123047,2.539721965790
KP0639_LM_SB20_left,5.234053134918,-36.226711273193,2.430400371552
KP0639_LM_SB20_right,6.047891616821,-40.282997131348,2.825172662735
KP0640_AC_SB20,18.607728958130,-46.547733306885,8.194836616516
KP0640_AC_SB20_left,19.216588973999,-46.147647857666,8.022503852844
KP0640_AC_SB20_right,18.048973083496,-47.271987915039,8.908463478088
KP0641_LM_SB20,3.832611083984,-38.057849884033,1.156500101089
KP0641_LM_SB20_left,4.257750511169,-37.593231201172,1.541403174400
KP0641_LM_SB20_right,3.412026643753,-38.562702178955,1.233936190605
KP0642_AC_SB20,16.207967758179,-42.968212127686,7.826635360718
KP0642_AC_SB20_left,16.001470565796,-42.793598175049,7.733256816864
KP0642_AC_SB20_right,16.388650894165,-43.099548339844,7.614824771881
KP0643_AC_SB20,1.162583112717,-36.761932373047,0.286482393742
KP0643_AC_SB20_left,1.593796014786,-36.442317962646,0.227266535163
KP0643_AC_SB20_right,0.868781328201,-37.209846496582,0.510439813137
KP0644_AC_SB20,15.123861312866,-42.535480499268,6.191366672516
KP0644_AC_SB20_left,15.544445991516,-42.298614501953,6.249064445496
KP0644_AC_SB20_right,14.721497535706,-42.760196685791,6.178460597992
KP0645_AC_SB20_left_X,2.018176317215,-25.528379440308,0.562063932419
KP0645_AC_SB20_right_X,1.979458332062,-25.898099899292,0.663793742657
KP0645_AC_SB20_X,1.996919393539,-25.709064483643,0.527141749859
KP0646_AC_SB20,13.281336784363,-40.996623992920,6.513257980347
KP0646_AC_SB20_left,13.630558967590,-41.114299774170,6.409250736237
KP0646_AC_SB20_right,13.124187469482,-41.369380950928,6.545143604279
KP0647_AC_SB20,-2.952160120010,-23.608419418335,-1.584890723228
KP0647_AC_SB20_left,-2.369870901108,-23.547685623169,-1.513527989388
KP0647_AC_SB20_right,-3.286957502365,-24.006227493286,-1.940185904503
KP0648_AC_SB20,13.739121437073,-40.093963623047,5.562767505646
KP0648_AC_SB20_left,13.570584297180,-39.772830963135,5.447372436523
KP0648_AC_SB20_right,13.771765708923,-40.548709869385,5.427633762360
KP0649_AC_SB20,0.732129335403,-20.448720932007,-3.396288633347
KP0649_AC_SB20_left,1.127660989761,-19.805698394775,-3.609617710114
KP0649_AC_SB20_right,0.546130836010,-21.065933227539,-2.978740930557
KP0650_LM_SB20,15.791937828064,-32.379199981689,4.802071571350
KP0650_LM_SB20_left,15.007707595825,-32.968322753906,4.239521026611
KP0650_LM_SB20_right,16.734077453613,-31.912305831909,5.118648529053
KP0651_AC_SB20,-1.024607896805,-19.765460968018,-3.739437103271
KP0651_AC_SB20_left,-0.969947099686,-19.510377883911,-3.433488368988
KP0651_AC_SB20_right,-1.060289263725,-20.075206756592,-3.684776306152
KP0652_AC_SB20,11.037207603455,-30.132793426514,2.878315210342
KP0652_AC_SB20_left,11.140456199646,-29.993862152100,2.631582498550
KP0652_AC_SB20_right,10.873225212097,-30.260334014893,3.025595664978
KP0653_GR_SB20_left_X,1.276459813118,-39.828250885010,0.048859767616
KP0653_GR_SB20_right_X,1.639346718788,-40.174434661865,0.310016900301
KP0653_GR_X,1.463217496872,-39.955791473389,0.204491198063
KP0654_AC_SB20,9.061827659607,-28.402626037598,2.364351749420
KP0654_AC_SB20_left,8.994260787964,-27.540960311890,2.516187429428
KP0654_AC_SB20_right,9.058790206909,-29.186857223511,2.567052364349
KP0655_LM_SB20,-7.543666839600,-20.189083099365,-6.656957149506
KP0655_LM_SB20_left,-6.629617214203,-19.206707000732,-6.106553077698
KP0655_LM_SB20_right,-8.420516967773,-21.287612915039,-7.267335891724
KP0656_AC_SB20,10.979510307312,-28.651636123657,2.541999340057
KP0656_AC_SB20_left,11.435016632080,-28.418569564819,2.206442832947
KP0656_AC_SB20_right,10.577905654907,-29.158767700195,2.931457519531
KP0657_LM_SB20,21.308122634888,-75.973464965820,18.702615737915
KP0657_LM_SB20_left,21.484252929688,-75.354728698730,18.532560348511
KP0657_LM_SB20_right,20.947513580322,-76.470726013184,19.016155242920
KP0658_AC_SB20,12.910858154297,-27.913715362549,1.320482492447
KP0658_AC_SB20_left,12.478886604309,-27.854499816895,1.515591144562
KP0658_AC_SB20_right,13.332201957703,-28.075420379639,1.058566093445
KP0659_LM_SB20,19.038940429688,-75.640945434570,18.729946136475
KP0659_LM_SB20_left,19.021480560303,-75.613609313965,18.550020217896
KP0659_LM_SB20_right,19.009332656860,-75.744949340820,18.877985000610
KP0660_AC_SB20,14.107322692871,-29.540634155273,2.642210960388
KP0660_AC_SB20_left,14.252325057983,-29.482177734375,2.580717563629
KP0660_AC_SB20_right,13.923601150513,-29.652992248535,2.614121198654
KP0661_AC_SB20,15.035797119141,-72.379516601562,14.795127868652
KP0661_AC_SB20_left,15.126138687134,-72.349906921387,14.672900199890
KP0661_AC_SB20_right,14.814117431641,-72.409126281738,14.713136672974
KP0662_AC_SB20,11.930760383606,-20.794147491455,4.517379760742
KP0662_AC_SB20_left,12.689178466797,-20.576263427734,4.392874717712
KP0662_AC_SB20_right,11.258128166199,-21.100095748901,4.455886363983
KP0663_AC_SB20,16.369672775269,-69.545501708984,16.283115386963
KP0663_AC_SB20_left,15.060091018677,-69.436943054199,16.363588333130
KP0663_AC_SB20_right,17.484144210815,-69.344322204590,16.412935256958
KP0664_LM_SB20,5.199890136719,-22.535701751709,-2.708473682404
KP0664_LM_SB20_left,6.239963531494,-22.792303085327,-2.297758579254
KP0664_LM_SB20_right,4.341260433197,-22.106006622314,-3.356811523438
KP0665_AC_SB20,17.538805007935,-65.827049255371,16.536682128906
KP0665_AC_SB20_left,17.004344940186,-65.365470886230,16.425083160400
KP0665_AC_SB20_right,18.143112182617,-66.367584228516,16.462282180786
KP0666_LM_SB20,5.378296852112,-19.982585906982,-2.938504695892
KP0666_LM_SB20_left,6.908040046692,-19.821640014648,-2.664441347122
KP0666_LM_SB20_right,3.967744827271,-20.211858749390,-3.285448789597
KP0667_AC_SB20_left＿X,15.448789596558,-64.633621215820,15.804075241089
KP0667_AC_SB20_right＿X,15.419940948486,-65.065597534180,15.827610015869
KP0667_AC_SB20＿X,15.439679145813,-64.837081909180,15.823813438416
KP0668_AC_SB20,5.821656703949,-16.825925827026,-3.188274145126
KP0668_AC_SB20_left,6.176192760468,-17.150854110718,-3.760694026947
KP0668_AC_SB20_right,5.282640457153,-16.423561096191,-3.092617750168
KP0669_AC_SB20_left_X,16.194301605225,-63.998950958252,16.018163681030
KP0669_AC_SB20_right_X,15.928589820862,-64.280609130859,15.997665405273
KP0669_AC_SB20_X,16.046262741089,-64.130287170410,15.961224555969
KP0670_LM_SB20,5.704743385315,-15.713729858398,-4.431047916412
KP0670_LM_SB20_left,5.666025161743,-15.442703247070,-4.619324207306
KP0670_LM_SB20_right,5.744979858398,-15.924022674561,-4.282248973846
KP0671_AC_SB20_left_X,17.115184783936,-62.770603179932,15.316682815552
KP0671_AC_SB20_right_X,17.014213562012,-63.623916625977,15.411580085754
KP0671_AC_SB20_X,16.958034515381,-63.114509582520,15.467000007629
KP0672_AC_SB20,1.690970778465,-16.169996261597,-3.038716077805
KP0672_AC_SB20_left,1.240019202232,-16.169237136841,-2.982536792755
KP0672_AC_SB20_right,2.103204250336,-16.180624008179,-3.116152048111
KP0673_AC_SB20_left_X,15.970344543457,-63.748424530029,15.085133552551
KP0673_AC_SB20_right_X,16.326398849487,-63.655803680420,15.016048431396
KP0673_AC_SB20_X,16.144195556641,-63.697559356689,15.095762252808
KP0674_AC_SB20,2.192787408829,-14.888504028320,-3.334795236588
KP0674_AC_SB20_left,1.474605202675,-14.526375770569,-3.458541393280
KP0674_AC_SB20_right,2.761411428452,-15.194452285767,-3.455504655838
KP0676_LM_SB20,28.011663436890,-72.361297607422,19.628812789917
KP0676_LM_SB20_left,27.700399398804,-71.142814636230,18.524967193604
KP0676_LM_SB20_right,27.935745239258,-74.283531188965,19.355508804321
KP0678_AC_SB20,23.524162292480,-71.846572875977,17.481857299805
KP0678_AC_SB20_left,23.168867111206,-71.860237121582,17.150856018066
KP0678_AC_SB20_right,23.935636520386,-71.911102294922,17.226774215698
KP0679_AC_SB20,36.388427734375,-95.702972412109,32.411846160889
KP0679_AC_SB20_left,36.131069183350,-95.843421936035,32.572792053223
KP0679_AC_SB20_right,36.578983306885,-95.473701477051,32.462711334229
KP0680_LM_SB20,20.889816284180,-67.795600891113,15.498126029968
KP0680_LM_SB20_left,19.829244613647,-67.377288818359,15.901249885559
KP0680_LM_SB20_right,21.973163604736,-68.358146667480,15.450298309326
KP0681_AC_SB20,34.854888916016,-95.513175964355,31.541830062866
KP0681_AC_SB20_left,35.116806030273,-95.783447265625,31.606359481812
KP0681_AC_SB20_right,34.598289489746,-95.452445983887,31.178182601929
KP0682_LM_SB20,24.066974639893,-67.909477233887,17.218423843384
KP0682_LM_SB20_left,23.357143402100,-67.954269409180,16.759120941162
KP0682_LM_SB20_right,24.691019058228,-67.736381530762,17.705814361572
KP0683_AC_SB20,36.469661712646,-93.511222839355,30.390155792236
KP0683_AC_SB20_left,36.754352569580,-93.260696411133,30.123685836792
KP0683_AC_SB20_right,36.168266296387,-93.953826904297,30.646759033203
KP0684_LM_SB20,21.115291595459,-73.876609802246,18.103624343872
KP0684_LM_SB20_left,21.230686187744,-73.589645385742,17.782491683960
KP0684_LM_SB20_right,21.021913528442,-74.254684448242,17.890295028687
KP0685_AC_SB20,28.618246078491,-95.964889526367,29.211912155151
KP0685_AC_SB20_left,28.193864822388,-95.270240783691,29.114738464355
KP0685_AC_SB20_right,29.002389907837,-96.809852600098,28.924943923950
KP0686_AC_SB20,24.511093139648,-53.571643829346,14.795127868652
KP0686_AC_SB20_left,24.661411285400,-53.701465606689,14.587113380432
KP0686_AC_SB20_right,24.309152603149,-53.803955078125,14.903690338135
KP0687_AC_SB20,30.413700103760,-95.023506164551,28.741981506348
KP0687_AC_SB20_left,29.489023208618,-94.996177673340,29.177749633789
KP0687_AC_SB20_right,31.235130310059,-94.768424987793,28.199169158936
KP0688_AC_SB20,19.101953506470,-53.557979583740,13.963828086853
KP0688_AC_SB20_left,18.072507858276,-53.917072296143,13.728483200073
KP0688_AC_SB20_right,19.579475402832,-53.264179229736,13.276013374329
KP0689_AC_SB20,28.729845046997,-92.581230163574,28.725280761719
KP0689_AC_SB20_left,28.767803192139,-92.472671508789,29.052486419678
KP0689_AC_SB20_right,28.499053955078,-92.841629028320,28.595460891724
KP0690_AC_SB20,16.140399932861,-51.919673919678,12.985248565674
KP0690_AC_SB20_left,16.683971405029,-50.865177154541,12.043108940125
KP0690_AC_SB20_right,16.163934707642,-53.380332946777,12.559349060059
KP0691_AC_SB20,28.653926849365,-91.229896545410,28.904445648193
KP0691_AC_SB20_left,29.040348052979,-91.308853149414,28.712373733521
KP0691_AC_SB20_right,28.650890350342,-91.617080688477,28.630382537842
KP0692_AC_SB20,16.934499740601,-57.533035278320,13.948644638062
KP0692_AC_SB20_left,16.050817489624,-57.437377929688,13.934220314026
KP0692_AC_SB20_right,17.620037078857,-57.370571136475,13.734556198120
KP0693_AC_SB20,27.630556106567,-91.800796508789,27.190221786499
KP0693_AC_SB20_left,27.482515335083,-91.006698608398,26.765842437744
KP0693_AC_SB20_right,28.048862457275,-92.522773742676,27.662431716919
KP0694_LM_SB20,12.451556205750,-63.201057434082,9.224281311035
KP0694_LM_SB20_left,12.269352912903,-61.535419464111,8.419553756714
KP0694_LM_SB20_right,14.003314971924,-63.042388916016,10.695568084717
KP0695_AC_SB20,29.582401275635,-90.741744995117,28.082256317139
KP0695_AC_SB20_left,29.850391387939,-90.382652282715,28.052648544312
KP0695_AC_SB20_right,29.288599014282,-90.675697326660,28.314565658569
KP0696_AC_SB20,13.744435310364,-58.822879791260,13.171246528625
KP0696_AC_SB20_left,13.491629600525,-58.719631195068,13.197817802429
KP0696_AC_SB20_right,13.938025474548,-58.836544036865,13.136324882507
KP0697_AC_SB20,29.696277618408,-89.649291992188,26.897939682007
KP0697_AC_SB20_left,29.983247756958,-89.806442260742,26.079545974731
KP0697_AC_SB20_right,29.066919326782,-89.927909851074,26.724845886230
KP0698_AC_SB20,14.826263427734,-53.444103240967,11.753102302551
KP0698_AC_SB20_left,15.295435905457,-52.220310211182,10.995443344116
KP0698_AC_SB20_right,14.524110794067,-54.767349243164,12.324004173279
KP0699_AC_SB20,29.016054153442,-89.188468933105,26.303503036499
KP0699_AC_SB20_left,29.180036544800,-89.252998352051,26.065120697021
KP0699_AC_SB20_right,28.805004119873,-89.160377502441,26.484188079834
KP0700_LM_SB20,13.240341186523,-54.018043518066,9.226559638977
KP0700_LM_SB20_left,12.683864593506,-52.800319671631,7.960250854492
KP0700_LM_SB20_right,13.427099227905,-54.849342346191,10.563470840454
KP0702_AC_SB20,26.418148040771,-105.983757019043,32.646434783936
KP0702_AC_SB20_left,26.897190093994,-105.440185546875,32.796749114990
KP0702_AC_SB20_right,25.956567764282,-106.427116394043,32.879501342773
KP0703_AC_SB20,30.991436004639,-86.513122558594,25.421339035034
KP0703_AC_SB20_left,30.868448257446,-86.015861511230,25.126018524170
KP0703_AC_SB20_right,31.304975509644,-86.953453063965,25.622520446777
KP0704_AC_SB20,27.389896392822,-103.002464294434,30.761394500732
KP0704_AC_SB20_left,26.989049911499,-101.892547607422,31.244232177734
KP0704_AC_SB20_right,27.867418289185,-103.659912109375,31.204753875732
KP0705_AC_SB20_X,28.839166641235,-86.161628723145,25.340106964111
KP0705_AC_SB20_left_X,29.013017654419,-86.178329467773,25.246726989746
KP0705_AC_SB20_right_X,28.705551147461,-86.199584960938,25.312017440796
KP0706_LM_SB20,28.226509094238,-99.315902709961,28.008615493774
KP0706_LM_SB20_left,28.086061477661,-98.391220092773,27.862094879150
KP0706_LM_SB20_right,28.438320159912,-100.135810852051,28.483102798462
KP0707_LM_SB20,33.046527862549,-85.333366394043,24.353176116943
KP0707_LM_SB20_left,32.293426513672,-84.590126037598,23.650936126709
KP0707_LM_SB20_right,34.075214385986,-86.135055541992,24.897506713867
KP0708_AC_SB20,25.924682617188,-100.267150878906,29.189897537231
KP0708_AC_SB20_left,25.489673614502,-100.086463928223,28.969736099243
KP0708_AC_SB20_right,26.309585571289,-100.536659240723,29.371339797974
KP0709_AC_SB20,33.343368530273,-83.774009704590,25.857866287231
KP0709_AC_SB20_left,32.896213531494,-83.571311950684,25.746267318726
KP0709_AC_SB20_right,33.738899230957,-83.917495727539,25.824460983276
KP0710_AC_SB20,26.800014495850,-97.900032043457,27.914478302002
KP0710_AC_SB20_left,25.996046066284,-97.708717346191,27.439233779907
KP0710_AC_SB20_right,27.276020050049,-98.251533508301,28.374540328979
KP0711_AC_SB20,33.338054656982,-80.663658142090,26.285282135010
KP0711_AC_SB20_left,32.940242767334,-80.504234313965,26.557067871094
KP0711_AC_SB20_right,33.387401580811,-80.592300415039,25.898101806641
KP0712_AC_SB20,26.800014495850,-94.802589416504,28.056444168091
KP0712_AC_SB20_left,27.118869781494,-93.577278137207,27.509836196899
KP0712_AC_SB20_right,26.774202346802,-96.185050964355,28.210557937622
KP0714_AC_SB20,21.625459671021,-93.501358032227,25.151071548462
KP0714_AC_SB20_left,22.134868621826,-93.237159729004,25.368955612183
KP0714_AC_SB20_right,21.123643875122,-93.881706237793,24.813236236572
KP0715_LM_SB20,23.259210586548,-82.954101562500,19.826198577881
KP0715_LM_SB20_left,22.841661453247,-82.414329528809,19.659179687500
KP0715_LM_SB20_right,23.908306121826,-83.252456665039,20.047119140625
KP0716_LM_SB20,24.610546112061,-84.799659729004,24.101127624512
KP0716_LM_SB20_left,24.087472915649,-84.822441101074,22.351982116699
KP0716_LM_SB20_right,25.004560470581,-84.770812988281,25.786502838135
KP0717_AC_SB20,34.897403717041,-141.349288940430,50.168254852295
KP0717_AC_SB20_left,34.190608978271,-140.754852294922,49.919242858887
KP0717_AC_SB20_right,35.516895294189,-141.770629882812,50.099170684814
KP0718_LM_SB20,21.345323562622,-82.632209777832,19.725986480713
KP0718_LM_SB20_left,21.947351455688,-82.444694519043,19.700933456421
KP0718_LM_SB20_right,20.578554153442,-82.866035461426,19.568078994751
KP0719_AC_SB20,33.908954620361,-136.996170043945,48.308269500732
KP0719_AC_SB20_left,34.259696960449,-136.324295043945,47.364612579346
KP0719_AC_SB20_right,33.564289093018,-138.267791748047,48.612701416016
KP0720_AC_SB20,40.152431488037,-140.642501831055,50.314018249512
KP0720_AC_SB20_left,39.874572753906,-140.260635375977,50.007308959961
KP0720_AC_SB20_right,39.913291931152,-141.370544433594,49.995162963867
KP0721_AC_SB20,36.137901306152,-137.306671142578,48.980899810791
KP0721_AC_SB20_left,36.198635101318,-137.008316040039,48.661285400391
KP0721_AC_SB20_right,36.168266296387,-137.722702026367,49.163105010986
KP0722_AC_SB20,37.046638488770,-135.912063598633,48.121513366699
KP0722_AC_SB20_left,37.212139129639,-135.885482788086,47.642471313477
KP0722_AC_SB20_right,36.755111694336,-136.117797851562,47.637916564941
KP0723_AC_SB20,34.406215667725,-134.673843383789,45.153125762939
KP0723_AC_SB20_left,35.680118560791,-134.671569824219,45.210823059082
KP0723_AC_SB20_right,33.157367706299,-134.478729248047,45.507663726807
KP0724_AC_SB20,39.865463256836,-135.059509277344,46.455116271973
KP0724_AC_SB20_left,40.442440032959,-134.941833496094,46.111968994141
KP0724_AC_SB20_right,39.337074279785,-135.456558227539,46.648708343506
KP0725_LM_SB20,29.426769256592,-135.761749267578,42.112621307373
KP0725_LM_SB20_left,29.936937332153,-135.888534545898,42.215110778809
KP0725_LM_SB20_right,28.891550064087,-135.562835693359,41.870441436768
KP0726_AC_SB20,36.222167968750,-135.289535522461,44.964092254639
KP0726_AC_SB20_left,36.485603332520,-134.774810791016,44.305885314941
KP0726_AC_SB20_right,35.774253845215,-136.055541992188,45.719474792480
KP0727_AC_SB20,29.460933685303,-132.901168823242,42.436031341553
KP0727_AC_SB20_left,29.256713867188,-132.825241088867,42.449695587158
KP0727_AC_SB20_right,29.607454299927,-132.971771240234,42.349483489990
KP0728_AC_SB20,39.925437927246,-132.193603515625,45.629131317139
KP0728_AC_SB20_left,40.270103454590,-131.680404663086,44.836547851562
KP0728_AC_SB20_right,39.841930389404,-133.245071411133,45.585098266602
KP0729_LM_SB20,27.802129745483,-120.272239685059,34.796424865723
KP0729_LM_SB20_left,29.324281692505,-119.398429870605,35.037841796875
KP0729_LM_SB20_right,26.724096298218,-121.571197509766,34.578540802002
KP0730_AC_SB20,36.403614044189,-133.638320922852,44.124439239502
KP0730_AC_SB20_left,36.254814147949,-133.500152587891,43.996139526367
KP0730_AC_SB20_right,36.519008636475,-133.744613647461,44.172267913818
KP0731_LM_SB20,26.921483993530,-118.964179992676,32.340484619141
KP0731_LM_SB20_left,26.607942581177,-117.850463867188,32.434623718262
KP0731_LM_SB20_right,26.952610015869,-120.214546203613,32.643394470215
KP0732_LM_SB20,37.802776336670,-131.127716064453,43.583148956299
KP0732_LM_SB20_left,37.871105194092,-130.856704711914,43.665897369385
KP0732_LM_SB20_right,37.649425506592,-131.402542114258,43.560371398926
KP0733_LM_SB20,24.463266372681,-119.665657043457,33.145973205566
KP0733_LM_SB20_left,25.485877990723,-119.702857971191,32.761070251465
KP0733_LM_SB20_right,23.401176452637,-119.641365051270,33.427627563477
KP0734_AC_SB20,38.137573242188,-127.397880554199,45.235118865967
KP0734_AC_SB20_left,38.581695556641,-127.189865112305,45.877384185791
KP0734_AC_SB20_right,37.785316467285,-127.311340332031,44.954982757568
KP0736_AC_SB20,39.309745788574,-123.003005981445,44.366619110107
KP0736_AC_SB20_left,38.631038665771,-122.360740661621,44.029544830322
KP0736_AC_SB20_right,39.901145935059,-123.409919738770,44.873748779297
