KP0287_LM_WP20,-4.422354221344,-66.075271606445,13.175002098083
KP0287_LM_WP20_left,-5.336159229279,-66.518203735352,13.052043914795
KP0287_LM_WP20_right,-3.707658290863,-65.922973632812,13.067413330078
KP0288_LM_WP20,-3.903972625732,-66.938774108887,12.624484062195
KP0288_LM_WP20_left,-5.007803916931,-67.481613159180,13.091167449951
KP0288_LM_WP20_right,-3.197660207748,-66.622299194336,12.562306404114
KP0289_AC_WP20,-4.169451236725,-67.604568481445,13.443973541260
KP0289_AC_WP20_left,-4.362272262573,-67.796691894531,13.270714759827
KP0289_AC_WP20_right,-3.471522331238,-67.681419372559,13.447466850281
KP0290_LM_WP20,-5.416501045227,-68.718177795410,13.184782981873
KP0290_LM_WP20_left,-5.960033416748,-68.650413513184,13.133783340454
KP0290_LM_WP20_right,-4.882050991058,-68.753112792969,13.263029098511
KP0291_AC_WP20,-4.056972026825,-69.474098205566,13.936506271362
KP0291_AC_WP20_left,-3.825027704239,-69.069587707520,14.670763969421
KP0291_AC_WP20_right,-4.008766651154,-69.266601562500,14.387121200562
KP0292_AC_WP20,-3.440782546997,-69.029067993164,15.718006134033
KP0292_AC_WP20_left,-3.523919343948,-69.138755798340,15.864718437195
KP0292_AC_WP20_right,-3.393974542618,-69.196739196777,15.436459541321
KP0293_LM_WP20,1.367171764374,-73.206863403320,14.504490852356
KP0293_LM_WP20_left,0.137587398291,-72.844276428223,14.713379859924
KP0293_LM_WP20_right,1.796129107475,-74.015174865723,13.969342231750
KP0294_AC_WP20,0.009039934725,-76.817367553711,16.416633605957
KP0294_AC_WP20_left,-0.248753607273,-76.920768737793,16.671632766724
KP0294_AC_WP20_right,0.286395043135,-76.791519165039,16.127401351929
KP0295_AC_WP20,0.837612152100,-76.612670898438,17.922874450684
KP0295_AC_WP20_left,0.291285455227,-76.055862426758,18.421695709229
KP0295_AC_WP20_right,1.316172003746,-77.071670532227,18.029764175415
KP0296_AC_WP20,0.570037841797,-78.164321899414,19.122417449951
KP0296_AC_WP20_left,0.702777028084,-78.296363830566,18.914226531982
KP0296_AC_WP20_right,0.507161319256,-78.076995849609,18.923309326172
KP0297_AC_WP20,-0.011220263317,-78.353652954102,18.979200363159
KP0297_AC_WP20_left,0.163436606526,-78.373908996582,18.881391525269
KP0297_AC_WP20_right,-0.170507326722,-78.290077209473,18.734680175781
KP0298_AC_WP20,-0.687491655350,-78.742088317871,17.669273376465
KP0298_AC_WP20_left,-1.052175283432,-78.790290832520,17.598711013794
KP0298_AC_WP20_right,-0.468821287155,-78.809852600098,17.578451156616
KP0299_AC_WP20,0.460353285074,-78.887405395508,19.085390090942
KP0299_AC_WP20_left,0.602174699306,-79.005470275879,19.120323181152
KP0299_AC_WP20_right,0.273819744587,-78.745582580566,19.092376708984
KP0300_AC_WP20,0.256354063749,-79.259773254395,18.819911956787
KP0300_AC_WP20_left,0.222121328115,-79.178031921387,19.027404785156
KP0300_AC_WP20_right,0.343682497740,-79.236717224121,18.618009567261
KP0301_AC_WP20,-1.132517457008,-79.305877685547,18.145038604736
KP0301_AC_WP20_left,-1.252681374550,-79.433029174805,17.781751632690
KP0301_AC_WP20_right,-1.036805391312,-79.165458679199,17.917984008789
KP0302_AC_WP20,-0.351451843977,-80.440452575684,17.701410293579
KP0302_AC_WP20_left,-0.428300887346,-80.435562133789,17.720972061157
KP0302_AC_WP20_right,-0.155836150050,-80.506820678711,17.811094284058
KP0303_AC_WP20,-1.186311721802,-80.266494750977,18.446846008301
KP0303_AC_WP20_left,-0.939696192741,-80.302818298340,18.251928329468
KP0303_AC_WP20_right,-1.507680416107,-80.539657592773,18.188352584839
KP0304_AC_WP20,-0.860751330853,-80.478874206543,18.738872528076
KP0304_AC_WP20_left,-1.388913750648,-81.110435485840,18.780790328979
KP0304_AC_WP20_right,-0.449958324432,-80.340545654297,18.451736450195
KP0305_AC_WP20,-9.230308532715,-88.648628234863,27.447263717651
KP0305_AC_WP20_left,-9.533513069153,-88.923881530762,27.058128356934
KP0305_AC_WP20_right,-8.591763496399,-88.670982360840,27.032278060913
KP0306_LM_WP20,-0.055932424963,-92.459640502930,23.119266510010
KP0306_LM_WP20_left,-0.368917554617,-92.560241699219,23.409196853638
KP0306_LM_WP20_right,0.530216038227,-92.544174194336,22.985828399658
KP0307_LM_WP20_X,3.587409973145,-88.775779724121,21.966531753540
KP0308_LM_WP20_X,3.131904840469,-87.548286437988,21.186862945557
KP0308_LM_WP20_X_left,2.830097675323,-87.368743896484,21.092548370361
KP0308_LM_WP20_X_right,3.316342592239,-87.593002319336,21.375492095947
KP0309_AC_WP20,2.768618583679,-84.016723632812,21.170793533325
KP0309_AC_WP20_left,2.919522047043,-83.718414306641,21.230876922607
KP0309_AC_WP20_right,2.962836980820,-84.363243103027,20.762096405029
KP0310_AC_WP20,3.031302452087,-82.690032958984,22.023818969727
KP0310_AC_WP20_left,3.388999700546,-83.648551940918,21.458627700806
KP0310_AC_WP20_right,3.106055736542,-82.132530212402,21.706642150879
KP0311_AC_WP20,3.189192295074,-81.711952209473,21.392957687378
KP0311_AC_WP20_left,3.302370071411,-81.526817321777,21.226684570312
KP0311_AC_WP20_right,3.210849761963,-81.892196655273,21.330081939697
KP0312_AC_WP20,3.641204357147,-82.251296997070,21.613723754883
KP0312_AC_WP20_left,3.550382852554,-82.355392456055,21.620710372925
KP0312_AC_WP20_right,3.821450233459,-82.276443481445,21.416011810303
KP0313_AC_WP20,4.279051303864,-82.245002746582,21.702449798584
KP0313_AC_WP20_left,4.105791568756,-82.591522216797,21.293054580688
KP0313_AC_WP20_right,4.522872447968,-82.233825683594,21.637477874756
KP0314_AC_WP20_X,1.267966747284,-79.106071472168,18.084957122803
KP0315_AC_WP20,2.397647380829,-75.935005187988,16.590591430664
KP0315_AC_WP20_left,2.267702579498,-76.171836853027,16.626920700073
KP0315_AC_WP20_right,2.521304368973,-75.778511047363,16.410346984863
KP0316_AC_WP20,2.100730657578,-75.935005187988,16.228702545166
KP0316_AC_WP20_left,2.076977252960,-76.057258605957,16.140676498413
KP0316_AC_WP20_right,2.109114170074,-75.884002685547,16.118320465088
KP0317_AC_WP20,1.853416562080,-76.354179382324,16.011430740356
KP0317_AC_WP20_left,1.942840814590,-76.331123352051,16.030992507935
KP0317_AC_WP20_right,1.847128868103,-76.513465881348,15.801142692566
KP0318_LM_WP20,0.962666451931,-74.523078918457,14.345203399658
KP0318_LM_WP20_left,1.207186102867,-74.660003662109,14.223642349243
KP0318_LM_WP20_right,0.869050383568,-74.473472595215,14.415764808655
KP0319_LM_WP20,2.916028976440,-70.629623413086,13.063920974731
KP0319_LM_WP20_left,2.849659442902,-71.032035827637,13.238577842712
KP0319_LM_WP20_right,3.022918939590,-70.227218627930,12.920002937317
KP0320_LM_WP20,2.923713922501,-69.961738586426,12.780278205872
KP0320_LM_WP20_left,2.772111654282,-69.139450073242,12.978688240051
KP0320_LM_WP20_right,3.627231836319,-68.354194641113,14.030820846558
KP0321_LM_WP20,2.656838178635,-68.342315673828,14.300491333008
KP0321_LM_WP20_left,2.651249170303,-68.223548889160,14.202683448792
KP0321_LM_WP20_right,2.761632204056,-68.642028808594,14.500997543335
KP0322_LM_WP20,-1.447598457336,-65.945327758789,12.041828155518
KP0322_LM_WP20_left,-1.275037407875,-67.972045898438,11.501789093018
KP0322_LM_WP20_right,-1.469255805016,-64.877128601074,12.442142486572
KP0323_AC_WP20,-7.653506278992,-41.549953460693,11.325735092163
KP0323_AC_WP20_left,-7.860998630524,-41.536682128906,11.249585151672
KP0323_AC_WP20_right,-7.717081546783,-41.577899932861,11.188105583191
KP0324_AC_WP20,-8.032162666321,-41.292160034180,11.391406059265
KP0324_AC_WP20_left,-8.351435661316,-41.814735412598,11.276831626892
KP0324_AC_WP20_right,-7.731054306030,-41.151737213135,11.225132942200
KP0325_AC_WP20,-10.020456314087,-42.371540069580,11.184612274170
KP0325_AC_WP20_left,-10.297811508179,-42.333114624023,11.075626373291
KP0325_AC_WP20_right,-9.796895980835,-42.349884033203,11.007860183716
KP0326_AC_WP20,-11.486176490784,-42.593006134033,11.651295661926
KP0326_AC_WP20_left,-11.921422004700,-42.792812347412,11.416557312012
KP0326_AC_WP20_right,-11.267506599426,-42.429527282715,11.563268661499
KP0327_AC_WP20,-8.663022994995,-42.407169342041,10.819929122925
KP0327_AC_WP20_left,-9.176514625549,-42.636318206787,10.237274169922
KP0327_AC_WP20_right,-8.157915115356,-42.475635528564,10.296656608582
KP0328_LM_WP20,-11.622408866882,-44.067108154297,10.028384208679
KP0328_LM_WP20_left,-11.405835151672,-43.709411621094,9.814603805542
KP0328_LM_WP20_right,-11.756546020508,-44.249450683594,10.104534149170
KP0329_AC_WP20,-11.814532279968,-44.956462860107,10.098945617676
KP0329_AC_WP20_left,-11.797065734863,-44.351451873779,10.171602249146
KP0329_AC_WP20_right,-12.005257606506,-45.282020568848,10.583792686462
KP0330_LM_WP20,-9.771744728088,-46.183952331543,9.911713600159
KP0330_LM_WP20_left,-9.265239715576,-46.476676940918,9.922192573547
KP0330_LM_WP20_right,-10.565385818481,-46.402622222900,9.448523521423
KP0331_AC_WP20,-7.344713211060,-46.505317687988,8.907785415649
KP0331_AC_WP20_left,-7.418767452240,-46.893756866455,9.069168090820
KP0331_AC_WP20_right,-7.105083942413,-46.215389251709,8.559868812561
KP0332_AC_WP20,-7.440424919128,-47.021606445312,9.613399505615
KP0332_AC_WP20_left,-7.421562194824,-46.791755676270,9.924288749695
KP0332_AC_WP20_right,-7.647218704224,-47.201152801514,9.356304168701
KP0333_AC_WP20,-7.280439376831,-47.210933685303,9.999041557312
KP0333_AC_WP20_left,-7.305590152740,-47.142467498779,9.694439888000
KP0333_AC_WP20_right,-7.085522174835,-47.203945159912,9.830672264099
KP0334_AC_WP20,-6.783715248108,-47.279399871826,9.602221488953
KP0334_AC_WP20_left,-6.979331016541,-47.286384582520,9.897042274475
KP0334_AC_WP20_right,-6.629318714142,-47.373016357422,9.363988876343
KP0335_AC_WP20,-9.363746643066,-47.618930816650,11.723254203796
KP0335_AC_WP20_left,-9.390993118286,-47.489685058594,11.426337242126
KP0335_AC_WP20_right,-9.569143295288,-47.873229980469,11.619857788086
KP0336_AC_WP20,-9.725635528564,-47.762149810791,11.701597213745
KP0336_AC_WP20_left,-9.699786186218,-48.098190307617,11.704391479492
KP0336_AC_WP20_right,-9.892607688904,-47.617534637451,11.623351097107
KP0337_AC_WP20,-9.603375434875,-48.342010498047,11.784034729004
KP0337_AC_WP20_left,-9.430814743042,-48.399299621582,11.942623138428
KP0337_AC_WP20_right,-9.834621429443,-48.390914916992,11.707185745239
KP0338_AC_WP20,-8.417106628418,-48.959598541260,11.974061965942
KP0338_AC_WP20_left,-8.259216308594,-48.495010375977,10.637587547302
KP0338_AC_WP20_right,-9.031199455261,-49.058803558350,12.022267341614
KP0339_AC_WP20,-8.024477958679,-49.412307739258,10.524409294128
KP0339_AC_WP20_left,-8.132764816284,-49.324279785156,10.706751823425
KP0339_AC_WP20_right,-8.018190383911,-49.454227447510,10.475505828857
KP0340_AC_WP20,-7.319562435150,-49.432567596436,10.486683845520
KP0340_AC_WP20_left,-7.738040447235,-49.994266510010,10.277793884277
KP0340_AC_WP20_right,-7.441822528839,-48.330135345459,10.237972259521
KP0341_LM_WP20,-7.507493495941,-49.848949432373,7.783693790436
KP0341_LM_WP20_left,-7.635342121124,-50.140975952148,8.238500595093
KP0341_LM_WP20_right,-7.140713691711,-49.477279663086,7.335175037384
KP0342_LM_WP20,-6.821441173553,-50.048759460449,7.734789848328
KP0342_LM_WP20_left,-7.016358375549,-50.682411193848,9.136935234070
KP0342_LM_WP20_right,-5.776992797852,-49.566005706787,7.184271335602
KP0343_LM_WP20,-6.680318355560,-50.316333770752,8.572443962097
KP0343_LM_WP20_left,-6.730619430542,-50.961166381836,8.945511817932
KP0343_LM_WP20_right,-6.209443569183,-50.163333892822,8.279719352722
KP0344_LM_WP20,-4.537627696991,-50.768344879150,8.254569053650
KP0344_LM_WP20_left,-3.223509550095,-51.054782867432,8.322335243225
KP0344_LM_WP20_right,-6.008937358856,-50.304454803467,8.661170005798
KP0345_LM_WP20,-7.105782508850,-52.421997070312,9.093620300293
KP0345_LM_WP20_left,-7.267165660858,-52.934787750244,8.294390678406
KP0345_LM_WP20_right,-6.564346313477,-51.258083343506,9.419180870056
KP0346_AC_WP20,-5.789568424225,-52.254325866699,9.388441085815
KP0346_AC_WP20_left,-5.820307731628,-52.418502807617,9.127853393555
KP0346_AC_WP20_right,-5.213200569153,-52.486968994141,9.540741920471
KP0347_AC_WP20,-3.178797245026,-52.721008300781,8.281815528870
KP0347_AC_WP20_left,-4.012259960175,-52.906841278076,8.802991867065
KP0347_AC_WP20_right,-3.057236194611,-53.424526214600,8.014241218567
KP0348_LM_WP20,-4.056273460388,-53.717948913574,8.393595695496
KP0348_LM_WP20_left,-2.778483867645,-54.887451171875,7.775310516357
KP0348_LM_WP20_right,-4.726955890656,-54.244014739990,9.273866653442
KP0349_LM_WP20,-4.430737972260,-54.752616882324,9.090826034546
KP0349_LM_WP20_left,-5.549939155579,-54.960109710693,9.648330688477
KP0349_LM_WP20_right,-2.967811822891,-55.761436462402,8.514458656311
KP0350_LM_WP20,-1.277831912041,-56.953990936279,9.101305007935
KP0350_LM_WP20_left,-2.260800838470,-55.568614959717,7.603447914124
KP0350_LM_WP20_right,0.026505621150,-58.533588409424,9.294126510620
KP0351_AC_WP20,-3.790795087814,-57.102798461914,12.220677375793
KP0351_AC_WP20_left,-4.234423637390,-57.167770385742,11.854596138000
KP0351_AC_WP20_right,-3.583302736282,-56.809375762939,12.037636756897
KP0352_AC_WP20,-2.439649343491,-57.170566558838,12.279361724854
KP0352_AC_WP20_left,-2.941263914108,-57.310291290283,11.793815612793
KP0352_AC_WP20_right,-2.144129991531,-56.660568237305,12.397429466248
KP0353_AC_WP20,-3.692987203598,-57.852428436279,12.736264228821
KP0353_AC_WP20_left,-4.344108104706,-58.534984588623,12.654524803162
KP0353_AC_WP20_right,-3.493179798126,-57.495429992676,11.931445121765
KP0354_AC_WP20,-4.057670593262,-57.737850189209,11.925157546997
KP0354_AC_WP20_left,-4.170149803162,-58.055728912354,11.976157188416
KP0354_AC_WP20_right,-4.216259002686,-58.201042175293,12.271677017212
KP0355_AC_WP20,-8.785283088684,-57.152400970459,12.400922775269
KP0355_AC_WP20_left,-8.681187629700,-57.046909332275,12.103307723999
KP0355_AC_WP20_right,-8.929899215698,-57.222263336182,12.827085494995
KP0356_AC_WP20,-6.031293392181,-58.817928314209,15.217090606689
KP0356_AC_WP20_left,-5.243241786957,-59.601093292236,15.455322265625
KP0356_AC_WP20_right,-5.979595184326,-59.075023651123,14.545709609985
KP0357_AC_WP20,-7.958107948303,-59.997913360596,15.087844848633
KP0357_AC_WP20_left,-7.701013088226,-59.768760681152,14.624654769897
KP0357_AC_WP20_right,-7.949724674225,-60.502319335938,15.066885948181
KP0358_AC_WP20,-4.851311683655,-59.876350402832,15.497240066528
KP0358_AC_WP20_left,-3.786603212357,-59.394298553467,14.782544136047
KP0358_AC_WP20_right,-5.641459465027,-59.580829620361,16.443880081177
KP0359_AC_WP20,-7.082029342651,-60.436649322510,15.901745796204
KP0359_AC_WP20_left,-7.190316677094,-60.799938201904,15.806732177734
KP0359_AC_WP20_right,-6.945098400116,-60.275268554688,15.683773994446
KP0360_AC_WP20,-7.776464939117,-60.797142028809,15.633472442627
KP0360_AC_WP20_left,-7.508890628815,-60.695140838623,15.622993469238
KP0360_AC_WP20_right,-7.986052989960,-60.993457794189,15.402226448059
KP0361_AC_WP20,-7.827464580536,-61.130386352539,15.635568618774
KP0361_AC_WP20_left,-7.622766971588,-61.099647521973,15.719403266907
KP0361_AC_WP20_right,-8.048231124878,-61.252647399902,15.451130867004
KP0362_AC_WP20,-7.371959686279,-61.631301879883,15.940170288086
KP0362_AC_WP20_left,-7.245508193970,-61.956165313721,15.598541259766
KP0362_AC_WP20_right,-7.167960166931,-61.507644653320,15.909430503845
KP0363_AC_WP20,-7.788341522217,-62.051876068115,15.263199806213
KP0363_AC_WP20_left,-7.548013687134,-62.628944396973,15.189145088196
KP0363_AC_WP20_right,-7.739437580109,-61.587287902832,15.051515579224
KP0364_AC_WP20,-5.572993755341,-62.265655517578,18.196737289429
KP0364_AC_WP20_left,-5.786075115204,-62.967777252197,17.280138015747
KP0364_AC_WP20_right,-5.721801280975,-61.411235809326,17.623861312866
KP0365_AC_WP20,-5.893663883209,-61.351154327393,17.034219741821
KP0365_AC_WP20_left,-5.900650024414,-61.270812988281,17.137617111206
KP0365_AC_WP20_right,-5.675692081451,-61.517425537109,16.918249130249
KP0366_AC_WP20,-5.809828758240,-62.403984069824,17.070549011230
KP0366_AC_WP20_left,-5.911129474640,-62.547203063965,16.969247817993
KP0366_AC_WP20_right,-5.802842140198,-62.364860534668,16.965057373047
KP0367_AC_WP20,-4.745818614960,-61.576110839844,18.036052703857
KP0367_AC_WP20_left,-5.079762935638,-61.789890289307,18.051422119141
KP0367_AC_WP20_right,-4.594216823578,-61.743083953857,17.700712203979
KP0368_AC_WP20,-4.101684093475,-60.303909301758,16.248962402344
KP0368_AC_WP20_left,-4.492217063904,-60.602924346924,16.146265029907
KP0368_AC_WP20_right,-4.027629852295,-60.548431396484,15.929690361023
KP0369_AC_WP20,-3.770534753799,-61.719329833984,16.397071838379
KP0369_AC_WP20_left,-3.500165939331,-62.209766387939,16.043567657471
KP0369_AC_WP20_right,-4.460778713226,-61.411933898926,16.552167892456
KP0370_AC_WP20,-4.673161506653,-64.351760864258,15.633472442627
KP0370_AC_WP20_left,-4.324546337128,-64.039474487305,15.915019035339
KP0370_AC_WP20_right,-5.370391845703,-64.653564453125,15.576185226440
KP0371_AC_WP20,-6.803975582123,-63.815212249756,16.095964431763
KP0371_AC_WP20_left,-6.870345115662,-63.766307830811,16.204950332642
KP0371_AC_WP20_right,-6.690099239349,-63.892761230469,15.917814254761
KP0372_AC_WP20,-7.798820972443,-63.261199951172,16.355154037476
KP0372_AC_WP20_left,-8.251531600952,-63.984279632568,16.397771835327
KP0372_AC_WP20_right,-7.013563632965,-62.742820739746,16.420127868652
KP0373_AC_WP20,-4.359477996826,-62.453586578369,16.518632888794
KP0373_AC_WP20_left,-4.365765571594,-62.273342132568,16.561250686646
KP0373_AC_WP20_right,-4.389518737793,-62.678546905518,16.356552124023
KP0374_AC_WP20,2.139853715897,-55.567916870117,10.010918617249
KP0374_AC_WP20_left,2.463318347931,-54.679958343506,9.468085289001
KP0374_AC_WP20_right,1.404199004173,-56.076515197754,9.741947174072
KP0375_LM_WP20,0.309449762106,-51.490024566650,8.164445877075
KP0375_LM_WP20_left,1.008077263832,-51.244808197021,8.654882431030
KP0375_LM_WP20_right,0.237491130829,-51.867984771729,7.588078022003
KP0376_LM_WP20,0.215833678842,-50.300262451172,7.361024379730
KP0376_LM_WP20_left,-0.459739118814,-50.453960418701,7.146545410156
KP0376_LM_WP20_right,0.855077862740,-49.892265319824,7.270901203156
KP0377_LM_WP20,1.743033409119,-50.328907012939,9.398221969604
KP0377_LM_WP20_left,1.087022185326,-50.893398284912,8.575239181519
KP0377_LM_WP20_right,3.114439249039,-50.241577148438,8.669553756714
KP0378_AC_WP20,0.730722129345,-48.389518737793,8.560567855835
KP0378_AC_WP20_left,0.794995844364,-48.501995086670,8.590608596802
KP0378_AC_WP20_right,0.607065081596,-48.360176086426,8.455773353577
KP0379_AC_WP20,1.746526479721,-48.606090545654,7.726406574249
KP0379_AC_WP20_left,1.763293623924,-48.615871429443,7.729200839996
KP0379_AC_WP20_right,1.719280004501,-48.654994964600,7.715927124023
KP0380_LM_WP20,1.551609396935,-47.643383026123,6.567383289337
KP0380_LM_WP20_left,2.283771038055,-47.898384094238,6.942546367645
KP0380_LM_WP20_right,1.399308681488,-47.699272155762,6.642136573792
KP0381_AC_WP20,0.768448054790,-46.921001434326,7.338668346405
KP0381_AC_WP20_left,0.556763887405,-47.341575622559,7.613927364349
KP0381_AC_WP20_right,1.228843569756,-46.381660461426,8.228020668030
KP0382_AC_WP20,0.863461375237,-45.959690093994,8.010747909546
KP0382_AC_WP20_left,1.032529234886,-46.179061889648,7.983501434326
KP0382_AC_WP20_right,1.081433176994,-45.750102996826,7.894076824188
KP0383_AC_WP20,1.419568896294,-46.344635009766,6.291425704956
KP0383_AC_WP20_left,1.584444999695,-46.878387451172,6.687547206879
KP0383_AC_WP20_right,1.668978929520,-45.979251861572,6.285138130188
KP0384_AC_WP20,-6.553168296814,-42.776744842529,8.419445037842
KP0384_AC_WP20_left,-7.177741050720,-41.800762176514,7.987693309784
KP0384_AC_WP20_right,-6.606263637543,-43.862411499023,8.644403457642
KP0385_AC_WP20,-7.271357059479,-15.274574279785,0.286023557186
KP0385_AC_WP20_left,-7.259480476379,-15.469491004944,0.144202187657
KP0385_AC_WP20_right,-7.407589435577,-15.709818840027,-1.546476364136
KP0386_AC_WP20,-7.447411537170,-15.160697937012,0.470461219549
KP0386_AC_WP20_left,-7.329343318939,-15.052410125732,0.346105545759
KP0386_AC_WP20_right,-7.558493137360,-15.261300086975,0.361475348473
KP0387_AC_WP20,-7.744328022003,-15.194231987000,0.624159276485
KP0387_AC_WP20_left,-7.822574138641,-15.271779060364,0.608090877533
KP0387_AC_WP20_right,-7.789738655090,-15.374477386475,0.605296313763
KP0388_AC_WP20,-7.781355381012,-16.039571762085,0.619967520237
KP0388_AC_WP20_left,-7.872177124023,-15.999749183655,0.654200255871
KP0388_AC_WP20_right,-7.749917030334,-16.295967102051,0.452995538712
KP0389_AC_WP20,-8.432476043701,-16.744485855103,1.529580473900
KP0389_AC_WP20_left,-8.459024429321,-16.451761245728,1.506525874138
KP0389_AC_WP20_right,-8.712625503540,-16.782211303711,1.577087163925
KP0390_AC_WP20,-8.217997550964,-17.009265899658,1.379375576973
KP0390_AC_WP20_left,-8.158614158630,-17.021841049194,1.431074023247
KP0390_AC_WP20_right,-8.263408660889,-16.960361480713,1.398937225342
KP0391_LM_WP20,-3.854370117188,-19.497777938843,-3.131662130356
KP0391_LM_WP20_left,-4.756298065186,-20.526855468750,-2.998922824860
KP0391_LM_WP20_right,-4.770270824432,-18.567205429077,-3.356620311737
KP0392_AC_WP20,-2.475978136063,-18.794260025024,-3.301428556442
KP0392_AC_WP20_left,-2.471087694168,-18.710424423218,-3.828892469406
KP0392_AC_WP20_right,-2.536060094833,-18.852245330811,-3.184757947922
KP0393_AC_WP20,-2.696045637131,-19.112833023071,-3.123977184296
KP0393_AC_WP20_left,-2.701634883881,-18.968217849731,-3.059005022049
KP0393_AC_WP20_right,-2.679977416992,-19.177804946899,-3.166593551636
KP0394_AC_WP20,-2.951743364334,-18.586767196655,-2.932553291321
KP0394_AC_WP20_left,-2.935674905777,-18.762123107910,-2.772567510605
KP0394_AC_WP20_right,-2.895154476166,-18.324781417847,-3.149127960205
KP0395_AC_WP20,-3.039071798325,-19.052751541138,-2.759293794632
KP0395_AC_WP20_left,-3.104742765427,-19.161039352417,-2.789334774017
KP0395_AC_WP20_right,-2.991565227509,-18.988477706909,-2.839635848999
KP0396_AC_WP20,-3.314331054688,-19.244174957275,-2.934649229050
KP0396_AC_WP20_left,-3.400262355804,-19.288887023926,-2.956306695938
KP0396_AC_WP20_right,-3.243769645691,-19.150558471680,-2.901813745499
KP0397_AC_WP20,-3.081688165665,-19.379709243774,-2.853608369827
KP0397_AC_WP20_left,-3.268920183182,-19.400667190552,-2.915087699890
KP0397_AC_WP20_right,-2.995756864548,-19.406955718994,-3.061100721359
KP0398_AC_WP20_X,-3.154345273972,-21.530782699585,-3.387359857559
KP0398_AC_WP20_X_left,-3.046058177948,-21.552440643311,-3.610920667648
KP0398_AC_WP20_X_right,-3.367426872253,-21.625097274780,-3.290250539780
KP0399_LM_WP20,-6.397374153137,-22.960874557495,-4.255753993988
KP0399_LM_WP20_left,-6.674030780792,-22.768751144409,-4.002850532532
KP0399_LM_WP20_right,-6.096265792847,-23.151599884033,-4.536602020264
KP0400_LM_WP20,-7.279042243958,-24.361621856689,-2.799115419388
KP0400_LM_WP20_left,-10.353003501892,-23.866294860840,-1.842694401741
KP0400_LM_WP20_right,-6.581811904907,-23.303201675415,-4.042672634125
KP0401_AC_WP20,-9.889114379883,-25.215345382690,-1.374614000320
KP0401_AC_WP20_left,-10.161579132080,-25.469644546509,-1.406750917435
KP0401_AC_WP20_right,-9.802484512329,-25.037195205688,-1.479408144951
KP0402_AC_WP20,-9.801087379456,-25.475234985352,-1.695982694626
KP0402_AC_WP20_left,-9.657868385315,-25.322933197021,-1.681311488152
KP0402_AC_WP20_right,-9.936620712280,-25.629631042480,-1.794489145279
KP0403_LM_WP20,-9.871648788452,-25.638013839722,-2.123542785645
KP0403_LM_WP20_left,-9.887717247009,-25.554878234863,-2.277240753174
KP0403_LM_WP20_right,-9.896100997925,-25.716958999634,-2.082323551178
KP0404_AC_WP20,-8.053819656372,-27.070199966431,-2.303788661957
KP0404_AC_WP20_left,-8.034956932068,-26.862709045410,-2.210172414780
KP0404_AC_WP20_right,-8.231969833374,-27.140064239502,-2.327541828156
KP0405_AC_WP20,-6.345675945282,-27.695472717285,-0.988971590996
KP0405_AC_WP20_left,-6.149361610413,-27.712240219116,-0.948451220989
KP0405_AC_WP20_right,-6.524524688721,-27.812143325806,-0.921204745770
KP0450_AC_WP20,-5.136351585388,-27.925321578979,0.040106691420
KP0450_AC_WP20_left,-4.344806671143,-27.694074630737,-0.420987457037
KP0450_AC_WP20_right,-5.148228168488,-28.689619064331,-0.012290372513
KP0451_LM_WP20,-10.162278175354,-28.535223007202,-0.787766873837
KP0451_LM_WP20_left,-10.047702789307,-28.188005447388,-1.094464421272
KP0451_LM_WP20_right,-10.461989402771,-28.832139968872,-0.461507856846
KP0452_AC_WP20_X,-10.712098121643,-29.103206634521,-0.284056484699
KP0453_LM_WP20_X,-10.582153320312,-30.851173400879,-0.655726313591
KP0454_AC_WP20,-9.683019638062,-32.555126190186,1.477882146835
KP0454_AC_WP20_left,-8.542160987854,-32.488056182861,1.468799948692
KP0454_AC_WP20_right,-10.120360374451,-31.839731216431,1.196335196495
KP0455_AC_WP20,-8.192847251892,-34.376445770264,4.494555473328
KP0455_AC_WP20_left,-7.432041645050,-34.067653656006,4.831992626190
KP0455_AC_WP20_right,-9.103857040405,-35.024074554443,3.831558227539
KP0456_AC_WP20,-7.652807712555,-36.039878845215,3.009972095490
KP0456_AC_WP20_left,-8.160011291504,-36.051753997803,2.819247007370
KP0456_AC_WP20_right,-7.414576053619,-35.521495819092,3.679955959320
KP0457_AC_WP20,-7.360781669617,-36.623233795166,1.748949527740
KP0457_AC_WP20_left,-7.050590991974,-36.814655303955,1.583374857903
KP0457_AC_WP20_right,-7.610890388489,-36.469535827637,1.595251560211
KP0458_LM_WP20,-8.811830520630,-37.984859466553,2.210742235184
KP0458_LM_WP20_left,-8.718913078308,-37.214969635010,1.920811891556
KP0458_LM_WP20_right,-8.872611045837,-38.640171051025,2.628521680832
KP0459_LM_WP20,-8.593858718872,-39.588905334473,2.764754056931
KP0459_LM_WP20_left,-8.131367683411,-40.122657775879,3.274751901627
KP0459_LM_WP20_right,-8.980898857117,-38.793170928955,2.581713438034
KP0460_LM_WP20,-9.461554527283,-39.152961730957,3.259382247925
KP0460_LM_WP20_left,-10.292921066284,-39.931232452393,3.470367670059
KP0460_LM_WP20_right,-8.671406745911,-38.900760650635,3.013465404510
KP0461_AC_WP20,-8.565215110779,-40.226055145264,7.220600128174
KP0461_AC_WP20_left,-8.540763854980,-40.311286926270,7.121395111084
KP0461_AC_WP20_right,-8.523996353149,-40.135932922363,7.351243495941
KP0462_AC_WP20,-8.153723716736,-40.410491943359,7.467914104462
KP0462_AC_WP20_left,-8.180970191956,-40.923286437988,7.584585189819
KP0462_AC_WP20_right,-8.399641036987,-40.408397674561,7.228983879089
KP0463_AC_WP20,-9.316240310669,-40.349014282227,8.647895812988
KP0463_AC_WP20_left,-9.375623703003,-40.367176055908,8.377527236938
KP0463_AC_WP20_right,-9.495787620544,-40.831066131592,8.601088523865
KP0464_AC_WP20,-9.284801483154,-41.171298980713,8.896607398987
KP0464_AC_WP20_left,-8.760132789612,-41.313117980957,9.066373825073
KP0464_AC_WP20_right,-10.021853446960,-41.177585601807,8.758278846741
KP0465_AC_WP20,-8.419201850891,-41.537380218506,9.424071311951
KP0465_AC_WP20_left,-8.023778915405,-41.482189178467,9.343729019165
KP0465_AC_WP20_right,-8.792967796326,-41.383682250977,9.345126152039
KP0466_AC_WP20,-8.373791694641,-41.345954895020,8.760375022888
KP0466_AC_WP20_left,-7.871478080750,-41.469612121582,8.812771797180
KP0466_AC_WP20_right,-8.635078430176,-41.162216186523,9.083839416504
KP0467_AC_WP20,-5.716910839081,-35.402030944824,6.132138729095
KP0467_AC_WP20_left,-5.316597461700,-36.041275024414,5.920454502106
KP0467_AC_WP20_right,-6.082992076874,-35.349636077881,5.620044708252
KP0468_AC_WP20,-5.851047515869,-36.707767486572,5.656373023987
KP0468_AC_WP20_left,-5.874102115631,-36.934822082520,5.658469200134
KP0468_AC_WP20_right,-6.013129234314,-36.523330688477,5.233005046844
KP0469_AC_WP20_X,-4.891133308411,-35.368499755859,5.130306720734
KP0469_AC_WP20_X_left,-4.938640117645,-35.369895935059,4.921417236328
KP0469_AC_WP20_X_right,-5.011297225952,-35.462112426758,5.133800029755
KP0470_AC_WP20,-1.362365841866,-35.437664031982,3.864393711090
KP0470_AC_WP20_left,-1.316256403923,-34.914390563965,5.102361679077
KP0470_AC_WP20_right,-1.917076110840,-35.205718994141,3.207683801651
KP0471_AC_WP20,-0.363328516483,-34.745323181152,2.282701015472
KP0471_AC_WP20_left,0.081697195768,-34.557392120361,1.770606994629
KP0471_AC_WP20_right,-1.015846610069,-34.576953887939,2.751480102539
KP0472_LM_WP20,-2.709319591522,-27.639581680298,-1.104245185852
KP0472_LM_WP20_left,-1.778747797012,-27.515924453735,-1.191573619843
KP0472_LM_WP20_right,-3.612645149231,-27.946279525757,-1.319422483444
KP0473_LM_WP20,-2.390745639801,-26.832666397095,-0.011591744609
KP0473_LM_WP20_left,-2.522786140442,-26.866899490356,-0.010194489732
KP0473_LM_WP20_right,-2.334855318069,-26.797037124634,0.017051983625
KP0474_AC_WP20,-2.562608003616,-26.870393753052,0.339119255543
KP0474_AC_WP20_left,-2.522786140442,-26.808216094971,0.348900049925
KP0474_AC_WP20_right,-2.503923177719,-26.777475357056,0.443214744329
KP0475_AC_WP20,1.251199603081,-20.725265502930,-2.672663927078
KP0475_AC_WP20_left,1.314774751663,-20.559690475464,-2.460281133652
KP0475_AC_WP20_right,1.029734730721,-20.980962753296,-2.629348993301
KP0476_AC_WP20,1.831060409546,-20.208280563354,-2.131227493286
KP0476_AC_WP20_left,1.469171404839,-20.623266220093,-2.369459629059
KP0476_AC_WP20_right,2.205524682999,-20.093706130981,-2.228336811066
KP0477_AC_WP20,1.529952049255,-19.761857986450,-2.721567869186
KP0477_AC_WP20_left,1.913498520851,-19.840105056763,-2.520363092422
KP0477_AC_WP20_right,1.119857668877,-19.668241500854,-2.919978141785
KP0478_AC_WP20,1.912101268768,-19.453763961792,-2.618869543076
KP0478_AC_WP20_left,2.141949653625,-19.476818084717,-2.542719125748
KP0478_AC_WP20_right,2.465414285660,-19.293079376221,-2.740430831909
KP0479_AC_WP20,3.510560989380,-18.185056686401,-3.598345279694
KP0479_AC_WP20_left,2.855248451233,-18.391151428223,-4.307452201843
KP0479_AC_WP20_right,4.277654170990,-18.043233871460,-3.852645635605
KP0480_AC_WP20,3.379917621613,-17.050485610962,-5.242914676666
KP0480_AC_WP20_left,3.552478551865,-16.710952758789,-5.534940719604
KP0480_AC_WP20_right,3.287698745728,-17.307579040527,-5.241517066956
KP0481_AC_WP20,2.808440446854,-17.065855026245,-5.626461029053
KP0481_AC_WP20_left,3.060644865036,-17.396305084229,-5.547515869141
KP0481_AC_WP20_right,2.912535905838,-16.759157180786,-5.842336654663
KP0482_LM_WP20,0.432408213615,-16.283391952515,-6.169294357300
KP0482_LM_WP20_left,-0.356342256069,-16.842294692993,-5.669775962830
KP0482_LM_WP20_right,1.105885148048,-15.747545242310,-6.557731628418
KP0483_AC_WP20,-0.449259698391,-13.432991981506,-2.884347915649
KP0483_AC_WP20_left,-0.661642491817,-13.543375015259,-2.807498931885
KP0483_AC_WP20_right,-0.186575770378,-13.600662231445,-3.024772167206
KP0484_AC_WP20,-0.097151443362,-13.441375732422,-4.741300106049
KP0484_AC_WP20_left,0.018122091889,-13.898278236389,-4.796491622925
KP0484_AC_WP20_right,0.164135232568,-13.063418388367,-5.141613483429
KP0485_AC_WP20,-3.090770244598,8.447322845459,-9.188063621521
KP0485_AC_WP20_left,-2.601032495499,8.180447578430,-9.077680587769
KP0485_AC_WP20_right,-3.338084459305,8.041419982910,-9.158721923828
KP0486_AC_WP20,-2.543745040894,7.494394779205,-9.038558006287
KP0486_AC_WP20_left,-2.204211950302,7.307861328125,-8.887654304504
KP0486_AC_WP20_right,-3.026496648788,7.512559413910,-9.140557289124
KP0487_AC_WP20,-4.416066646576,7.064040184021,-9.619116783142
KP0487_AC_WP20_left,-4.265162944794,7.314847469330,-9.542966842651
KP0487_AC_WP20_right,-4.499203205109,6.806246757507,-9.463323593140
KP0488_AC_WP20,-4.787037849426,5.825373649597,-9.487076759338
KP0488_AC_WP20_left,-4.552299022675,6.131372451782,-9.450747489929
KP0488_AC_WP20_right,-4.810791015625,5.745031833649,-9.704349517822
KP0489_AC_WP20,-3.558850765228,4.571337223053,-9.432583808899
KP0489_AC_WP20_left,-3.622425794601,4.483310222626,-9.949567794800
KP0489_AC_WP20_right,-3.825027704239,4.240886688232,-9.594665527344
KP0490_AC_WP20,-3.498070001602,2.833152294159,-9.310323715210
KP0490_AC_WP20_left,-3.287783145905,2.919782161713,-9.303337097168
KP0490_AC_WP20_right,-3.641288757324,2.809398889542,-9.433281898499
KP0491_AC_WP20,-4.286121845245,2.837343931198,-9.700856208801
KP0491_AC_WP20_left,-4.260971546173,2.826864480972,-10.115840911865
KP0491_AC_WP20_right,-4.390217304230,2.706700563431,-9.644268035889
KP0492_AC_WP20,-5.065790176392,2.043004512787,-9.243255615234
KP0492_AC_WP20_left,-4.918379783630,2.798220872879,-9.357830047607
KP0492_AC_WP20_right,-5.112598419189,1.528116106987,-9.450049400330
KP0493_AC_WP20,-5.357118129730,2.727659463882,-9.489871025085
KP0493_AC_WP20_left,-5.384364604950,2.815686464310,-9.703651428223
KP0493_AC_WP20_right,-5.406720638275,2.598413467407,-9.413721084595
KP0494_AC_WP20,-5.715513706207,3.550642728806,-10.972358703613
KP0494_AC_WP20_left,-6.208745002747,3.504533290863,-11.216877937317
KP0494_AC_WP20_right,-5.339652061462,3.994969844818,-10.815866470337
KP0495_AC_WP20,-4.990338325500,4.052257061005,-10.629332542419
KP0495_AC_WP20_left,-5.102817535400,3.948860406876,-10.913674354553
KP0495_AC_WP20_right,-4.699010848999,4.133297920227,-10.655181884766
KP0499_AC_WP20,-5.506624221802,1.680416822433,-8.816393852234
KP0499_AC_WP20_left,-5.605130672455,1.634307503700,-8.620079994202
KP0499_AC_WP20_right,-5.382966995239,1.864155888557,-8.832462310791
KP0500_AC_WP20,-5.409514904022,1.727224946022,-8.966599464417
KP0500_AC_WP20_left,-5.430473804474,1.732813954353,-8.921188354492
KP0500_AC_WP20_right,-5.417898654938,1.706266045570,-8.987557411194
KP0501_AC_WP20,-5.937677383423,0.856036424637,-8.430052757263
KP0501_AC_WP20_left,-5.765814781189,1.518335223198,-9.256529808044
KP0501_AC_WP20_right,-5.985184192657,0.872104823589,-9.199940681458
KP0502_AC_WP20,-6.386196136475,0.495544612408,-8.503409385681
KP0502_AC_WP20_left,-6.581811904907,0.501133620739,-9.267707824707
KP0502_AC_WP20_right,-6.179402351379,0.682078182697,-8.656408309937
KP0503_AC_WP20,-5.460514545441,0.339052051306,-8.279150009155
KP0503_AC_WP20_left,-5.490555763245,0.607325017452,-8.547422409058
KP0503_AC_WP20_right,-5.531774997711,0.118984393775,-8.038822174072
KP0504_AC_WP20,-6.831222057343,0.463407754898,-8.056287765503
KP0504_AC_WP20_left,-7.255987644196,0.436161279678,-8.177848815918
KP0504_AC_WP20_right,-6.590195655823,0.565407395363,-8.352505683899
KP0505_AC_WP20,-7.130234718323,0.557722449303,-8.891147613525
KP0505_AC_WP20_left,-7.639533996582,0.770105242729,-8.332943916321
KP0505_AC_WP20_right,-7.022645950317,0.675091862679,-9.764431953430
KP0506_AC_WP20,-6.630017280579,-0.360274076462,-7.876041412354
KP0506_AC_WP20_left,-6.648181438446,-0.306479752064,-7.604974269867
KP0506_AC_WP20_right,-6.379908561707,-0.349096029997,-8.183437347412
KP0507_AC_WP20,-5.779088973999,-0.128329738975,-7.931931495667
KP0507_AC_WP20_left,-5.911828041077,-0.070343658328,-7.715357303619
KP0507_AC_WP20_right,-5.693856239319,-0.138110518456,-8.268670082092
KP0508_AC_WP20,-4.465669155121,-0.475547611713,-8.930969238281
KP0508_AC_WP20_left,-4.307080745697,-0.779450595379,-8.660600662231
KP0508_AC_WP20_right,-4.157574653625,-0.421753287315,-9.348050117493
KP0509_AC_WP20,-2.584265232086,-2.615443706512,-5.503502368927
KP0509_AC_WP20_left,-2.769401550293,-2.651073694229,-5.589433670044
KP0509_AC_WP20_right,-2.487854719162,-2.560251951218,-5.549612045288
KP0510_AC_WP20,-2.487156152725,-2.373019933701,-5.897528648376
KP0510_AC_WP20_left,-2.355115413666,-2.198363065720,-6.064500331879
KP0510_AC_WP20_right,-2.578676223755,-2.454060792923,-5.950623989105
KP0511_AC_WP20,-2.550731182098,-2.813853740692,-5.439927577972
KP0511_AC_WP20_left,-2.423581123352,-2.735607624054,-5.434338569641
KP0511_AC_WP20_right,-2.648539066315,-2.913058996201,-5.439229011536
KP0512_AC_WP20,-3.101249694824,-2.954277992249,-5.585940361023
KP0512_AC_WP20_left,-2.983181715012,-2.832018136978,-5.590830802917
KP0512_AC_WP20_right,-3.206742525101,-3.204386711121,-5.668378829956
KP0513_AC_WP20,-3.427508831024,-3.428646087646,-6.299239158630
KP0513_AC_WP20_left,-3.388385534286,-3.379742145538,-6.415211200714
KP0513_AC_WP20_right,-3.391878843307,-3.553700447083,-6.378882884979
KP0514_AC_WP20,-3.715343236923,-3.072345972061,-7.161345481873
KP0514_AC_WP20_left,-3.378604888916,-3.855507373810,-7.702781677246
KP0514_AC_WP20_right,-3.869041204453,-3.304290294647,-7.291988849640
KP0515_AC_WP20,-3.352056980133,-3.687138319016,-8.162478446960
KP0515_AC_WP20_left,-2.958729743958,-3.490125179291,-8.328053474426
KP0515_AC_WP20_right,-3.715343236923,-3.863192319870,-8.271464347839
KP0516_AC_WP20,-4.047890186310,-3.416070699692,-6.686977386475
KP0516_AC_WP20_left,-4.131725311279,-3.740233898163,-6.713525295258
KP0516_AC_WP20_right,-3.682507753372,-3.491522550583,-6.699553012848
KP0517_AC_WP20,-3.775425195694,-3.995233058929,-6.805045604706
KP0517_AC_WP20_left,-3.960561513901,-3.787740707397,-6.590567111969
KP0517_AC_WP20_right,-3.832014083862,-4.079068183899,-6.508827686310
KP0518_LM_WP20,-4.854804515839,-4.616312980652,-6.679991245270
KP0518_LM_WP20_left,-4.900914192200,-4.450737953186,-6.832990646362
KP0518_LM_WP20_right,-4.805202007294,-4.762325763702,-6.495553493500
KP0519_AC_WP20,-6.612551689148,-2.350663900375,-6.623402595520
KP0519_AC_WP20_left,-6.557360172272,-2.437992334366,-6.889579296112
KP0519_AC_WP20_right,-6.835413455963,-2.396074533463,-6.826703071594
KP0520_AC_WP20,-6.763454914093,-3.197400331497,-6.003719806671
KP0520_AC_WP20_left,-6.769043922424,-3.292413711548,-6.050528049469
KP0520_AC_WP20_right,-6.830523490906,-3.179934740067,-6.021883964539
KP0521_AC_WP20,-7.275548934937,-2.240280628204,-6.901456356049
KP0521_AC_WP20_left,-6.860564231873,-2.174609661102,-6.780593395233
KP0521_AC_WP20_right,-7.684944629669,-2.330403566360,-6.742867946625
KP0522_AC_WP20,-8.048231124878,-4.247437477112,-5.901021480560
KP0522_AC_WP20_left,-7.628355979919,-4.146136283875,-5.724967479706
KP0522_AC_WP20_right,-8.616913795471,-4.157314300537,-5.971582889557
KP0523_AC_WP20,-7.795327663422,-5.181502342224,-6.285266876221
KP0523_AC_WP20_left,-7.625561237335,-4.906941890717,-6.033061981201
KP0523_AC_WP20_right,-7.932957649231,-5.472131729126,-6.566114902496
KP0524_AC_WP20,-7.373356819153,-5.256255626678,-5.676762104034
KP0524_AC_WP20_left,-7.165864467621,-5.238790035248,-5.908706665039
KP0524_AC_WP20_right,-7.507493495941,-5.274419784546,-5.430845260620
KP0525_AC_WP20,-7.859601497650,-5.861965656281,-5.643926620483
KP0525_AC_WP20_left,-7.631150245667,-5.841705322266,-5.955514431000
KP0525_AC_WP20_right,-7.730355739594,-6.045006275177,-5.298804759979
KP0526_AC_WP20,-6.449771404266,-5.907376289368,-4.628122329712
KP0526_AC_WP20_left,-6.752276897430,-5.596487045288,-4.780423164368
KP0526_AC_WP20_right,-6.590894222260,-5.994006156921,-4.211740493774
KP0527_LM_WP20,-3.758658170700,-6.112772941589,-6.044939041138
KP0527_LM_WP20_left,-3.876726150513,-6.731058120728,-5.859104156494
KP0527_LM_WP20_right,-4.272149562836,-5.435104370117,-6.424293518066
KP0528_AC_WP20,-3.808260679245,-5.286296367645,-5.275750160217
KP0528_AC_WP20_left,-3.739795207977,-5.292584419250,-4.733614921570
KP0528_AC_WP20_right,-3.777521133423,-5.320529460907,-5.584543228149
KP0529_LM_WP20,-2.037938594818,-8.036792755127,-7.373728275299
KP0529_LM_WP20_left,-2.130157470703,-7.366110801697,-7.504371643066
KP0529_LM_WP20_right,-1.812980532646,-7.558233261108,-7.296879291534
KP0530_AC_WP20,-3.920739650726,-5.546884536743,-5.056380748749
KP0530_AC_WP20_left,-4.014355659485,-5.531514644623,-5.001887798309
KP0530_AC_WP20_right,-3.800575733185,-5.579021453857,-5.167462825775
KP0531_AC_WP20,-5.888773441315,-6.062471866608,-4.336794376373
KP0531_AC_WP20_left,-5.858033657074,-6.152594566345,-4.469533920288
KP0531_AC_WP20_right,-5.895061016083,-6.086923599243,-4.185192584991
KP0532_AC_WP20,-6.344278335571,-6.724071979523,-4.184494018555
KP0532_AC_WP20_left,-6.675427913666,-6.263676643372,-3.946960449219
KP0532_AC_WP20_right,-5.696650981903,-6.798126697540,-4.240384101868
KP0533_AC_WP20,-5.262104511261,-8.917063713074,-2.952114820480
KP0533_AC_WP20_left,-5.331967353821,-9.072857856750,-3.037347555161
KP0533_AC_WP20_right,-5.195734977722,-8.885625839233,-3.056909084320
KP0534_AC_WP20,-4.891133308411,-9.547924041748,-2.315665245056
KP0534_AC_WP20_left,-4.791229724884,-9.686252593994,-2.025734901428
KP0534_AC_WP20_right,-5.074173927307,-9.441733360291,-2.514774084091
KP0535_AC_WP20,-5.787472248077,-9.798731803894,-3.127470493317
KP0535_AC_WP20_left,-5.992170333862,-10.128483772278,-3.152621030807
KP0535_AC_WP20_right,-5.744157314301,-9.322966575623,-3.497742891312
KP0536_AC_WP20,-7.235028743744,-7.537274360657,-5.272955417633
KP0536_AC_WP20_left,-6.909468173981,-7.040550231934,-5.469968318939
KP0536_AC_WP20_right,-7.231535434723,-7.897766113281,-4.758765697479
KP0537_AC_WP20,-6.928331375122,-8.279216766357,-4.955778598785
KP0537_AC_WP20_left,-6.837509632111,-8.233805656433,-4.862162590027
KP0537_AC_WP20_right,-6.948591232300,-8.428024291992,-5.045901298523
KP0538_AC_WP20,-7.151193141937,-9.255898475647,-3.339853048325
KP0538_AC_WP20_left,-6.551072120667,-9.297117233276,-4.005645275116
KP0538_AC_WP20_right,-7.156083583832,-9.808512687683,-3.427880287170
KP0539_AC_WP20,-2.088239908218,-13.166115760803,0.256681203842
KP0539_AC_WP20_left,-2.482265710831,-13.182883262634,0.105079047382
KP0539_AC_WP20_right,-1.907295346260,-12.802131652832,0.304886519909
KP0540_AC_WP20,-1.238010168076,-12.394132614136,-0.711616516113
KP0540_AC_WP20_left,-1.312763333321,-12.316585540771,-0.643849611282
KP0540_AC_WP20_right,-1.225434899330,-12.428365707397,-0.703931570053
KP0541_AC_WP20,-1.414762854576,-12.120969772339,-0.375576674938
KP0541_AC_WP20_left,-1.438516259193,-12.101408004761,-0.359508246183
KP0541_AC_WP20_right,-1.391708254814,-12.167777061462,-0.352521955967
KP0542_LM_WP20,-1.666268825531,-12.071367263794,-4.232000350952
KP0542_LM_WP20_left,-2.869305372238,-11.709477424622,-3.738769531250
KP0542_LM_WP20_right,-0.461136370897,-12.461200714111,-3.286757469177
KP0543_AC_WP20_d,0.763557612896,-10.887891769409,-3.665413618088
KP0543_AC_WP20_d_left,0.685311377048,-11.112151145935,-3.796056985855
KP0543_AC_WP20_d_right,0.680420935154,-10.716728210449,-3.636071205139
KP0544_AC_WP20,0.166231125593,-11.024124145508,-4.073411941528
KP0544_AC_WP20_left,-0.337479293346,-10.913741111755,-4.016124725342
KP0544_AC_WP20_right,0.574229598045,-10.952165603638,-3.996562957764
KP0545_AC_WP20,0.544887244701,-10.138264656067,-3.864522457123
KP0545_AC_WP20_left,0.119423076510,-9.680663108826,-3.430674791336
KP0545_AC_WP20_right,0.402367204428,-10.630797386169,-3.684975147247
KP0546_AC_WP20_X,1.197405338287,-9.409596443176,-2.764882802963
KP0547_LM_WP20,-0.121603406966,-9.646430969238,-4.341684818268
KP0547_LM_WP20_left,0.410750746727,-10.015306472778,-4.348671436310
KP0547_LM_WP20_right,-0.180288121104,-8.975748062134,-3.768810510635
KP0548_LM_WP20,-2.062390565872,-10.764234542847,-5.691433429718
KP0548_LM_WP20_left,-2.869305372238,-11.029014587402,-5.458790302277
KP0548_LM_WP20_right,-0.949477016926,-10.885097503662,-4.003549098969
KP0549_AC_WP20,0.645489573479,-9.325061798096,-4.243876934052
KP0549_AC_WP20_2,0.801982164383,-7.509329319000,-5.133229732513
KP0549_AC_WP20_2_left,0.974543154240,-7.520507335663,-5.087819099426
KP0549_AC_WP20_2_right,0.620338976383,-7.721712112427,-4.969052314758
KP0549_AC_WP20_left,0.595887005329,-9.545129776001,-4.145370483398
KP0549_AC_WP20_right,0.687407255173,-8.985528945923,-4.502369403839
KP0550_LM_WP20,0.531613290310,-8.519544601440,-6.471101760864
KP0550_LM_WP20_left,0.947296679020,-8.608968734741,-6.303431034088
KP0550_LM_WP20_right,0.147368177772,-8.131107330322,-6.644361019135
KP0551_LM_WP20,2.300538063049,-8.254764556885,-6.551443576813
KP0551_LM_WP20_left,2.540865898132,-7.707739353180,-6.535375118256
KP0551_LM_WP20_right,1.895334243774,-8.515353202820,-6.514416694641
KP0552_AC_WP20,0.758667230606,-5.698486804962,-5.192613124847
KP0552_AC_WP20_left,0.920748829842,-5.725034713745,-6.431279659271
KP0552_AC_WP20_right,1.722074508667,-6.888947963715,-5.537036418915
KP0553_AC_WP20,-1.161161184311,-3.560686588287,-6.580786228180
KP0553_AC_WP20_left,-1.031915068626,-3.085619926453,-6.772210121155
KP0553_AC_WP20_right,-1.360270023346,-3.930959224701,-6.546553611755
KP0554_AC_WP20,3.880833625793,-2.829223632812,-7.340194225311
KP0554_AC_WP20_left,3.576930522919,-2.402362346649,-7.262646675110
KP0554_AC_WP20_right,3.654478311539,-3.416769504547,-7.891411304474
KP0555_AC_WP20,6.153468608856,2.056977033615,-7.933329105377
KP0555_AC_WP20_left,6.676740646362,3.118192195892,-7.945904254913
KP0555_AC_WP20_right,5.220102310181,1.493883371353,-6.932195663452
KP0556_AC_WP20,7.146917343140,1.861361384392,-6.077774524689
KP0556_AC_WP20_left,7.422874927521,2.344112873077,-7.277317523956
KP0556_AC_WP20_right,6.950603008270,0.787570893764,-6.637374877930
KP0557_AC_WP20,5.303937911987,2.241414785385,-10.537812232971
KP0557_AC_WP20_left,5.208924293518,1.815251946449,-10.621647834778
KP0557_AC_WP20_right,5.570813655853,2.703906059265,-10.623743057251
KP0558_LM_WP20,0.701379776001,3.608628749847,-12.135573387146
KP0558_LM_WP20_left,1.834553599358,3.525492191315,-12.902666091919
KP0558_LM_WP20_right,-0.092959679663,3.769313097000,-11.784163475037
KP0559_AC_WP20,5.994181632996,3.455629348755,-10.867564201355
KP0559_AC_WP20_left,5.983003616333,3.577190637589,-11.301412582397
KP0559_AC_WP20_right,6.076619625092,3.289355993271,-10.531524658203
KP0560_AC_WP20,6.597795963287,4.153558254242,-10.933934211731
KP0560_AC_WP20_left,6.333714485168,3.840573072433,-11.026152610779
KP0560_AC_WP20_right,6.996712207794,4.273722171783,-10.789318084717
KP0561_AC_WP20,-12.022024154663,36.269462585449,-18.457452774048
KP0561_AC_WP20_left,-11.767724037170,36.481147766113,-18.903177261353
KP0561_AC_WP20_right,-11.760039329529,36.263874053955,-18.322618484497
KP0562_LM_WP20,-9.684416770935,34.745758056641,-18.451864242554
KP0562_LM_WP20_left,-9.368637084961,34.882690429688,-17.406019210815
KP0562_LM_WP20_right,-8.055217742920,32.818244934082,-18.974437713623
KP0563_AC_WP20,-11.239561080933,35.808368682861,-17.997058868408
KP0563_AC_WP20_left,-11.442862510681,35.846794128418,-17.912523269653
KP0563_AC_WP20_right,-11.347848892212,36.001190185547,-18.030591964722
KP0564_LM_WP20,-11.240959167480,35.723834991455,-18.377111434937
KP0564_LM_WP20_left,-11.265410423279,35.609958648682,-18.481206893921
KP0564_LM_WP20_right,-11.287068367004,35.899890899658,-18.272317886353
KP0565_AC_WP20,-7.830957889557,32.740695953369,-19.034519195557
KP0565_AC_WP20_left,-7.816286563873,32.688999176025,-19.038711547852
KP0565_AC_WP20_right,-7.761095046997,32.756763458252,-18.963958740234
KP0566_LM_WP20,-13.299115180969,30.355583190918,-17.633073806763
KP0566_LM_WP20_left,-12.341297149658,31.747247695923,-17.835674285889
KP0566_LM_WP20_right,-13.386444091797,29.897981643677,-16.536228179932
KP0567_LM_WP20,-11.669916152954,30.503690719604,-17.277471542358
KP0567_LM_WP20_left,-11.050931930542,30.509281158447,-17.086048126221
KP0567_LM_WP20_right,-12.330119132996,30.260568618774,-17.509416580200
KP0568_AC_WP20,-8.504434585571,26.967937469482,-16.548803329468
KP0568_AC_WP20_left,-8.278778076172,27.065046310425,-16.932350158691
KP0568_AC_WP20_right,-8.319996833801,26.898075103760,-16.471256256104
KP0569_AC_WP20,-8.690269470215,26.459337234497,-16.986145019531
KP0569_AC_WP20_left,-8.496050834656,26.767431259155,-16.927459716797
KP0569_AC_WP20_right,-8.839776039124,26.198049545288,-17.137046813965
KP0570_LM_WP20,-9.235198974609,25.771886825562,-17.977497100830
KP0570_LM_WP20_left,-9.017227172852,24.909780502319,-18.189180374146
KP0570_LM_WP20_right,-9.570540428162,26.293762207031,-18.364536285400
KP0571_AC_WP20,-10.915398597717,23.567018508911,-14.791754722595
KP0571_AC_WP20_left,-11.010411262512,23.405635833740,-14.617097854614
KP0571_AC_WP20_right,-10.823878288269,23.628498077393,-14.870001792908
KP0572_AC_WP20,-6.963262557983,21.245479583740,-16.939336776733
KP0572_AC_WP20_left,-6.902482032776,21.100166320801,-16.761186599731
KP0572_AC_WP20_right,-6.783016681671,21.401971817017,-17.178266525269
KP0573_LM_WP20,-6.442086219788,21.225219726562,-17.346635818481
KP0573_LM_WP20_left,-6.448374271393,21.267835617065,-17.280965805054
KP0573_LM_WP20_right,-6.410648345947,21.187494277954,-17.364799499512
KP0574_AC_WP20,-4.022739410400,21.680027008057,-17.479375839233
KP0574_AC_WP20_left,-4.073739051819,21.891710281372,-17.588361740112
KP0574_AC_WP20_right,-4.126834869385,21.349575042725,-17.366197586060
KP0575_AC_WP20,-4.215560436249,10.714368820190,-13.300884246826
KP0575_AC_WP20_left,-3.784507513046,9.436579704285,-13.114350318909
KP0575_AC_WP20_right,-3.852274179459,10.415356636047,-14.117579460144
KP0576_AC_WP20,-3.993396997452,9.414921760559,-13.037501335144
KP0576_AC_WP20_left,-3.970342397690,9.505743026733,-13.000473976135
KP0576_AC_WP20_right,-3.938205480576,9.505743026733,-13.038200378418
KP0577_AC_WP20,-4.915585517883,9.695770263672,-12.724515914917
KP0577_AC_WP20_left,-5.274679660797,9.815934181213,-12.756652832031
KP0577_AC_WP20_right,-4.734640598297,9.500154495239,-12.455544471741
KP0578_AC_WP20,-5.049721717834,9.088663101196,-12.864241600037
KP0578_AC_WP20_left,-5.069283485413,9.357634544373,-12.777611732483
KP0578_AC_WP20_right,-5.244638919830,8.996443748474,-12.752461433411
KP0579_AC_WP20,-5.160803794861,8.556308746338,-13.307171821594
KP0579_AC_WP20_left,-5.032954692841,8.749828338623,-13.329527854919
KP0579_AC_WP20_right,-5.204817295074,8.271268844604,-13.175829887390
KP0580_AC_WP20,-5.151721477509,7.973653316498,-12.491174697876
KP0580_AC_WP20_left,-4.724860191345,7.626435756683,-12.714735984802
KP0580_AC_WP20_right,-5.369693279266,8.241926193237,-12.410832405090
KP0581_AC_WP20,-4.258875370026,7.259655952454,-13.208664894104
KP0581_AC_WP20_left,-4.017150402069,7.219135761261,-13.036803245544
KP0581_AC_WP20_right,-4.343409538269,7.409162521362,-13.390308380127
KP0582_AC_WP20,-0.285780876875,15.432899475098,-12.493968963623
KP0582_AC_WP20_left,-0.189370274544,15.465036392212,-12.449955940247
KP0582_AC_WP20_right,-0.136973217130,15.386790275574,-12.489777565002
KP0583_LM_WP20,0.545585870743,16.526948928833,-14.930782318115
KP0583_LM_WP20_left,0.729324877262,16.576553344727,-15.663641929626
KP0583_LM_WP20_right,0.901885867119,16.754701614380,-14.261496543884
KP0584_AC_WP20,1.430746912956,18.709463119507,-16.494310379028
KP0584_AC_WP20_left,1.762594938278,18.636106491089,-16.194599151611
KP0584_AC_WP20_right,1.522965669632,18.881324768066,-16.781446456909
KP0585_LM_WP20,-2.673689603806,21.093877792358,-16.887638092041
KP0585_LM_WP20_left,-3.133386611938,20.176580429077,-17.181760787964
KP0585_LM_WP20_right,-2.829483509064,21.583616256714,-17.320787429810
KP0586_LM_WP20,-0.392670869827,23.424499511719,-19.282533645630
KP0586_LM_WP20_left,-1.279927849770,23.311321258545,-19.514476776123
KP0586_LM_WP20_right,0.233299359679,22.746131896973,-19.551504135132
KP0588_LM_WP20,-4.228834629059,27.128622055054,-15.833408355713
KP0588_LM_WP20_left,-4.759791374207,27.973262786865,-15.217219352722
KP0588_LM_WP20_right,-3.333892583847,26.809349060059,-15.996189117432
KP0589_AC_WP20,-7.794629096985,30.922168731689,-14.760316848755
KP0589_AC_WP20_left,-8.048231124878,30.220746994019,-15.577012062073
KP0589_AC_WP20_right,-7.295110702515,31.291744232178,-14.357209205627
KP0590_AC_WP20,-9.774539947510,34.919017791748,-16.169448852539
KP0590_AC_WP20_left,-9.736115455627,35.093673706055,-16.246297836304
KP0590_AC_WP20_right,-9.847895622253,34.691265106201,-16.163160324097
KP0591_AC_WP20,-9.608265876770,35.118824005127,-16.972171783447
KP0591_AC_WP20_left,-9.613156318665,35.227111816406,-16.952610015869
KP0591_AC_WP20_right,-9.362349510193,35.017524719238,-17.062994003296
