KP0990_AC_CA10_right,-22.300224304199,-133.788589477539,-40.727214813232
KP0990_AC_CA10,-21.013515472412,-134.654815673828,-41.245346069336
KP0990_AC_CA10_left,-20.332248687744,-135.218902587891,-42.200038909912
KP0992_AC_CA10_right,-22.208316802979,-135.436035156250,-41.913974761963
KP0992_AC_CA10_left,-22.806867599487,-136.119598388672,-41.797943115234
KP0992_AC_CA10,-22.632242202759,-135.685333251953,-41.900188446045
KP0994_AC_CA10_left,-22.731042861938,-137.599319458008,-41.600337982178
KP0994_AC_CA10,-22.109516143799,-137.607360839844,-41.300491333008
KP0994_AC_CA10_right,-21.675251007080,-137.210998535156,-41.245346069336
KP0996_AC_CA10_left,-23.922397613525,-135.827789306641,-41.175266265869
KP0996_AC_CA10_right,-23.128543853760,-136.279281616211,-40.930561065674
KP0996_AC_CA10,-23.445627212524,-135.964508056641,-41.063827514648
KP0998_AC_CA10_left,-25.267700195313,-137.254653930664,-40.791549682617
KP0998_AC_CA10,-24.476142883301,-137.978439331055,-41.036254882813
KP0998_AC_CA10_right,-24.095874786377,-138.910156250000,-41.398143768311
KP1000_AC_CA10_right,-25.222894668579,-138.364456176758,-42.170169830322
KP1000_AC_CA10_left,-25.838676452637,-137.873886108398,-42.081707000732
KP1000_AC_CA10,-25.494022369385,-138.082977294922,-42.026561737061
KP1002_AC_CA10_right,-12.503995895386,-87.572715759277,-29.808561325073
KP1002_AC_CA10,-13.342655181885,-87.631309509277,-30.085433959961
KP1002_AC_CA10_left,-13.982563972473,-88.090850830078,-30.414003372192
KP1004_AC_CA10_right,-12.589010238647,-52.022758483887,-22.401935577393
KP1004_AC_CA10,-12.197253227234,-52.608673095703,-22.090599060059
KP1004_AC_CA10_left,-11.663039207458,-52.853378295898,-21.659780502319
KP1006_AC_CA10_right,-13.348399162292,-54.725997924805,-21.998691558838
KP1006_AC_CA10,-13.355292320251,-53.989585876465,-21.640249252319
KP1006_AC_CA10_left,-13.435711860657,-53.201477050781,-21.515026092529
KP1008_AC_CA10_left,-13.612634658813,-52.517913818359,-22.219268798828
KP1008_AC_CA10,-14.318027496338,-52.129600524902,-22.200887680054
KP1008_AC_CA10_right,-14.983210563660,-51.707973480225,-22.331857681274
KP1010_AC_CA10_right,-13.147351264954,-55.846126556396,-21.498941421509
KP1010_AC_CA10,-13.619527816772,-55.597976684570,-21.409332275391
KP1010_AC_CA10_left,-13.928567886353,-55.259063720703,-21.465625762939
KP1012_AC_CA10_right,-14.435209274292,-55.407264709473,-22.009031295776
KP1012_AC_CA10,-15.022271156311,-55.401523590088,-22.171018600464
KP1012_AC_CA10_left,-15.578313827515,-55.813957214355,-22.245693206787
KP1014_AC_CA10_right,-13.427669525146,-56.129890441895,-22.903984069824
KP1014_AC_CA10,-14.130764961243,-56.039131164551,-22.753484725952
KP1014_AC_CA10_left,-14.546648025513,-56.049472808838,-22.971765518188
KP1016_AC_CA10_left,-15.696644783020,-56.762908935547,-23.466918945313
KP1016_AC_CA10,-14.736207962036,-56.706611633301,-23.310674667358
KP1016_AC_CA10_right,-13.883762359619,-56.861709594727,-23.308378219604
KP1018_AC_CA10_left,-15.428963661194,-56.778991699219,-24.138994216919
KP1018_AC_CA10,-14.991251945496,-57.237380981445,-24.346937179565
KP1018_AC_CA10_right,-14.222672462463,-57.475193023682,-24.657125473022
KP1020_AC_CA10_right,-15.396795272827,-56.294178009033,-24.970760345459
KP1020_AC_CA10,-15.486406326294,-56.458461761475,-25.431449890137
KP1020_AC_CA10_left,-15.619671821594,-56.693977355957,-25.943836212158
KP1022_AC_CA10_left,-17.750785827637,-59.075538635254,-25.642837524414
KP1022_AC_CA10,-17.648538589478,-59.240974426270,-26.115013122559
KP1022_AC_CA10_right,-17.543992996216,-59.546566009521,-26.522855758667
KP1024_AC_CA10_left,-13.070378303528,-67.078414916992,-26.885890960693
KP1024_AC_CA10,-13.272575378418,-67.853889465332,-27.856668472290
KP1024_AC_CA10_right,-13.945800781250,-68.245643615723,-28.695327758789
KP1026_AC_CA10,-2.796228170395,25.766902923584,-5.581649303436
KP1026_AC_CA10_left,-3.773898124695,24.580142974854,-6.555872917175
KP1026_AC_CA10_right,-2.310265302658,27.109907150269,-4.383400917053
KP1028_AC_CA10_left,-4.588431358337,26.352815628052,-6.139989852905
KP1028_AC_CA10_right,-5.175492763519,24.483640670776,-7.554222106934
KP1028_AC_CA10,-4.390829563141,25.500371932983,-6.759218692780
KP1030_AC_CA10_left,-2.549225807190,22.098630905151,-8.283740043640
KP1030_AC_CA10,-2.380345106125,22.094036102295,-8.008016586304
KP1030_AC_CA10_right,-2.253971815109,21.942388534546,-7.736888885498
KP1032_AC_CA10_left,-7.373239517212,-3.620634078979,-14.312895774841
KP1032_AC_CA10_right,-8.670289039612,-2.261546611786,-12.240373611450
KP1032_AC_CA10,-7.682279586792,-3.025530815125,-12.858453750610
KP1034_AC_CA10_right,-6.741373062134,-11.818815231323,-10.049520492554
KP1034_AC_CA10,-6.551813125610,-11.582152366638,-10.009310722351
KP1034_AC_CA10_left,-6.399016380310,-11.400634765625,-10.187381744385
KP1036_AC_CA10_right,-7.458254337311,-11.967016220093,-10.275843620300
KP1036_AC_CA10,-7.658154010773,-11.692441940308,-10.147171974182
KP1036_AC_CA10_left,-7.733977794647,-11.321363449097,-10.179340362549
KP1038_LM_CA10_right,-3.715306758881,-3.835468769073,-14.379528999329
KP1038_LM_CA10_left,-3.532639980316,-3.364440917969,-14.742565155029
KP1038_LM_CA10,-3.673948287964,-3.655099630356,-14.706951141357
KP1040_AC_CA10_right,4.657499313354,68.344367980957,1.669880628586
KP1040_AC_CA10,5.196309089661,68.911895751953,1.784765481949
KP1040_AC_CA10_left,5.824728965759,69.531127929688,2.043256282806
KP1042_AC_CA10_right,3.659150123596,52.296108245850,0.655447661877
KP1042_AC_CA10_left,4.549507617950,53.070430755615,0.887515008450
KP1042_AC_CA10,4.123284816742,52.579872131348,0.627875268459
KP1044_AC_CA10_left,1.587776660919,52.929122924805,0.705996930599
KP1044_AC_CA10_right,1.307457685471,50.261497497559,0.809393286705
KP1044_AC_CA10,1.169595956802,51.734321594238,1.573377370834
KP1046_AC_CA10_left,-3.044379472733,44.521850585938,-1.004638075829
KP1046_AC_CA10_right,-3.676245927811,43.068557739258,-0.608285427094
KP1046_AC_CA10,-3.633738517761,44.189834594727,-0.680662870407
KP1048_AC_CA10_left,0.518198966980,40.576705932617,-5.160022258759
KP1048_AC_CA10_right,0.168949082494,38.476612091064,-4.091593265533
KP1048_AC_CA10,0.211456462741,39.500236511230,-4.103081703186
KP1050_AC_CA10_right,-1.017811179161,35.149547576904,-5.871159076691
KP1050_AC_CA10_left,-1.130398273468,36.533908843994,-5.439192295074
KP1050_AC_CA10,-1.206222295761,35.750396728516,-5.395535945892
KP1052_AC_CA10_right,-2.620454549789,29.363946914673,-4.894638061523
KP1052_AC_CA10,-2.583691358566,30.317491531372,-5.355326175690
KP1052_AC_CA10_left,-2.546928167343,31.120536804199,-6.160668849945
KP1054_AC_CA10_left,-5.347820281982,34.029418945313,-3.927308082581
KP1054_AC_CA10_right,-4.844624519348,36.022670745850,-4.228306293488
KP1054_AC_CA10,-4.965253829956,35.020877838135,-3.947987318039
KP0991_AC_CA10_right,-15.674817085266,-123.049156188965,-43.424709320068
KP0991_AC_CA10,-15.530061721802,-124.294502258301,-42.793991088867
KP0991_AC_CA10_left,-16.489351272583,-125.136611938477,-42.837650299072
KP0993_AC_CA10_left,-14.521373748779,-140.912597656250,-48.182090759277
KP0993_AC_CA10_right,-15.110732078552,-140.175033569336,-47.941982269287
KP0993_AC_CA10,-14.694849014282,-140.431228637695,-47.873050689697
KP0995_AC_CA10_X,-15.417474746704,-142.283172607422,-47.327346801758
KP0997_AC_CA10_left,-5.165153503418,-77.694923400879,-31.523792266846
KP0997_AC_CA10,-4.636682987213,-76.620750427246,-31.948865890503
KP0997_AC_CA10_right,-4.482737541199,-75.628143310547,-32.669193267822
KP0999_AC_CA10_left,-1.743883252144,-84.718978881836,-35.125431060791
KP0999_AC_CA10,-0.989089965820,-84.046905517578,-34.973781585693
KP0999_AC_CA10_right,0.160907149315,-83.341514587402,-34.605003356934
KP1001_AC_CA10_right,-4.757312297821,-85.928718566895,-34.841663360596
KP1001_AC_CA10_left,-4.465504646301,-86.497398376465,-34.815242767334
KP1001_AC_CA10,-4.570049762726,-86.167678833008,-34.750907897949
KP1003_AC_CA10_right,-5.385732173920,-85.910339355469,-31.368696212769
KP1003_AC_CA10,-5.130687713623,-86.186058044434,-31.342273712158
KP1003_AC_CA10_left,-4.848071098328,-86.411231994629,-31.597318649292
KP1005_AC_CA10_right,-4.988230705261,-86.605392456055,-31.590425491333
KP1005_AC_CA10,-5.007761001587,-86.900642395020,-31.597318649292
KP1005_AC_CA10_left,-5.043375492096,-87.123519897461,-31.775388717651
KP1007_AC_CA10_right,-2.754869699478,-94.711662292480,-35.679176330566
KP1007_AC_CA10_left,-1.748478651047,-95.097671508789,-35.487316131592
KP1007_AC_CA10,-2.374600887299,-94.793228149414,-35.697555541992
KP1009_AC_CA10_X,-1.928847789764,-96.527992248535,-34.551006317139
KP1011_AC_CA10_right,-8.727731704712,-109.217018127441,-39.216480255127
KP1011_AC_CA10_left,-7.667344570160,-108.922912597656,-37.119831085205
KP1011_AC_CA10,-8.418691635132,-109.236549377441,-38.019378662109
KP1013_AC_CA10_right,-11.219583511353,-110.347488403320,-38.407691955566
KP1013_AC_CA10,-10.671583175659,-110.915016174316,-38.591506958008
KP1013_AC_CA10_left,-10.060395240784,-110.941444396973,-38.381267547607
KP1015_AC_CA10_left,-12.088112831116,-110.963272094727,-38.297401428223
KP1015_AC_CA10_right,-12.884264945984,-112.611869812012,-38.710987091064
KP1015_AC_CA10,-12.277672767639,-112.027099609375,-38.594951629639
KP1017_AC_CA10_right,-15.527764320374,-114.352371215820,-37.847053527832
KP1017_AC_CA10,-15.524317741394,-114.092735290527,-37.955043792725
KP1017_AC_CA10_left,-15.422070503235,-113.882492065430,-37.850498199463
KP1019_AC_CA10_left,4.709197521210,-44.076175689697,-27.464910507202
KP1019_AC_CA10_right,4.981474399567,-44.513885498047,-27.506269454956
KP1019_AC_CA10,4.894161701202,-44.318584442139,-27.455718994141
KP1021_AC_CA10_right,-10.333821296692,-73.698081970215,-28.200174331665
KP1021_AC_CA10,-8.540469169617,-73.080001831055,-28.660861968994
KP1021_AC_CA10_left,-6.686228275299,-72.326354980469,-29.738481521606
KP1023_AC_CA10_right,6.666834831238,20.598236083984,-10.895072937012
KP1023_AC_CA10_left,5.997056007385,16.947195053101,-13.407603263855
KP1023_AC_CA10,6.033819198608,18.606132507324,-11.608507156372
KP1025_AC_CA10,12.039998054504,2.749729394913,-17.239011764526
KP1025_AC_CA10_left,11.887201309204,3.023155212402,-17.057495117188
KP1025_AC_CA10_right,12.120417594910,2.498131513596,-17.557243347168
KP1027_AC_CA10_right,12.308828353882,0.355529636145,-16.398056030273
KP1027_AC_CA10,11.982555389404,0.764519631863,-15.735170364380
KP1027_AC_CA10_left,11.797591209412,1.606625318527,-15.423831939697
KP1029_AC_CA10_right,2.136926174164,-0.434877961874,-16.114290237427
KP1029_AC_CA10,2.151861190796,-0.595716714859,-15.400855064392
KP1029_AC_CA10_left,2.567744255066,-0.982878565788,-14.910297393799
KP1031_AC_CA10_right,2.922738313675,-1.942166805267,-14.587471008301
KP1031_AC_CA10,3.153656721115,-2.402854919434,-14.164694786072
KP1031_AC_CA10_left,3.160549879074,-2.918687820435,-14.062447547913
KP1033_AC_CA10_right,2.179433584213,-14.719656944275,-17.060941696167
KP1033_AC_CA10,2.119693279266,-14.422104835510,-17.081621170044
KP1033_AC_CA10_left,2.088674545288,-14.121107101440,-17.153997421265
KP1035_AC_CA10_left,1.030585289001,-21.183076858521,-17.843307495117
KP1035_AC_CA10_right,0.777838647366,-20.299612045288,-16.877124786377
KP1035_AC_CA10,0.959356665611,-20.928031921387,-17.079322814941
KP1037_AC_CA10_right,-1.279748558998,-26.326471328735,-15.370985031128
KP1037_AC_CA10,-0.966112971306,-26.010538101196,-15.277928352356
KP1037_AC_CA10_left,-0.661668181419,-25.732515335083,-15.829375267029
KP1039_AC_CA10_X,-0.524955272675,-27.054840087891,-14.126782417297
KP1041_AC_CA10_right,-0.481299012899,-27.367326736450,-13.596014976501
KP1041_AC_CA10,-0.315864861012,-27.537357330322,-13.319142341614
KP1041_AC_CA10_left,-0.111369885504,-27.656837463379,-13.554656028748
KP1043_LM_CA10_right,11.562077522278,66.626838684082,-0.803589642048
KP1043_LM_CA10_left,11.599988937378,64.694480895996,-2.964573144913
KP1043_LM_CA10,11.295544624329,65.896171569824,-1.991498708725
KP1045_AC_CA10_right,5.823580265045,52.616634368896,-3.274762153625
KP1045_AC_CA10,6.281970500946,52.230621337891,-2.896791219711
KP1045_AC_CA10_left,6.699002265930,51.758445739746,-2.963424205780
KP1047_AC_CA10_X,4.131326675415,50.846260070801,-1.001191496849
KP1049_AC_CA10_right,5.235369682312,50.192565917969,-0.171723097563
KP1049_AC_CA10,5.376677989960,49.912246704102,-0.244100540876
KP1049_AC_CA10_left,5.377827167511,49.692817687988,-0.524419486523
KP1051_AC_CA10_X,5.723630428314,49.432029724121,-3.746938705444
KP1053_AC_CA10_right,12.293893814087,38.644344329834,-5.911368846893
KP1053_AC_CA10,12.170967102051,38.949935913086,-6.319210052490
KP1053_AC_CA10_left,11.942345619202,39.145240783691,-6.817810058594
KP1055_AC_CA10_right,9.515978813171,37.281810760498,-8.024101257324
KP1055_AC_CA10,10.083509445190,36.862480163574,-6.689139366150
KP1055_AC_CA10_left,11.625264167786,36.558036804199,-5.988341808319
KP1057_AC_CA10_left,5.205499649048,36.829162597656,-6.475453376770
KP1057_AC_CA10,5.446757793427,37.493198394775,-6.395033836365
KP1057_AC_CA10_right,6.111940860748,37.913677215576,-6.421457290649
