1 -226936.131534
1 -222364.38044
1 -233563.452108
1 -226486.612513
1 -219697.415359
1 -229448.306998
1 -220485.717809
1 -222567.471025
1 -228678.061797
2 -121118.050496
2 -149275.528562
2 -117055.941567
2 -119226.463184
2 -113758.705273
2 -153186.666837
2 -113215.712202
2 -115228.146054
2 -119539.26668
3 -54936.04923
3 -49223.892772
3 -45613.9
3 -53268.161285
3 -46386.655951
3 -52237.280916
3 -50909.754235
3 -47487.129063
3 -54409.549011
4 -53240.733716
4 -47720.158295
4 -44251.868638
4 -50031.805143
4 -45147.665258
4 -50767.854729
4 -48215.935298
4 -44642.589846
4 -52961.072256
5 -49984.447339
5 -44761.249055
5 -40932.96705
5 -48597.316735
5 -43171.250944
5 -47547.208517
5 -46480.196796
5 -43260.8162
5 -49666.869672
6 -49015.48695
6 -42965.442644
6 -39291.92699
6 -45851.034514
6 -43062.779358
6 -46672.817547
6 -45412.381426
6 -42352.878952
6 -47642.607733
7 -46695.510729
7 -42052.362733
7 -38492.70753
7 -44864.790647
7 -41201.424896
7 -44443.761547
7 -44957.786367
7 -40407.157711
7 -46534.213806
8 -46407.896644
8 -42042.32522
8 -38067.49892
8 -44521.997844
8 -40241.814131
8 -44350.013176
8 -42530.61687
8 -40184.412689
8 -47067.100154
9 -45960.046424
9 -41021.943507
9 -37446.255056
9 -44084.811875
9 -39787.865947
9 -43289.930536
9 -41891.849203
9 -39059.897858
9 -45425.519366
10 -45308.729232
10 -40974.681369
10 -37465.855723
10 -43401.894443
10 -39162.457923
10 -42928.737096
10 -41281.572762
10 -39715.072529
10 -45092.336391
