1 -102936.452512
1 -101137.373835
1 -100825.446827
1 -102078.226584
1 -101058.109782
1 -101854.600916
1 -101778.217797
1 -99381.497446
1 -100251.372669
2 -74078.966918
2 -72543.271696
2 -73220.8204
2 -73922.352468
2 -73549.206474
2 -73532.951074
2 -73913.186983
2 -72424.44678
2 -72756.919272
3 -63651.630955
3 -62617.344334
3 -63804.813162
3 -63841.171655
3 -63529.669579
3 -63438.638738
3 -63856.9041
3 -62291.280014
3 -62992.830574
4 -61324.074378
4 -60272.978464
4 -61353.790439
4 -61580.095486
4 -61303.735735
4 -61155.788004
4 -61567.217601
4 -60018.231322
4 -60655.351651
5 -60301.125727
5 -59014.800858
5 -60314.942942
5 -59966.545496
5 -60042.043251
5 -60113.651719
5 -60512.098296
5 -58962.072177
5 -59588.292836
6 -59002.565034
6 -57760.457972
6 -59048.106565
6 -59217.505646
6 -58978.322681
6 -58879.291747
6 -59168.682972
6 -57807.789248
6 -58260.074367
7 -57721.766148
7 -56516.47615
7 -57472.114688
7 -57801.406153
7 -57494.576236
7 -57241.171368
7 -57796.556257
7 -56329.566705
7 -56929.616701
8 -56926.038587
8 -56176.198261
8 -56830.916717
8 -56313.917972
8 -56303.392715
8 -55964.467233
8 -56989.900493
8 -55747.012166
8 -56376.135965
9 -55404.758096
9 -54401.387721
9 -55557.097793
9 -55416.959012
9 -55324.458301
9 -55257.762533
9 -56094.599833
9 -54355.343399
9 -55197.604627
10 -54646.5601
10 -53788.348402
10 -54738.678953
10 -54908.409049
10 -54779.662072
10 -54377.927956
10 -54938.485079
10 -53698.21428
10 -54093.254459
