1 -203303.759462
1 -197185.861727
1 -201493.576532
1 -202763.037771
1 -202419.082716
1 -208362.141955
1 -208758.31616
1 -197949.774393
1 -206393.497634
2 -182733.378827
2 -177486.347083
2 -182352.031739
2 -184408.72108
2 -181996.623036
2 -187734.382671
2 -187483.97144
2 -179479.386998
2 -185709.887972
3 -177400.525533
3 -172349.526786
3 -176907.344996
3 -179141.894596
3 -176660.559579
3 -182398.286381
3 -181968.955945
3 -174003.815647
3 -180104.251237
4 -175049.634343
4 -170074.306453
4 -174735.41193
4 -176744.805666
4 -174274.230548
4 -180064.106259
4 -179556.208768
4 -171707.078068
4 -177747.769904
5 -173419.51225
5 -168507.332593
5 -173141.639635
5 -175476.484713
5 -172661.21031
5 -179052.707488
5 -177901.397618
5 -169999.369131
5 -176604.622033
6 -172343.996891
6 -167435.918404
6 -172081.043905
6 -173957.210802
6 -171615.757295
6 -177218.974778
6 -176816.099748
6 -169038.977415
6 -174956.572356
7 -171526.532967
7 -166548.637841
7 -171111.542105
7 -173134.67161
7 -170725.643114
7 -176493.781669
7 -176001.346295
7 -167733.468978
7 -174056.580095
8 -170172.328594
8 -165556.422946
8 -170212.74391
8 -171881.090072
8 -169380.522568
8 -175192.241009
8 -174725.707403
8 -166744.860456
8 -172884.525175
9 -169672.729263
9 -164605.977939
9 -169346.613367
9 -170990.352149
9 -168537.98342
9 -174464.690998
9 -173891.702451
9 -166255.473263
9 -171825.816057
10 -168651.013418
10 -163651.679958
10 -168334.323035
10 -170247.088051
10 -167929.260306
10 -173532.256682
10 -172948.958032
10 -165221.084404
10 -171068.674387
