1 -43967.767428
1 -43681.160178
1 -43876.378673
1 -46104.383154
1 -43235.295995
1 -43665.048406
1 -45200.970267
1 -43783.725157
1 -45313.163479
2 -39178.894705
2 -38536.950877
2 -38858.688665
2 -40456.598905
2 -37889.349378
2 -38583.545395
2 -40003.396383
2 -38557.721995
2 -40005.135534
3 -38538.408612
3 -37888.737101
3 -38183.963082
3 -39783.245616
3 -37247.486312
3 -37929.22351
3 -39348.690778
3 -37943.442836
3 -39357.670031
4 -38045.428114
4 -37403.777673
4 -37572.571283
4 -39197.304342
4 -36678.513849
4 -37382.906087
4 -38853.676809
4 -37352.079306
4 -38827.092236
5 -37515.949751
5 -36835.876884
5 -37152.60539
5 -38743.179132
5 -36176.301714
5 -36865.250682
5 -38346.336249
5 -36883.985804
5 -38333.171166
6 -37042.643733
6 -36454.114285
6 -36699.998801
6 -38222.741535
6 -35651.158587
6 -36434.656896
6 -37875.451914
6 -36414.28721
6 -37802.130512
7 -36605.170836
7 -36033.139913
7 -36253.002638
7 -37772.321159
7 -35263.258018
7 -35953.780373
7 -37470.38386
7 -35987.840155
7 -37398.698408
8 -36192.521764
8 -35570.868653
8 -35900.767652
8 -37384.686158
8 -34842.281383
8 -35611.487624
8 -37062.433146
8 -35560.416072
8 -36982.009077
9 -35840.713736
9 -35319.003291
9 -35401.339784
9 -37089.970276
9 -34441.186154
9 -35149.523364
9 -36672.452323
9 -35228.007118
9 -36553.46647
10 -35483.134725
10 -34750.083907
10 -35114.062426
10 -36673.983192
10 -34047.181611
10 -34740.646192
10 -36225.285458
10 -34955.893416
10 -36253.826193
