25 populations (data/AA1_20.genepop.txt.MIG)

genetic estimates ('^a' statistic):
  0.112358
  0.064868  0.045736
  0.044802  0.014041 -0.051694
  0.083924   0.01371  -0.06366 -0.016169
   0.03379 -0.014571 -0.048505 -0.020761 -0.119218
  0.050344  0.240467  0.136576  0.119362  0.141589  0.107459
  0.131888  0.201745  0.112301   0.11579  0.076484  0.048259  0.071039
  0.045818  0.107552 -0.019647  0.023901  0.067886  -0.00525 -0.020438  0.051679
 -0.006402  0.111354    0.0025 -0.003222  0.009566 -0.006744 -0.074701 -0.098531 -0.108815
  0.091944  0.184602  0.014334  0.067479  0.021164  0.015972  -0.00712  0.033946 -0.080807 -0.049995
  0.063846  0.112242  0.001825  0.033277 -0.004354  0.037957 -0.094618 -0.075893 -0.002486 -0.139425 -0.062401
  0.219783  0.286985  0.142814  0.183094  0.227444  0.124908   0.14912  0.106564  0.086232 -0.027963  0.068839 -0.027907
  0.019715  0.206085  0.024704  0.085609  0.156979  0.082853  0.090448  0.007001 -0.012639 -0.090701 -0.044827 -0.069024  0.038076
  0.136284  0.273179  0.026584  0.168498  0.161152   0.12387  0.061756  0.077276  0.017266  0.010456  0.027767 -0.052987 -0.105441 -0.004252
  0.068953  0.222125  0.090233  0.051153  0.163699  0.024037  0.061199  0.054326  0.012656 -0.043273  0.003226   -0.1471  0.004717 -0.077144 -0.006615
  0.033386  0.169339 -0.070789  0.063862  0.118429  0.063661  0.062852   0.08687 -0.138814 -0.047085 -0.059082 -0.032771  0.039375 -0.099358  -0.00319 -0.074727
   0.12199  0.180422 -0.042211  0.052709  0.122779   0.02695  0.063785  0.064316  -0.08904  -0.02686 -0.058791 -0.077678 -0.077377 -0.059098 -0.063456 -0.013672  -0.25815
  0.138295  0.089232  0.033616   0.10739  0.139403   0.05522  0.095345  0.078365 -0.038355 -0.086644  0.002844 -0.001675 -0.034412 -0.062512 -0.080344 -0.037934 -0.160192 -0.223229
  0.104619   0.08103  0.047081  0.057264  0.034022 -0.001075  0.102273 -0.012139  0.004359 -0.127484 -0.037632 -0.054214  0.071372  -0.06728 -0.044802 -0.070697 -0.027588  0.010668 -0.248627
  0.072173  0.225755   0.06551  0.026205  0.156952  0.047847  0.135452  0.147479 -0.002903 -0.008388  0.009659 -0.029661  0.012313 -0.014951  0.025483 -0.152198  -0.04524  -0.02835 -0.043928 -0.016411
  0.097572  0.094426  0.022959  -0.00701  0.079521  0.021008  0.143944  0.164038  0.040644  -0.02979  0.115629  0.077067  0.107622  0.075581  0.138576  0.090877  0.104821  0.085773  0.121396  0.062408  0.038037
    0.0335  0.018817  0.060377 -0.000197  0.063475   0.03754  0.165102  0.120775  0.026682  0.064054  0.087021  0.076739  0.164505   0.11149  0.172967  0.087515  0.053614   0.11665  0.119537  0.077243 -0.013711 -0.023266
  0.133015 -0.011022  0.111466  0.027216  0.134451  0.037539  0.183144  0.178683  0.017112  0.014916  0.093771  0.103057  0.137883  0.106554  0.130109  0.113799  0.103829  0.086486  0.079193  0.054919  0.026303 -0.020211  0.048489
  0.064186  0.141139  0.056707  0.090532   0.01617  0.031844  0.172852  0.042531   0.06025  0.015862  0.025206 -0.008118  0.077331  0.098825  0.138346   0.16632  0.033609  0.020247  0.077565  0.015712  0.160693  0.071539     9e-06  0.190194

Ln(distance):
  0.605458
   1.89123    1.6777
   1.85211   1.57901   0.24526
   3.12812   3.06593   2.78523   2.81037
   3.09658   3.03253   2.74049   2.76714  -0.34153
   10.6667   10.6666   10.6665   10.6665   10.6661   10.6662
   10.6665   10.6665   10.6664   10.6664    10.666    10.666   1.79397
   10.6666   10.6665   10.6664   10.6664    10.666   10.6661   1.39698  0.736118
   10.6665   10.6665   10.6664   10.6664    10.666    10.666   1.89688  0.165232   1.11033
   10.6664   10.6663   10.6662   10.6662   10.6658   10.6659   2.52843   1.88334    2.1584   1.77366
   10.6665   10.6664   10.6663   10.6663   10.6659    10.666   2.12705  0.901721   1.47164  0.925544   1.52036
   10.6663   10.6662   10.6661   10.6661   10.6657   10.6657    2.8672   2.45548   2.61993   2.39113   1.62482   2.26004
   10.6663   10.6662   10.6661   10.6661   10.6657   10.6658   2.83121   2.41446    2.5853   2.33476   1.56883   2.23651  0.549672
   10.6661   10.6661    10.666    10.666   10.6656   10.6656   3.14593   2.84786   2.96068   2.80977   2.37157   2.71018   1.75151   1.93685
   10.6662   10.6661    10.666    10.666   10.6656   10.6657   3.06762   2.74152   2.86663   2.69778   2.19253   2.58946   1.38258   1.65006  0.575561
   10.6662   10.6662   10.6661   10.6661   10.6657   10.6657   2.91409   2.52424   2.67832    2.4659   1.77612   2.33941 -0.137495  0.864591   1.58766   1.13596
   10.6662   10.6662   10.6661   10.6661   10.6657   10.6657   2.90059    2.5044   2.66137   2.44464   1.73364   2.31609 -0.467693  0.787887   1.63696   1.21239  -1.39222
   10.6663   10.6662   10.6661   10.6661   10.6657   10.6657   2.88033   2.47387    2.6353   2.41263   1.66655   2.27887  -1.07261  0.722509   1.70209   1.31074 -0.489177 -0.993207
   10.6662   10.6662    10.666   10.6661   10.6657   10.6657   2.99508   2.64672   2.78471   2.58959   2.02267   2.49355  0.937184   1.14526   1.36742  0.859574  0.651079  0.744301  0.896334
   10.6661   10.6661    10.666    10.666   10.6656   10.6656   3.13314   2.83097   2.94582   2.79142   2.34319   2.69188   1.69315   1.88426  -0.99599  0.377424   1.51886   1.57174   1.64198   1.26912
   9.33997   9.33985   9.33939   9.33942   9.33797   9.33803   10.3583   10.3581   10.3582   10.3581   10.3579    10.358   10.3577   10.3578   10.3576   10.3576   10.3577   10.3577   10.3577   10.3577   10.3576
   9.33973    9.3396   9.33914   9.33917   9.33772   9.33778   10.3584   10.3582   10.3583   10.3582    10.358   10.3581   10.3578   10.3579   10.3577   10.3577   10.3578   10.3578   10.3578   10.3578   10.3577   1.10117
   9.33981   9.33968   9.33923   9.33926    9.3378   9.33786   10.3584   10.3582   10.3582   10.3581    10.358   10.3581   10.3578   10.3578   10.3576   10.3577   10.3578   10.3578   10.3578   10.3577   10.3576  0.849089 0.0172973
   10.1292   10.1291   10.1289    10.129   10.1283   10.1283   9.78905   9.78872   9.78883   9.78867   9.78835   9.78859   9.78806    9.7881   9.78775   9.78785   9.78802   9.78803   9.78805   9.78793   9.78777   9.52371   9.52392   9.52385

________________________________________________________________

Minimum distance between pairs in regression: 100
Maximum distance between pairs in regression: 100000

Fitting '^a' statistic to a + b ln(distance)
a = -0.163472, b = 0.0239777

 ABC bootstrap results for SLOPE:
 Point estimate and 95% confidence interval:
0.0239777 [ -0.0200927 , 0.0660358 ]

Unidirectional P-value for [ slope=0 ] : 0.141441

Mantel test, 1000 permutations
NOTE: Mantel procedure not meaningful on minDist/maxDist selection.
      Using all distances, not directly comparable to regression estimates.

Test of isolation by distance (One tailed Pvalue):
 Pr(correlation > observed correlation) =0 under null hypothesis

Other one tailed Pvalue:
 Pr(correlation < observed correlation) =1 under null hypothesis

 ABC bootstrap results for INTERCEPT:
 Point estimate and 95% confidence interval:
-0.163472 [ -0.586622 , 0.296849 ]
