37 populations (../data/AH1_all.genepop.txt.MIG)

genetic estimates ('^a' statistic):
   2.40676
   2.24386   1.14609
   2.07243   1.41589   1.35661
   2.30661   1.46226  0.929196   1.48577
   2.37202   1.44075   1.34894   1.60857   1.54889
    2.3077   1.83573    2.0427   1.69915   1.93581   1.77516
   2.33045   2.10218   2.13783   2.14933    1.9757   2.16337   2.08312
   1.93693   1.44301    1.3847    1.5113   1.45789   1.71185   1.96657   1.95474
   1.90739   1.05801   1.15602   1.45395   1.19348   1.34296   1.67134   1.64939  0.923944
    2.3912   1.89535    2.0041   2.31976   1.80441   1.90721   2.25402   2.02687   1.63501   1.47113
   2.16415   1.40281    1.3251   1.92164   1.46735   1.70553   1.92006   2.23892   1.01277   1.01299   1.38657
   1.83324   1.35545   1.43148    1.6537    1.3139   1.60522   1.93919   1.52164  0.816595  0.802865   1.27684   1.03148
   2.46344   1.81859   1.73682   2.04116   1.77561   2.13904    2.1447   2.36584   1.28443   1.33446   2.29707     1.347    1.3992
   2.21881   1.87243   1.41018   1.96623   1.39732   1.72918   2.01239   2.07043   1.68345   1.36177   1.63705   1.63042    1.4511   2.32781
   2.42763   1.52057    1.5152   1.93363   1.52318   1.96535   2.15475   2.27691   1.19956  0.934226     2.055   1.15324   1.04257   1.84589   1.67819
   2.46894   1.65606   1.48442   1.95393   1.16224     1.838   1.84142    1.8862   1.69783   1.02236   1.65413   1.54379   1.34388   1.81755   1.51482   1.73103
   2.72838   1.85023   2.02371   2.37358    2.0105   2.22287   2.33765   2.48495   1.47497   1.38831   1.46645   1.32339  0.297662   2.04653    1.8455    1.4738   2.09191
   1.99611   1.96339   1.67972   1.82909    1.8055    2.1837   1.32471    1.8288   1.61755   1.29614   1.90182   1.66122   1.57275   2.06463   1.99212   2.02844   1.84434   2.06108
   2.46663   1.72894   2.05015   2.17822   2.05834   1.90503   2.07006    2.0356   1.79618   1.31054   2.03046   1.75815   1.59488     2.216    1.8864    1.9647   2.07676   2.19603   1.70836
   2.28993   1.25952   1.22802   1.30126   1.23782   1.44031   1.83544   1.91413   1.46154    1.2411   1.56477   1.56309   1.31518   1.99172   1.69251   1.73627   1.44945    1.9461   1.71657    1.8344
   1.73235   1.76101   1.75713   1.77536   1.60233   1.82512   1.26909   1.68308   1.49954   1.14614   1.87558   1.34583   1.24726   1.93418   1.66271   1.68841   1.51538   1.89541   0.86149   1.48873   1.59723
   2.29979    2.0584   2.05412   2.10593   1.71959   2.05349   1.73596   2.05728   1.94398   1.43311   2.01464   1.87853      1.38   2.27695   1.74038   1.31709   1.79078   1.97055   1.62681   1.81055   1.89942   1.23554
   1.54628   1.69676   1.40999   1.40375   1.32433   1.59717    1.5976   1.46978   1.59658   1.15813   1.78229   1.40394   1.19307   1.60721   1.49391   1.68012   1.52715   2.03494  0.951398   1.48337    1.1439   0.81192   1.42321
   2.37349   2.24794   2.08024   1.83386   2.03637   2.32765   1.42131   2.30482   1.74446   1.65754   2.13266   1.96725   1.81671    2.1697   2.14353   2.11052   2.01178   2.32652  0.658407   2.05884    1.7628   1.04257   1.35868   1.37655
   1.85248   1.65778    1.4203   1.57804   1.35717   1.66459   1.65085   1.52968   1.12856  0.951176   1.76643   1.46611     1.088   1.75323    1.4536   1.41741    1.5464   1.97822   1.09236   1.24489   1.11551   1.20379   1.47606   1.01939   1.31939
   2.50905   2.24678   2.24475   2.26794   1.79696   2.23394   2.05224   2.19902   1.85528   1.55163   2.15985   1.94177   1.68975   2.58287   1.76518   2.02828   2.11478   2.26595   1.74314   1.60968   1.90855   1.62786   1.79646   1.61428   2.24446   1.53777
    2.3815   1.93409   2.05627   2.30126   1.84398   2.21267   1.86198   2.07306   1.66671   1.35962   2.36905   2.08077    1.7942   2.25589   1.81459    2.0784   2.02837   2.37574   1.97287   1.70889   1.91524   1.60677   1.73712   1.77578   1.98514   1.56971   1.56055
   2.36489   1.91299   1.92198   2.19874   1.79815   2.12916   1.68348   2.30263   1.80567   1.64336   2.41192   2.06336   1.70547   2.22575    1.9674   1.87131   2.01879   2.39479   1.92359   1.85466   2.00051   1.48187   1.90986   1.50181   1.85316   1.69967   2.04539    2.1043
   2.33401   2.17068   1.86826   2.24451   1.69211   2.33804   1.92641   2.13653   1.80684   1.36768   2.15699   1.86373   1.70228   2.40365   1.70727   2.02448   1.98717   2.38841   1.55353   2.15987   1.82966   1.57338   1.82272   1.72773   1.79066   1.65121   1.83812   1.85922   1.75515
   1.65612   1.24015   1.32612   1.39014   1.33214   1.50229   1.49816   1.30333   1.10977  0.809224   1.48983   1.34057  0.784372   1.58621   1.03979   1.39057   1.28564   1.75348   1.19279   1.26284   1.20659   1.06382   1.33458   0.77105   1.30998  0.795172   1.43744   1.42907   1.38117   1.38812
   1.69891    1.6676   1.77945   1.73964   1.72269   1.71635   1.85804   1.88834   1.71928   1.02931   2.06269   1.68502   1.39631   1.92658   1.83927   1.50579   1.77381   2.17072   1.43274   1.55802   1.35493   1.10057   1.74393  0.798144   1.74761   1.33413     1.788   1.85591   1.72916   1.90488   1.07516
   2.13495   1.74842   1.71391   1.81376   1.71966    1.9242   1.74028   1.80591   1.31791   1.17534    1.8196    1.7004   1.36145   2.12993   1.63533   1.70317   1.60581    2.0854  0.733206   1.61772   1.30934   1.00611   1.58543   1.19222   1.05804  0.723752   1.68845     1.791   1.67513   1.36173   1.05149   1.38529
   2.14546    1.8235   1.70013   2.04262   1.71287   1.93243   2.04815   1.64421   1.61381   1.37848   1.88578   1.83209   1.31654   1.94603   1.58972   1.87948   1.80491     2.192   1.58236   1.76781   1.78639   1.39848   1.84957   1.29651   1.74485   1.23839   2.03832   1.93538   1.89481   2.00668   1.00936   1.49997   1.68491
   1.93182   1.38162   1.49951   1.55808   1.23887   1.59309   1.58163   1.43205   1.19952  0.985122   1.44015   1.50866   1.16101   1.50012   1.50726   1.43795   1.43897   1.73302   1.23733   1.31905    1.2063   1.23151   1.45429   1.02528   1.79042   1.01401   1.27575   1.18203   1.55878   1.39957  0.620234   1.21251   1.06045   1.35377
    2.2081   1.53825   1.60821   1.92952   1.17101   1.83035   1.81946   2.03521   1.53957   1.15176   1.77662   1.77714   1.46336   2.06508   1.69524   1.68576   1.35781   2.16624   1.69914   2.14473    1.2527   1.61146   1.91264   1.47261   2.12995   1.49037   1.93155   1.73548   1.75017   1.93707   1.13522   1.57004   1.60692   1.92303   1.26261
   2.13778   1.44571   1.59112   1.88368   1.36291   1.92313   1.82599   1.77984    1.0531   1.08224   1.72993   1.34041    1.1931   1.58911   1.82072   1.49941   1.46795   1.79858   1.39611    1.7766   1.51041   1.46789   1.82346   1.69028   1.92654   1.32108   1.92401   1.72307   1.91428   1.71731   1.21653    1.7441   1.34744   1.46522   1.18771   1.61956

distance:
   11.8809
    9.8793   2.37309
   40.2067   39.8878   40.8462
     11373   11361.3   11363.1   11372.5
   11390.6   11378.9   11380.7   11390.1   17.8544
   31500.4   31512.1   31510.2     31501   42873.4     42891
     13674   13685.7   13683.9   13674.5     25047   25064.6   17826.5
     13676   13687.7   13685.8   13676.5     25049   25066.6   17824.5   1.99145
   13675.9   13687.6   13685.8   13676.5   25048.9   25066.5   17824.5   1.95673  0.123254
   13674.4   13686.1   13684.3     13675   25047.4     25065     17826   1.12254   1.73166   1.63591
   13674.4   13686.1   13684.2   13674.9   25047.4     25065   17826.1   1.15926   1.82219   1.72521 0.0941895
   13669.7   13681.4   13679.5   13670.2   25042.7   25060.3   17830.8    4.3277   6.29352   6.24108   4.80778   4.75075
   13669.5   13681.2   13679.3     13670   25042.5   25060.1     17831   4.66981   6.56021   6.49311   4.95295   4.88308  0.908081
   13666.8   13678.5   13676.7   13667.3   25039.8   25057.4   17833.7   7.24423   9.19665   9.13917   7.64917    7.5839    2.9213   2.73238
     13667   13678.7   13676.9   13667.6     25040   25057.6   17833.4   7.07228   9.00008   8.93739   7.41425   7.34527   2.79209   2.46323   0.48208
   13660.7   13672.4   13670.5   13661.2   25033.6   25051.3   17839.8   13.3531   15.3215   15.2675   13.7871   13.7214   9.02844   8.85216   6.13802   6.39469
   13660.6   13672.3   13670.5   13661.1   25033.6   25051.2   17839.9   13.4222   15.3841    15.328   13.8336   13.7665   9.09481   8.88907   6.18988   6.42686  0.301849
   31496.1   31507.8   31505.9   31496.7   42869.1   42886.7   4.33103   17822.2   17820.2   17820.2   17821.7   17821.8   17826.5   17826.7   17829.4   17829.1   17835.5   17835.6
   31493.5   31505.2   31503.3   31494.1   42866.5   42884.1   6.91069   17819.6   17817.6   17817.6   17819.1   17819.2   17823.9   17824.1   17826.8   17826.5   17832.9     17833    2.6173
     31492   31503.7   31501.9   31492.6     42865   42882.6   8.35133   17818.1   17816.1   17816.2   17817.7   17817.7   17822.4   17822.6   17825.3   17825.1   17831.5   17831.5   4.10571   1.50599
   31487.8   31499.6   31497.7   31488.5   42860.9   42878.5   12.5171   17813.9     17812     17812   17813.5   17813.6   17818.3   17818.5   17821.2   17820.9   17827.3   17827.3   8.23629   5.62036   4.16868
     31503   31514.7   31512.9   31503.6     42876   42893.6   18.7039   17829.1   17827.1   17827.1   17828.6   17828.7   17833.4   17833.6   17836.3     17836   17842.4   17842.5    19.257   20.5434   21.6106   23.8865
   31507.5   31519.2   31517.3   31508.1   42880.5   42898.1   21.6073   17833.5   17831.6   17831.6   17833.1   17833.2   17837.8   17838.1   17840.7   17840.5   17846.9   17846.9    22.896   24.4871   25.6735   28.2737   4.85542
   31498.1   31509.8   31507.9   31498.7   42871.1   42888.7   20.2058   17824.1   17822.2   17822.2   17823.7   17823.8   17828.5   17828.7   17831.3   17831.1   17837.5   17837.5   19.6278   20.2852   21.0598   22.4852    5.1643     9.403
   31498.8   31510.5   31508.7   31499.4   42871.8   42889.4   19.3352   17824.9   17822.9     17823   17824.4   17824.5   17829.2   17829.4   17832.1   17831.9   17838.2   17838.3   18.9226   19.6924   20.5254   22.1304   4.25179   8.73141    1.0914
   31499.3     31511   31509.2   31499.9   42872.3   42889.9   19.3798   17825.3   17823.4   17823.4   17824.9     17825   17829.7   17829.9   17832.6   17832.3   17838.7   17838.7   19.0712   19.8974   20.7562    22.431   3.80984    8.2592   1.40753  0.472477
   31499.7   31511.4   31509.6   31500.3   42872.7   42890.3   20.2466   17825.8   17823.8   17823.8   17825.3   17825.4   17830.1   17830.3     17833   17832.7   17839.1   17839.2   20.0156   20.8655   21.7304   23.4033   3.72586   7.78159   1.62536   1.30279  0.976986
     31494   31505.7   31503.9   31494.6     42867   42884.6   20.0433     17820   17818.1   17818.1   17819.6   17819.7   17824.4   17824.6   17827.3     17827   17833.4   17833.4   18.5668   18.6849   19.1939   19.9168   9.03009   13.5638    4.2326   4.84079   5.31084   5.84321
   31494.4   31506.1   31504.2     31495   42867.4     42885   19.8066   17820.4   17818.4   17818.5     17820   17820.1   17824.7   17824.9   17827.6   17827.4   17833.8   17833.8   18.4025   18.5728   19.1105   19.9159   8.64976   13.2051   3.90833   4.47618   4.94751   5.50739   0.39552
   31494.5   31506.2   31504.4   31495.1   42867.5   42885.1   19.7731   17820.5   17818.6   17818.6   17820.1   17820.2   17824.9   17825.1   17827.8   17827.5   17833.9   17833.9   18.3971    18.586   19.1335   19.9655   8.51795   13.0731   3.78073   4.34394   4.81531   5.37778  0.520974   0.13235
   31496.1   31507.9     31506   31496.7   42869.1   42886.8   19.9819   17822.2   17820.2   17820.3   17821.8   17821.8   17826.5   17826.7   17829.4   17829.2   17835.5   17835.6   18.9787   19.3924   20.0505   21.1682   6.93736   11.3705   2.01504   2.69128   3.15042   3.62646   2.21815   1.89631    1.7705
     31509   31520.7   31518.9   31509.6     42882   42899.6   48.8582     17835   17833.1   17833.1   17834.6   17834.7   17839.4   17839.6   17842.2     17842   17848.4   17848.4   49.2649   50.2294   51.0871   52.4866   30.1742   27.7275   30.0665   30.5617   30.3371   29.3661   32.7347   32.6775   32.6128   31.3211
   31505.1   31516.8     31515   31505.6   42878.1   42895.7   48.4855   17831.1   17829.1   17829.2   17830.7   17830.8   17835.4   17835.6   17838.3   17838.1   17844.5   17844.5   48.5476     49.32   50.0813   51.1895   29.8112   27.9554    29.036   29.6509    29.481   28.5324   31.2874   31.2753   31.2242   30.0844   3.92517
   31504.4   31516.1   31514.3     31505   42877.4     42895   49.3367   17830.4   17828.4   17828.5     17830   17830.1   17834.7   17834.9   17837.6   17837.4   17843.8   17843.8   49.3272   50.0556   50.7936   51.8282   30.6868   28.9349    29.772   30.4131   30.2559   29.3144   31.9136   31.9135   31.8661   30.7679   4.74085   1.14972
   13664.9   13676.6   13674.7   13665.5   25037.9   25055.5   17835.5   47.1333   47.3056    47.185   46.2029   46.1256   46.2122    45.311   45.5978   45.1831    45.985   45.6948   17831.2   17828.6   17827.2     17823   17838.2   17842.6   17833.2     17834   17834.4   17834.9   17829.1   17829.5   17829.6   17831.3   17844.2   17840.3   17839.6
   13661.5   13673.3   13671.4   13662.2   25034.5   25052.2   17838.8   47.1184   47.4331    47.311   46.2363   46.1553   45.8914   44.9844   45.0677   44.6725   45.0066   44.7112   17834.5   17831.9   17830.5   17826.3   17841.5   17845.9   17836.5   17837.3   17837.8   17838.2   17832.5   17832.8     17833   17834.6   17847.5   17843.6   17842.9   3.40364

________________________________________________________________

Minimum distance between pairs in regression: 100
Maximum distance between pairs in regression: 100000

Fitting '^a' statistic to a + b (distance)
a = 1.70871, b = 2.94691e-06

 ABC bootstrap results for SLOPE:
 Point estimate and 95% confidence interval:
2.94691e-06 [ -1.52585e-06 , 7.64825e-06 ]

Unidirectional P-value for [ slope=0 ] : 0.0997311

Mantel test, 1000 permutations
NOTE: Mantel procedure not meaningful on minDist/maxDist selection.
      Using all distances, not directly comparable to regression estimates.

Test of isolation by distance (One tailed Pvalue):
 Pr(correlation > observed correlation) =0 under null hypothesis

Other one tailed Pvalue:
 Pr(correlation < observed correlation) =1 under null hypothesis

 ABC bootstrap results for INTERCEPT:
 Point estimate and 95% confidence interval:
1.70871 [ 1.48435 , 1.91199 ]
