30 populations (data/AA1_all.genepop.txt.MIG)

genetic estimates ('^a' statistic):
  0.064845
  0.016409 -0.005844
  0.039662  0.069433  0.043654
  0.104841  0.100868  0.011812  0.005429
  0.095524  0.104684  0.062268 -0.023235 -0.053834
  0.155335  0.162598  0.146588  0.104254  0.139062  0.061549
  0.180061  0.166086  0.143581  0.116965  0.209009  0.076527  0.029668
  0.166077  0.117889  0.060439  0.117865  0.099648  0.108563 -0.029478  0.046731
   0.05387  0.133052  0.002633  0.061081  0.069734  0.091926 -0.019887 -0.035514 -0.059506
  0.128716  0.177756  0.072281  0.112315  0.133502  0.123189  0.016786   0.05709 -0.024522 -0.073069
  0.092772  0.113709  0.055807  0.061208   0.07627  0.098308 -0.038894  0.001491    -0.025 -0.135547 -0.066447
  0.142774   0.10619  0.016531 -0.004202  0.067047  0.049257 -0.031567 -0.073029  0.024323 -0.069733  -0.02101 -0.101152
  0.183602  0.106397  0.156931  0.147113  0.191892  0.139046  0.130368    0.0292  0.064976 -0.048611  0.026676  0.002796 -0.027385
  0.048204  0.048747  0.094763  0.076297   0.09456  0.068557   0.01932   0.00414 -0.026848 -0.061904 -0.030591 -0.055631  -0.02563  0.043759
  0.129631  0.079349  0.076767  0.075905   0.12572  0.074141  0.007186  0.044087 -0.013332 -0.097179 -0.029283 -0.090749 -0.109469  -0.05562  -0.01035
  0.169975  0.266771  0.188142  0.144507  0.185787  0.119424  0.045643  0.039606  -0.03319  0.031696   0.00289 -0.040549 -0.016848  0.034443 -0.089393 -0.042785
  0.148633  0.203249  0.080939  0.121873  0.138145  0.124621  0.050503  0.014366 -0.041369 -0.005854 -0.076151 -0.046454 -0.048267  0.049018  0.005002 -0.035523 -0.066431
  0.215281  0.200446  0.132236  0.157001  0.199229  0.146104  0.118862   0.04144  0.002332  0.017449  0.034697   0.01703 -0.053845  -0.05795   0.00768  0.005027   0.01443 -0.246695
  0.141357  0.197769     0.119  0.167072    0.1239  0.101609  0.047165 -0.019042 -0.030992  -0.06261  0.017376 -0.018122 -0.023702  0.004046  0.021533 -0.009927 -0.042387 -0.139857 -0.204415
  0.093257  0.137977  0.133999  0.118362  0.117174   0.10128  0.029385 -0.015939  -0.02558 -0.090624  -0.00841 -0.033278  0.031725   0.01364 -0.000502 -0.015377 -0.043748  0.005231  0.050954 -0.246308
  0.079086  0.112295  0.086645  0.011744   0.09263  0.045303  0.095043  0.044532  0.000289 -0.041144  -0.05568 -0.055109 -0.027099  0.029558 -0.031469 -0.029082 -0.123385 -0.063179  0.017775 -0.021909 -0.036007
  0.173242  0.111773  0.135567  0.110448  0.145771   0.14961  0.195814   0.20716  0.127459  0.077997  0.130427  0.126795   0.13478  0.239982   0.11869  0.165209  0.209392   0.12586  0.177374  0.134566  0.124425  0.090406
  0.038917  0.017765  0.069152   0.01215  0.036917  0.083532  0.127881  0.199534  0.064001  0.051858  0.175202  0.083717  0.092292  0.137918  0.075047  0.099054  0.164376  0.188017  0.182564  0.135113  0.072993  0.045034 -0.003812
  0.083115  0.005065  0.036937  0.018759  0.033478   0.02209  0.084812  0.176305 -0.043396 -0.026966  0.055907  0.031579  0.020532  0.075534 -0.016862  0.014762  0.106773  0.102501  0.117314  0.103806  0.078057 -0.006178  0.039354 -0.045188
  0.134466  0.097172  0.069684  0.044867  0.073674  0.077671  0.069794  0.125147  0.093303  0.039486  0.008964  0.052216  0.062057  0.095766  0.076015  0.030243  0.157224   0.07789   0.11037  0.134832  0.049363  0.042319  0.100453   0.07409  0.019419
  0.081422  0.055846  0.071574  0.044489   0.00841  0.007002  0.121516  0.123812  0.092242  0.029973  0.046862  0.020433  0.048711  0.072961  0.004545  0.040746  0.131397  0.109422  0.129421  0.102565  0.035279   0.00402  0.166396  0.028095  0.028501 -0.018273
  0.079962  0.125201  0.029927  0.105752  0.113493  0.082831  0.128807  0.019025  0.127801  0.052905  0.047799  0.058595  0.090075  0.070939   0.08692  0.039596  0.153619  0.050769  0.074078  0.076523   0.05895  0.073053  0.183625  0.090993  0.101864  -0.01809  0.034753
  0.101909  0.070803  0.069283  0.114759  0.081625  0.027899  0.115974  0.125764  0.109229  0.098725   0.08109  0.093494   0.07013  0.101855  0.036697  0.068081  0.173609  0.096495  0.130238  0.133638  0.072438   0.05897  0.151553  0.093375  0.044324 -0.228044 -0.005454   -0.0374
  0.124965  0.136289 -0.025689  0.109462   0.06773  0.044234   0.08872  0.074191  0.105983  0.099716   0.10823  0.047151  0.027904  0.103648  0.112225  0.092991  0.127464  0.100304  0.133347  0.079377  0.087789  0.055048  0.108464  0.095293  0.017969  0.006355  0.046144 -0.016645 -0.027772

Ln(distance):
  0.605458
   1.89123    1.6777
   1.85211   1.57901   0.24526
   3.12812   3.06593   2.78523   2.81037
   3.09658   3.03253   2.74049   2.76714  -0.34153
   10.6662   10.6662   10.6663   10.6663   10.6667   10.6667
    10.666   10.6661   10.6662   10.6662   10.6666   10.6665   1.79397
   10.6661   10.6661   10.6662   10.6662   10.6666   10.6666   1.39698  0.736118
    10.666    10.666   10.6662   10.6662   10.6665   10.6665   1.89688  0.165232   1.11033
   10.6659   10.6659    10.666    10.666   10.6664   10.6664   2.52843   1.88334    2.1584   1.77366
   10.6659    10.666   10.6661   10.6661   10.6664   10.6664   2.38721   1.58571   1.92713   1.51427  0.848584
    10.666    10.666   10.6661   10.6661   10.6665   10.6665   2.12705  0.901721   1.47164  0.925544   1.52036  0.929737
   10.6658   10.6658   10.6659   10.6659   10.6663   10.6663    2.8672   2.45548   2.61993   2.39113   1.62482    1.9637   2.26004
   10.6658   10.6658   10.6659   10.6659   10.6663   10.6663   2.83121   2.41446    2.5853   2.33476   1.56883   1.95816   2.23651  0.549672
   10.6656   10.6657   10.6658   10.6658   10.6662   10.6661   3.14593   2.84786   2.96068   2.80977   2.37157   2.52594   2.71018   1.75151   1.93685
   10.6657   10.6657   10.6658   10.6658   10.6662   10.6662   3.06762   2.74152   2.86663   2.69778   2.19253   2.37965   2.58946   1.38258   1.65006  0.575561
   10.6657   10.6658   10.6659   10.6659   10.6663   10.6663   2.91409   2.52424   2.67832    2.4659   1.77612   2.06585   2.33941 -0.137495  0.864591   1.58766   1.13596
   10.6657   10.6658   10.6659   10.6659   10.6663   10.6663   2.90059    2.5044   2.66137   2.44464   1.73364   2.03564   2.31609 -0.467693  0.787887   1.63696   1.21239  -1.39222
   10.6657   10.6658   10.6659   10.6659   10.6663   10.6663   2.88033   2.47387    2.6353   2.41263   1.66655   1.98616   2.27887  -1.07261  0.722509   1.70209   1.31074 -0.489177 -0.993207
   10.6657   10.6657   10.6659   10.6658   10.6662   10.6662   2.99508   2.64672   2.78471   2.58959   2.02267   2.26885   2.49355  0.937184   1.14526   1.36742  0.859574  0.651079  0.744301  0.896334
   10.6656   10.6657   10.6658   10.6658   10.6662   10.6661   3.13314   2.83097   2.94582   2.79142   2.34319   2.50416   2.69188   1.69315   1.88426  -0.99599  0.377424   1.51886   1.57174   1.64198   1.26912
   9.33783   9.33796   9.33842   9.33839   9.33984   9.33978   10.3584   10.3582   10.3583   10.3582    10.358   10.3581   10.3581   10.3578   10.3579   10.3577   10.3577   10.3578   10.3578   10.3578   10.3578   10.3577
   9.33808   9.33821   9.33866   9.33863   9.34009   9.34003   10.3583   10.3581   10.3582   10.3581   10.3579    10.358    10.358   10.3577   10.3578   10.3576   10.3576   10.3577   10.3577   10.3577   10.3577   10.3576   1.10117
     9.338   9.33812   9.33858   9.33855      9.34   9.33994   10.3583   10.3581   10.3582   10.3581   10.3579    10.358   10.3581   10.3578   10.3578   10.3576   10.3577   10.3577   10.3578   10.3578   10.3577   10.3576  0.849089 0.0172973
   10.6662   10.6662   10.6663   10.6663   10.6667   10.6667   2.98949   2.99919   2.95698   3.05359   3.14712   3.04703   2.99035   3.28433   3.31249   3.39823   3.36151   3.29955   3.29406   3.28313   3.36705   3.39579   10.3584   10.3583   10.3584
    10.128    10.128   10.1282   10.1282   10.1289   10.1288   9.78958   9.78925   9.78936   9.78921   9.78888   9.78898   9.78913   9.78859   9.78863   9.78828   9.78838   9.78855   9.78856   9.78858   9.78846    9.7883   9.52322   9.52302   9.52309   9.78965
   10.1283   10.1284   10.1286   10.1286   10.1293   10.1292   9.78905   9.78872   9.78883   9.78867   9.78835   9.78845   9.78859   9.78806    9.7881   9.78775   9.78785   9.78802   9.78803   9.78805   9.78793   9.78777   9.52391   9.52371   9.52378   9.78912   2.91066
   10.1279   10.1279   10.1281   10.1281   10.1288   10.1287   9.78973    9.7894   9.78952   9.78936   9.78903   9.78914   9.78928   9.78875   9.78878   9.78843   9.78853    9.7887   9.78871   9.78873   9.78861   9.78845   9.52302   9.52282   9.52289    9.7898   2.59631   2.52197
    10.128    10.128   10.1282   10.1282   10.1289   10.1289   9.78956   9.78923   9.78934   9.78919   9.78886   9.78896   9.78911   9.78857   9.78861   9.78826   9.78836   9.78853   9.78854   9.78856   9.78844   9.78828   9.52325   9.52304   9.52311   9.78963   2.70363   2.21513    1.2638

________________________________________________________________

Minimum distance between pairs in regression: 0.001
Maximum distance between pairs in regression: 100

Fitting '^a' statistic to a + b ln(distance)
a = -0.0635737, b = 0.0303469

 ABC bootstrap results for SLOPE:
 Point estimate and 95% confidence interval:
0.0303469 [ 0.0216016 , 0.0398882 ]

Unidirectional P-value for [ slope=0 ] : 2.72149e-14

Mantel test, 1000 permutations
NOTE: Mantel procedure not meaningful on minDist/maxDist selection.
      Using all distances, not directly comparable to regression estimates.

Test of isolation by distance (One tailed Pvalue):
 Pr(correlation > observed correlation) =0 under null hypothesis

Other one tailed Pvalue:
 Pr(correlation < observed correlation) =1 under null hypothesis

 ABC bootstrap results for INTERCEPT:
 Point estimate and 95% confidence interval:
-0.0635737 [ -0.0958999 , -0.0275957 ]
