30 populations (../data/AA1_all.genepop.txt.MIG)

genetic estimates ('^a' statistic):
  0.064845
  0.016409 -0.005844
  0.039662  0.069433  0.043654
  0.104841  0.100868  0.011812  0.005429
  0.095524  0.104684  0.062268 -0.023235 -0.053834
  0.155335  0.162598  0.146588  0.104254  0.139062  0.061549
  0.180061  0.166086  0.143581  0.116965  0.209009  0.076527  0.029668
  0.166077  0.117889  0.060439  0.117865  0.099648  0.108563 -0.029478  0.046731
   0.05387  0.133052  0.002633  0.061081  0.069734  0.091926 -0.019887 -0.035514 -0.059506
  0.128716  0.177756  0.072281  0.112315  0.133502  0.123189  0.016786   0.05709 -0.024522 -0.073069
  0.092772  0.113709  0.055807  0.061208   0.07627  0.098308 -0.038894  0.001491    -0.025 -0.135547 -0.066447
  0.142774   0.10619  0.016531 -0.004202  0.067047  0.049257 -0.031567 -0.073029  0.024323 -0.069733  -0.02101 -0.101152
  0.183602  0.106397  0.156931  0.147113  0.191892  0.139046  0.130368    0.0292  0.064976 -0.048611  0.026676  0.002796 -0.027385
  0.048204  0.048747  0.094763  0.076297   0.09456  0.068557   0.01932   0.00414 -0.026848 -0.061904 -0.030591 -0.055631  -0.02563  0.043759
  0.129631  0.079349  0.076767  0.075905   0.12572  0.074141  0.007186  0.044087 -0.013332 -0.097179 -0.029283 -0.090749 -0.109469  -0.05562  -0.01035
  0.169975  0.266771  0.188142  0.144507  0.185787  0.119424  0.045643  0.039606  -0.03319  0.031696   0.00289 -0.040549 -0.016848  0.034443 -0.089393 -0.042785
  0.148633  0.203249  0.080939  0.121873  0.138145  0.124621  0.050503  0.014366 -0.041369 -0.005854 -0.076151 -0.046454 -0.048267  0.049018  0.005002 -0.035523 -0.066431
  0.215281  0.200446  0.132236  0.157001  0.199229  0.146104  0.118862   0.04144  0.002332  0.017449  0.034697   0.01703 -0.053845  -0.05795   0.00768  0.005027   0.01443 -0.246695
  0.141357  0.197769     0.119  0.167072    0.1239  0.101609  0.047165 -0.019042 -0.030992  -0.06261  0.017376 -0.018122 -0.023702  0.004046  0.021533 -0.009927 -0.042387 -0.139857 -0.204415
  0.093257  0.137977  0.133999  0.118362  0.117174   0.10128  0.029385 -0.015939  -0.02558 -0.090624  -0.00841 -0.033278  0.031725   0.01364 -0.000502 -0.015377 -0.043748  0.005231  0.050954 -0.246308
  0.079086  0.112295  0.086645  0.011744   0.09263  0.045303  0.095043  0.044532  0.000289 -0.041144  -0.05568 -0.055109 -0.027099  0.029558 -0.031469 -0.029082 -0.123385 -0.063179  0.017775 -0.021909 -0.036007
  0.173242  0.111773  0.135567  0.110448  0.145771   0.14961  0.195814   0.20716  0.127459  0.077997  0.130427  0.126795   0.13478  0.239982   0.11869  0.165209  0.209392   0.12586  0.177374  0.134566  0.124425  0.090406
  0.038917  0.017765  0.069152   0.01215  0.036917  0.083532  0.127881  0.199534  0.064001  0.051858  0.175202  0.083717  0.092292  0.137918  0.075047  0.099054  0.164376  0.188017  0.182564  0.135113  0.072993  0.045034 -0.003812
  0.083115  0.005065  0.036937  0.018759  0.033478   0.02209  0.084812  0.176305 -0.043396 -0.026966  0.055907  0.031579  0.020532  0.075534 -0.016862  0.014762  0.106773  0.102501  0.117314  0.103806  0.078057 -0.006178  0.039354 -0.045188
  0.134466  0.097172  0.069684  0.044867  0.073674  0.077671  0.069794  0.125147  0.093303  0.039486  0.008964  0.052216  0.062057  0.095766  0.076015  0.030243  0.157224   0.07789   0.11037  0.134832  0.049363  0.042319  0.100453   0.07409  0.019419
  0.081422  0.055846  0.071574  0.044489   0.00841  0.007002  0.121516  0.123812  0.092242  0.029973  0.046862  0.020433  0.048711  0.072961  0.004545  0.040746  0.131397  0.109422  0.129421  0.102565  0.035279   0.00402  0.166396  0.028095  0.028501 -0.018273
  0.079962  0.125201  0.029927  0.105752  0.113493  0.082831  0.128807  0.019025  0.127801  0.052905  0.047799  0.058595  0.090075  0.070939   0.08692  0.039596  0.153619  0.050769  0.074078  0.076523   0.05895  0.073053  0.183625  0.090993  0.101864  -0.01809  0.034753
  0.101909  0.070803  0.069283  0.114759  0.081625  0.027899  0.115974  0.125764  0.109229  0.098725   0.08109  0.093494   0.07013  0.101855  0.036697  0.068081  0.173609  0.096495  0.130238  0.133638  0.072438   0.05897  0.151553  0.093375  0.044324 -0.228044 -0.005454   -0.0374
  0.124965  0.136289 -0.025689  0.109462   0.06773  0.044234   0.08872  0.074191  0.105983  0.099716   0.10823  0.047151  0.027904  0.103648  0.112225  0.092991  0.127464  0.100304  0.133347  0.079377  0.087789  0.055048  0.108464  0.095293  0.017969  0.006355  0.046144 -0.016645 -0.027772

distance:
   1.83209
    6.6275   5.35324
   6.37324   4.85015   1.27795
   22.8309   21.4545   16.2035   16.6161
   22.1221   20.7496   15.4946   15.9131  0.710682
   42880.2   42881.6   42886.8   42886.4     42903   42902.3
   42874.2   42875.7   42880.9   42880.5   42897.1   42896.4   6.01328
   42876.3   42877.7   42882.9   42882.6   42899.1   42898.4   4.04298   2.08782
   42873.5   42874.9   42880.1   42879.8   42896.3   42895.6   6.66505   1.17967   3.03535
   42867.7   42869.1   42874.3   42873.9   42890.5   42889.8   12.5338   6.57542   8.65726   5.89241
   42869.5     42871   42876.2   42875.8   42892.4   42891.7   10.8831   4.88274   6.86977   4.54608   2.33634
   42872.1   42873.5   42878.7   42878.3   42894.9   42894.2   8.39011   2.46384   4.35639   2.52324   4.57389   2.53384
   42862.6     42864   42869.2   42868.9   42885.4   42884.7   17.5876    11.652   13.7347   10.9259   5.07749   7.12562   9.58348
   42863.2   42864.6   42869.8   42869.5     42886   42885.3    16.966   11.1837   13.2672    10.327   4.80102   7.08625    9.3606   1.73268
     42857   42858.5   42863.7   42863.3   42879.9   42879.2   23.2412   17.2509    19.311   16.6061   10.7142   12.5026    15.032   5.76331   6.93688
   42858.7   42860.2   42865.4     42865   42881.6   42880.9   21.4906   15.5105   17.5776   14.8467   8.95789   10.8011   13.3226   3.98518   5.20727   1.77813
   42861.8   42863.2   42868.4     42868   42884.6   42883.9   18.4321   12.4814   14.5606   11.7741    5.9069   7.89199   10.3751  0.871539   2.37403   4.89226   3.11418
     42862   42863.4   42868.6   42868.3   42884.8   42884.1   18.1849   12.2362    14.316   11.5264   5.66121   7.65718    10.136  0.626446   2.19875    5.1395   3.36152  0.248523
   42862.4   42863.8     42869   42868.6   42885.2   42884.5   17.8202   11.8683   13.9475   11.1632   5.29389    7.2875   9.76563  0.342115   2.05959   5.48542   3.70892  0.613131  0.370387
   42860.2   42861.6   42866.8   42866.4     42883   42882.3    19.987   14.1077   16.1951   13.3243   7.55849   9.66826   12.1042   2.55278   3.14326   3.92522   2.36215   1.91761   2.10497    2.4506
   42857.3   42858.7   42863.9   42863.6   42880.1   42879.4   22.9459    16.962   19.0263   16.3042   10.4144   12.2333   14.7595   5.43659   6.58145  0.369358   1.45852   4.56703   4.81502   5.16537   3.55772
   11359.8   11361.2   11366.4     11366   11382.6   11381.9   31520.4   31514.5   31516.5   31513.7   31507.9   31509.8   31512.3   31502.8   31503.4   31497.3     31499     31502   31502.2   31502.6   31500.4   31497.5
   11362.6     11364   11369.2   11368.9   11385.4   11384.7   31517.6   31511.6   31513.7   31510.9   31505.1     31507   31509.5     31500   31500.6   31494.5   31496.2   31499.2   31499.4   31499.8   31497.6   31494.7    3.0077
   11361.6   11363.1   11368.3   11367.9   11384.5   11383.8   31518.5   31512.6   31514.7   31511.9     31506   31507.9   31510.4     31501   31501.6   31495.4   31497.1   31500.1   31500.4   31500.7   31498.5   31495.7   2.33752   1.01745
   42881.4   42882.8     42888   42887.6   42904.2   42903.5   19.8755   20.0693   19.2397   21.1913    23.269   21.0527   19.8926    26.691   27.4533   29.9111   28.8328   27.1005    26.952   26.6592   28.9928   29.8381   31521.6   31518.8   31519.7
   25033.4   25034.8     25040   25039.7   25056.2   25055.5   17846.8   17840.9   17842.9   17840.1   17834.3   17836.2   17838.7   17829.2   17829.8   17823.7   17825.4   17828.4   17828.6     17829   17826.8   17823.9   13673.6   13670.8   13671.7     17848
   25042.8   25044.3   25049.5   25049.1   25065.7     25065   17837.3   17831.4   17833.5   17830.6   17824.8   17826.7   17829.2   17819.7   17820.4   17814.2   17815.9   17818.9   17819.2   17819.5   17817.3   17814.5   13683.1   13680.3   13681.2   17838.5   18.3689
   25030.7   25032.1   25037.3   25036.9   25053.5   25052.8   17849.5   17843.6   17845.7   17842.8     17837   17838.9   17841.4   17831.9   17832.5   17826.4   17828.1   17831.1   17831.3   17831.7   17829.5   17826.6   13670.9   13668.1     13669   17850.7   13.4141   12.4531
   25033.7   25035.1   25040.3     25040   25056.5   25055.8   17846.4   17840.5   17842.6   17839.8   17833.9   17835.8   17838.4   17828.9   17829.5   17823.3     17825     17828   17828.3   17828.7   17826.5   17823.6   13673.9   13671.1   13672.1   17847.7   14.9338   9.16261   3.53884

________________________________________________________________

Minimum distance between pairs in regression: 100
Maximum distance between pairs in regression: 100000

Fitting '^a' statistic to a + b (distance)
a = 0.0516975, b = 1.47479e-06

 ABC bootstrap results for SLOPE:
 Point estimate and 95% confidence interval:
1.47479e-06 [ 1.87765e-07 , 2.75449e-06 ]

Unidirectional P-value for [ slope=0 ] : 0.0123865

Mantel test, 1000 permutations
NOTE: Mantel procedure not meaningful on minDist/maxDist selection.
      Using all distances, not directly comparable to regression estimates.

Test of isolation by distance (One tailed Pvalue):
 Pr(correlation > observed correlation) =0 under null hypothesis

Other one tailed Pvalue:
 Pr(correlation < observed correlation) =1 under null hypothesis

 ABC bootstrap results for INTERCEPT:
 Point estimate and 95% confidence interval:
0.0516975 [ 0.0072325 , 0.102773 ]
