0.064845
0.016409	-0.005844
0.039662	0.069433	0.043654
0.104841	0.100868	0.011812	0.005429
0.095524	0.104684	0.062268	-0.023235	-0.053834
0.155335	0.162598	0.146588	0.104254	0.139062	0.061549
0.180061	0.166086	0.143581	0.116965	0.209009	0.076527	0.029668
0.166077	0.117889	0.060439	0.117865	0.099648	0.108563	-0.029478	0.046731
	0.05387	0.133052	0.002633	0.061081	0.069734	0.091926	-0.019887	-0.035514	-0.059506
0.128716	0.177756	0.072281	0.112315	0.133502	0.123189	0.016786	0.05709	-0.024522	-0.073069
0.092772	0.113709	0.055807	0.061208	0.07627	0.098308	-0.038894	0.001491	-0.025	-0.135547	-0.066447
0.142774	0.10619	0.016531	-0.004202	0.067047	0.049257	-0.031567	-0.073029	0.024323	-0.069733	-0.02101	-0.101152
0.183602	0.106397	0.156931	0.147113	0.191892	0.139046	0.130368	0.0292	0.064976	-0.048611	0.026676	0.002796	-0.027385
0.048204	0.048747	0.094763	0.076297	0.09456	0.068557	0.01932	0.00414	-0.026848	-0.061904	-0.030591	-0.055631	-0.02563	0.043759
0.129631	0.079349	0.076767	0.075905	0.12572	0.074141	0.007186	0.044087	-0.013332	-0.097179	-0.029283	-0.090749	-0.109469	-0.05562	-0.01035
0.169975	0.266771	0.188142	0.144507	0.185787	0.119424	0.045643	0.039606	-0.03319	0.031696	0.00289	-0.040549	-0.016848	0.034443	-0.089393	-0.042785
0.148633	0.203249	0.080939	0.121873	0.138145	0.124621	0.050503	0.014366	-0.041369	-0.005854	-0.076151	-0.046454	-0.048267	0.049018	0.005002	-0.035523	-0.066431
0.215281	0.200446	0.132236	0.157001	0.199229	0.146104	0.118862	0.04144	0.002332	0.017449	0.034697	0.01703	-0.053845	-0.05795	0.00768	0.005027	0.01443	-0.246695
0.141357	0.197769	0.119	0.167072	0.1239	0.101609	0.047165	-0.019042	-0.030992	-0.06261	0.017376	-0.018122	-0.023702	0.004046	0.021533	-0.009927	-0.042387	-0.139857	-0.204415
0.093257	0.137977	0.133999	0.118362	0.117174	0.10128	0.029385	-0.015939	-0.02558	-0.090624	-0.00841	-0.033278	0.031725	0.01364	-0.000502	-0.015377	-0.043748	0.005231	0.050954	-0.246308
0.079086	0.112295	0.086645	0.011744	0.09263	0.045303	0.095043	0.044532	0.000289	-0.041144	-0.05568	-0.055109	-0.027099	0.029558	-0.031469	-0.029082	-0.123385	-0.063179	0.017775	-0.021909	-0.036007
0.173242	0.111773	0.135567	0.110448	0.145771	0.14961	0.195814	0.20716	0.127459	0.077997	0.130427	0.126795	0.13478	0.239982	0.11869	0.165209	0.209392	0.12586	0.177374	0.134566	0.124425	0.090406
0.038917	0.017765	0.069152	0.01215	0.036917	0.083532	0.127881	0.199534	0.064001	0.051858	0.175202	0.083717	0.092292	0.137918	0.075047	0.099054	0.164376	0.188017	0.182564	0.135113	0.072993	0.045034	-0.003812
0.083115	0.005065	0.036937	0.018759	0.033478	0.02209	0.084812	0.176305	-0.043396	-0.026966	0.055907	0.031579	0.020532	0.075534	-0.016862	0.014762	0.106773	0.102501	0.117314	0.103806	0.078057	-0.006178	0.039354	-0.045188
0.134466	0.097172	0.069684	0.044867	0.073674	0.077671	0.069794	0.125147	0.093303	0.039486	0.008964	0.052216	0.062057	0.095766	0.076015	0.030243	0.157224	0.07789	0.11037	0.134832	0.049363	0.042319	0.100453	0.07409	0.019419
0.081422	0.055846	0.071574	0.044489	0.00841	0.007002	0.121516	0.123812	0.092242	0.029973	0.046862	0.020433	0.048711	0.072961	0.004545	0.040746	0.131397	0.109422	0.129421	0.102565	0.035279	0.00402	0.166396	0.028095	0.028501	-0.018273
0.079962	0.125201	0.029927	0.105752	0.113493	0.082831	0.128807	0.019025	0.127801	0.052905	0.047799	0.058595	0.090075	0.070939	0.08692	0.039596	0.153619	0.050769	0.074078	0.076523	0.05895	0.073053	0.183625	0.090993	0.101864	-0.01809	0.034753
0.101909	0.070803	0.069283	0.114759	0.081625	0.027899	0.115974	0.125764	0.109229	0.098725	0.08109	0.093494	0.07013	0.101855	0.036697	0.068081	0.173609	0.096495	0.130238	0.133638	0.072438	0.05897	0.151553	0.093375	0.044324	-0.228044	-0.005454	-0.0374
0.124965	0.136289	-0.025689	0.109462	0.06773	0.044234	0.08872	0.074191	0.105983	0.099716	0.10823	0.047151	0.027904	0.103648	0.112225	0.092991	0.127464	0.100304	0.133347	0.079377	0.087789	0.055048	0.108464	0.095293	0.017969	0.006355	0.046144	-0.016645	-0.027772
